AAAAAAAA 1 0 0 0 1 0 0 0 0 0 0 0 0 0 0 0 0 0 0 0 1 0 0 0 0 0 0 0 0 0 0 0 0 0 0 0 0 0 0 0 0 0 0 0 0 0 0 0 0 0 0 0 0 0 0 0 0 0 0 0 0 0 0 0 0 0 0 0 0 0 0 0 0 0 0 0 0 0 0 0 0 0 0 0 
AAAAAAAT 0.875 0 0 0.125 0.857143 0 0 0.142857 0 0 0 0 0 0 0 0 0 0 0 0 0.833333 0 0 0.166667 0 0 0 0 0 0 0 0 0 0 0 0 0 0 0 0 0 0 0 0 0 0 0 0 0 0 0 0 0 0 0 0 0 0 0 0 0 0 0 0 0 0 0 0 0 0 0 0 0 0 0 0 0 0 0 0 0 0 0 0 
AAAAAATC 0.75 0.125 0 0.125 0.714286 0 0 0.142857 0 0 0 0 0 0 0 0 0 0.142857 0 0 0.666667 0 0 0.166667 0 0 0 0 0 0 0 0 0 0.166667 0 0 0 0 0 0 0 0 0 0 0 0 0 0 0 0 0 0 0 0 0 0 0 0 0 0 0 0 0 0 0 0 0 0 0 0 0 0 0 0 0 0 0 0 0 0 0 0 0 0 
AAACAAAA 0.875 0.125 0 0 0.714286 0.142857 0 0 0.142857 0 0 0 0 0 0 0 0 0 0 0 0.5 0.166667 0 0 0.166667 0 0 0 0 0 0 0 0 0 0 0 0.166667 0 0 0 0 0 0 0 0 0 0 0 0 0 0 0 0 0 0 0 0 0 0 0 0 0 0 0 0 0 0 0 0 0 0 0 0 0 0 0 0 0 0 0 0 0 0 0 
AACAAAAG 0.75 0.125 0.125 0 0.571429 0.142857 0.142857 0 0.142857 0 0 0 0 0 0 0 0 0 0 0 0.333333 0.166667 0.166667 0 0.166667 0 0 0 0 0 0 0 0 0 0 0 0.166667 0 0 0 0 0 0 0 0 0 0 0 0 0 0 0 0 0 0 0 0 0 0 0 0 0 0 0 0 0 0 0 0 0 0 0 0 0 0 0 0 0 0 0 0 0 0 0 
AACACAAA 0.75 0.25 0 0 0.428571 0.285714 0 0 0.285714 0 0 0 0 0 0 0 0 0 0 0 0.166667 0.166667 0 0 0.333333 0 0 0 0 0 0 0 0 0 0 0 0.166667 0.166667 0 0 0 0 0 0 0 0 0 0 0 0 0 0 0 0 0 0 0 0 0 0 0 0 0 0 0 0 0 0 0 0 0 0 0 0 0 0 0 0 0 0 0 0 0 0 
AACCACAA 0.625 0.375 0 0 0.285714 0.285714 0 0 0.285714 0.142857 0 0 0 0 0 0 0 0 0 0 0 0.166667 0 0 0.166667 0.166667 0 0 0 0 0 0 0 0 0 0 0.166667 0.166667 0 0 0.166667 0 0 0 0 0 0 0 0 0 0 0 0 0 0 0 0 0 0 0 0 0 0 0 0 0 0 0 0 0 0 0 0 0 0 0 0 0 0 0 0 0 0 0 
AAGAAGAA 0.75 0 0.25 0 0.428571 0 0.285714 0 0 0 0 0 0.285714 0 0 0 0 0 0 0 0 0 0.333333 0 0 0 0 0 0.333333 0 0 0 0 0 0 0 0 0 0 0 0 0 0 0 0 0 0 0 0 0 0 0 0.333333 0 0 0 0 0 0 0 0 0 0 0 0 0 0 0 0 0 0 0 0 0 0 0 0 0 0 0 0 0 0 0 
AAGGGGGG 0.25 0 0.75 0 0.142857 0 0.142857 0 0 0 0 0 0 0 0.714286 0 0 0 0 0 0 0 0.166667 0 0 0 0 0 0 0 0.166667 0 0 0 0 0 0 0 0 0 0 0 0 0 0 0 0 0 0 0 0 0 0 0 0 0 0 0 0 0 0 0 0.666667 0 0 0 0 0 0 0 0 0 0 0 0 0 0 0 0 0 0 0 0 0 
AATTTGTG 0.25 0 0.25 0.5 0.142857 0 0 0.142857 0 0 0 0 0 0 0 0.142857 0 0 0.285714 0.285714 0 0 0 0.166667 0 0 0 0 0 0 0 0 0 0 0 0.166667 0 0 0 0 0 0 0 0 0 0 0 0 0 0 0 0 0 0 0 0 0 0 0 0 0 0 0 0 0 0 0.166667 0 0 0 0 0 0 0 0 0 0 0 0 0.166667 0 0 0.166667 0.166667 
AATTTTTG 0.25 0 0.125 0.625 0.142857 0 0 0.142857 0 0 0 0 0 0 0 0 0 0 0.142857 0.571429 0 0 0 0.166667 0 0 0 0 0 0 0 0 0 0 0 0.166667 0 0 0 0 0 0 0 0 0 0 0 0 0 0 0 0 0 0 0 0 0 0 0 0 0 0 0 0 0 0 0 0 0 0 0 0 0 0 0 0 0 0 0 0 0 0 0.166667 0.5 
ACAAAAAA 0.875 0.125 0 0 0.714286 0.142857 0 0 0.142857 0 0 0 0 0 0 0 0 0 0 0 0.666667 0 0 0 0.166667 0 0 0 0 0 0 0 0 0 0 0 0.166667 0 0 0 0 0 0 0 0 0 0 0 0 0 0 0 0 0 0 0 0 0 0 0 0 0 0 0 0 0 0 0 0 0 0 0 0 0 0 0 0 0 0 0 0 0 0 0 
ACAAAAAC 0.75 0.25 0 0 0.571429 0.285714 0 0 0.142857 0 0 0 0 0 0 0 0 0 0 0 0.5 0.166667 0 0 0.166667 0 0 0 0 0 0 0 0 0 0 0 0.166667 0 0 0 0 0 0 0 0 0 0 0 0 0 0 0 0 0 0 0 0 0 0 0 0 0 0 0 0 0 0 0 0 0 0 0 0 0 0 0 0 0 0 0 0 0 0 0 
ACAAAAAG 0.75 0.125 0.125 0 0.571429 0.142857 0.142857 0 0.142857 0 0 0 0 0 0 0 0 0 0 0 0.5 0 0.166667 0 0.166667 0 0 0 0 0 0 0 0 0 0 0 0.166667 0 0 0 0 0 0 0 0 0 0 0 0 0 0 0 0 0 0 0 0 0 0 0 0 0 0 0 0 0 0 0 0 0 0 0 0 0 0 0 0 0 0 0 0 0 0 0 
ACAAAAAT 0.75 0.125 0 0.125 0.571429 0.142857 0 0.142857 0.142857 0 0 0 0 0 0 0 0 0 0 0 0.5 0 0 0.166667 0.166667 0 0 0 0 0 0 0 0 0 0 0 0.166667 0 0 0 0 0 0 0 0 0 0 0 0 0 0 0 0 0 0 0 0 0 0 0 0 0 0 0 0 0 0 0 0 0 0 0 0 0 0 0 0 0 0 0 0 0 0 0 
ACAAAACC 0.625 0.375 0 0 0.428571 0.285714 0 0 0.142857 0.142857 0 0 0 0 0 0 0 0 0 0 0.333333 0.166667 0 0 0.166667 0.166667 0 0 0 0 0 0 0 0 0 0 0.166667 0 0 0 0 0 0 0 0 0 0 0 0 0 0 0 0 0 0 0 0 0 0 0 0 0 0 0 0 0 0 0 0 0 0 0 0 0 0 0 0 0 0 0 0 0 0 0 
ACAAAAGC 0.625 0.25 0.125 0 0.428571 0.142857 0.142857 0 0.142857 0 0 0 0 0.142857 0 0 0 0 0 0 0.333333 0 0.166667 0 0.166667 0 0 0 0 0.166667 0 0 0 0 0 0 0.166667 0 0 0 0 0 0 0 0 0 0 0 0 0 0 0 0 0 0 0 0 0 0 0 0 0 0 0 0 0 0 0 0 0 0 0 0 0 0 0 0 0 0 0 0 0 0 0 
ACAAAATA 0.75 0.125 0 0.125 0.428571 0.142857 0 0.142857 0.142857 0 0 0 0 0 0 0 0.142857 0 0 0 0.333333 0 0 0.166667 0.166667 0 0 0 0 0 0 0 0.166667 0 0 0 0.166667 0 0 0 0 0 0 0 0 0 0 0 0 0 0 0 0 0 0 0 0 0 0 0 0 0 0 0 0 0 0 0 0 0 0 0 0 0 0 0 0 0 0 0 0 0 0 0 
ACAAAATC 0.625 0.25 0 0.125 0.428571 0.142857 0 0.142857 0.142857 0 0 0 0 0 0 0 0 0.142857 0 0 0.333333 0 0 0.166667 0.166667 0 0 0 0 0 0 0 0 0.166667 0 0 0.166667 0 0 0 0 0 0 0 0 0 0 0 0 0 0 0 0 0 0 0 0 0 0 0 0 0 0 0 0 0 0 0 0 0 0 0 0 0 0 0 0 0 0 0 0 0 0 0 
ACAAAGAA 0.75 0.125 0.125 0 0.428571 0.142857 0.142857 0 0.142857 0 0 0 0.142857 0 0 0 0 0 0 0 0.166667 0 0.166667 0 0.166667 0 0 0 0.166667 0 0 0 0 0 0 0 0.166667 0 0 0 0 0 0 0 0 0 0 0 0 0 0 0 0.166667 0 0 0 0 0 0 0 0 0 0 0 0 0 0 0 0 0 0 0 0 0 0 0 0 0 0 0 0 0 0 0 
ACAAAGAT 0.625 0.125 0.125 0.125 0.285714 0.142857 0.142857 0.142857 0.142857 0 0 0 0.142857 0 0 0 0 0 0 0 0.166667 0 0.166667 0 0.166667 0 0 0 0.166667 0 0 0 0 0 0 0 0.166667 0 0 0 0 0 0 0 0 0 0 0 0 0 0 0 0 0 0 0.166667 0 0 0 0 0 0 0 0 0 0 0 0 0 0 0 0 0 0 0 0 0 0 0 0 0 0 0 0 
ACACAAAA 0.75 0.25 0 0 0.428571 0.285714 0 0 0.285714 0 0 0 0 0 0 0 0 0 0 0 0.333333 0 0 0 0.333333 0 0 0 0 0 0 0 0 0 0 0 0.166667 0.166667 0 0 0 0 0 0 0 0 0 0 0 0 0 0 0 0 0 0 0 0 0 0 0 0 0 0 0 0 0 0 0 0 0 0 0 0 0 0 0 0 0 0 0 0 0 0 
ACACAAAC 0.625 0.375 0 0 0.285714 0.428571 0 0 0.285714 0 0 0 0 0 0 0 0 0 0 0 0.166667 0.166667 0 0 0.333333 0 0 0 0 0 0 0 0 0 0 0 0.166667 0.166667 0 0 0 0 0 0 0 0 0 0 0 0 0 0 0 0 0 0 0 0 0 0 0 0 0 0 0 0 0 0 0 0 0 0 0 0 0 0 0 0 0 0 0 0 0 0 
ACACAAAG 0.625 0.25 0.125 0 0.285714 0.285714 0.142857 0 0.285714 0 0 0 0 0 0 0 0 0 0 0 0.166667 0 0.166667 0 0.333333 0 0 0 0 0 0 0 0 0 0 0 0.166667 0.166667 0 0 0 0 0 0 0 0 0 0 0 0 0 0 0 0 0 0 0 0 0 0 0 0 0 0 0 0 0 0 0 0 0 0 0 0 0 0 0 0 0 0 0 0 0 0 
ACACAAAT 0.625 0.25 0 0.125 0.285714 0.285714 0 0.142857 0.285714 0 0 0 0 0 0 0 0 0 0 0 0.166667 0 0 0.166667 0.333333 0 0 0 0 0 0 0 0 0 0 0 0.166667 0.166667 0 0 0 0 0 0 0 0 0 0 0 0 0 0 0 0 0 0 0 0 0 0 0 0 0 0 0 0 0 0 0 0 0 0 0 0 0 0 0 0 0 0 0 0 0 0 
ACACAATA 0.625 0.25 0 0.125 0.142857 0.285714 0 0.142857 0.285714 0 0 0 0 0 0 0 0.142857 0 0 0 0 0 0 0.166667 0.333333 0 0 0 0 0 0 0 0.166667 0 0 0 0.166667 0.166667 0 0 0 0 0 0 0 0 0 0 0 0 0 0 0 0 0 0 0 0 0 0 0 0 0 0 0 0 0 0 0 0 0 0 0 0 0 0 0 0 0 0 0 0 0 0 
ACACAGAA 0.625 0.25 0.125 0 0.142857 0.285714 0.142857 0 0.285714 0 0 0 0.142857 0 0 0 0 0 0 0 0 0 0 0 0.333333 0 0 0 0.166667 0 0 0 0 0 0 0 0 0.166667 0.166667 0 0 0 0 0 0 0 0 0 0 0 0 0 0.166667 0 0 0 0 0 0 0 0 0 0 0 0 0 0 0 0 0 0 0 0 0 0 0 0 0 0 0 0 0 0 0 
ACAGAAAA 0.75 0.125 0.125 0 0.428571 0.142857 0.142857 0 0.142857 0 0 0 0.142857 0 0 0 0 0 0 0 0.333333 0 0 0 0.166667 0 0 0 0.166667 0 0 0 0 0 0 0 0 0 0.166667 0 0 0 0 0 0 0 0 0 0 0 0 0 0.166667 0 0 0 0 0 0 0 0 0 0 0 0 0 0 0 0 0 0 0 0 0 0 0 0 0 0 0 0 0 0 0 
ACCACAAA 0.625 0.375 0 0 0.285714 0.285714 0 0 0.285714 0.142857 0 0 0 0 0 0 0 0 0 0 0.166667 0 0 0 0.166667 0.166667 0 0 0 0 0 0 0 0 0 0 0.166667 0.166667 0 0 0.166667 0 0 0 0 0 0 0 0 0 0 0 0 0 0 0 0 0 0 0 0 0 0 0 0 0 0 0 0 0 0 0 0 0 0 0 0 0 0 0 0 0 0 0 
ACGGGGGA 0.25 0.125 0.625 0 0 0.142857 0 0 0 0 0.142857 0 0.142857 0 0.571429 0 0 0 0 0 0 0 0 0 0 0 0.166667 0 0 0 0 0 0 0 0 0 0 0 0 0 0 0 0 0 0 0 0.166667 0 0 0 0 0 0 0 0 0 0 0 0 0 0.166667 0 0.5 0 0 0 0 0 0 0 0 0 0 0 0 0 0 0 0 0 0 0 0 0 
ACTTTGTG 0.125 0.125 0.25 0.5 0 0.142857 0 0 0 0 0 0.142857 0 0 0 0.142857 0 0 0.285714 0.285714 0 0 0 0 0 0 0 0.166667 0 0 0 0 0 0 0 0 0 0 0 0 0 0 0 0 0 0 0 0 0 0 0 0.166667 0 0 0 0 0 0 0 0 0 0 0 0 0 0 0.166667 0 0 0 0 0 0 0 0 0 0 0 0 0.166667 0 0 0.166667 0.166667 
AGACACAA 0.625 0.25 0.125 0 0.142857 0.285714 0.142857 0 0.285714 0 0 0 0.142857 0 0 0 0 0 0 0 0 0 0 0 0.333333 0 0 0 0.166667 0 0 0 0 0 0 0 0.166667 0.166667 0 0 0 0 0 0 0 0 0 0 0 0 0 0 0 0.166667 0 0 0 0 0 0 0 0 0 0 0 0 0 0 0 0 0 0 0 0 0 0 0 0 0 0 0 0 0 0 
AGAGGGGG 0.25 0 0.75 0 0 0 0.285714 0 0 0 0 0 0.142857 0 0.571429 0 0 0 0 0 0 0 0 0 0 0 0 0 0.166667 0 0.166667 0 0 0 0 0 0 0 0 0 0 0 0 0 0 0 0 0 0 0 0 0 0 0 0.166667 0 0 0 0 0 0 0 0.5 0 0 0 0 0 0 0 0 0 0 0 0 0 0 0 0 0 0 0 0 0 
AGCACAAA 0.625 0.25 0.125 0 0.285714 0.142857 0.142857 0 0.285714 0 0 0 0 0.142857 0 0 0 0 0 0 0.166667 0 0 0 0.166667 0 0 0 0 0.166667 0 0 0 0 0 0 0.166667 0.166667 0 0 0 0 0 0 0 0 0 0 0 0 0 0 0 0 0 0 0.166667 0 0 0 0 0 0 0 0 0 0 0 0 0 0 0 0 0 0 0 0 0 0 0 0 0 0 0 
AGCCACAA 0.5 0.375 0.125 0 0.142857 0.142857 0.142857 0 0.285714 0.142857 0 0 0 0.142857 0 0 0 0 0 0 0 0 0 0 0.166667 0 0 0 0 0.166667 0 0 0 0 0 0 0.166667 0.166667 0 0 0.166667 0 0 0 0 0 0 0 0 0 0 0 0 0 0 0 0 0.166667 0 0 0 0 0 0 0 0 0 0 0 0 0 0 0 0 0 0 0 0 0 0 0 0 0 0 
AGGGGGAA 0.375 0 0.625 0 0.142857 0 0.142857 0 0 0 0 0 0.142857 0 0.571429 0 0 0 0 0 0 0 0 0 0 0 0 0 0 0 0.166667 0 0 0 0 0 0 0 0 0 0 0 0 0 0 0 0 0 0 0 0 0 0.166667 0 0 0 0 0 0 0 0.166667 0 0.5 0 0 0 0 0 0 0 0 0 0 0 0 0 0 0 0 0 0 0 0 0 
AGGGGGAG 0.25 0 0.75 0 0 0 0.285714 0 0 0 0 0 0.142857 0 0.571429 0 0 0 0 0 0 0 0 0 0 0 0 0 0 0 0.166667 0 0 0 0 0 0 0 0 0 0 0 0 0 0 0 0 0 0 0 0 0 0 0 0.166667 0 0 0 0 0 0.166667 0 0.5 0 0 0 0 0 0 0 0 0 0 0 0 0 0 0 0 0 0 0 0 0 
AGTACAAA 0.625 0.125 0.125 0.125 0.285714 0.142857 0.142857 0 0.142857 0 0 0 0 0 0 0.142857 0.142857 0 0 0 0.166667 0 0 0 0.166667 0 0 0 0 0 0 0.166667 0 0 0 0 0.166667 0 0 0 0 0 0 0 0 0 0 0 0 0 0 0 0 0 0 0 0 0 0 0 0 0 0 0 0.166667 0 0 0 0 0.166667 0 0 0 0 0 0 0 0 0 0 0 0 0 0 
AGTTTGTG 0.125 0 0.375 0.5 0 0 0.142857 0 0 0 0 0 0 0 0 0.285714 0 0 0.285714 0.285714 0 0 0 0 0 0 0 0 0 0 0 0.166667 0 0 0 0 0 0 0 0 0 0 0 0 0 0 0 0 0 0 0 0 0 0 0 0 0 0 0 0 0 0 0 0 0 0 0.166667 0.166667 0 0 0 0 0 0 0 0 0 0 0 0.166667 0 0 0.166667 0.166667 
ATACTTCA 0.375 0.25 0 0.375 0 0.142857 0 0.142857 0.142857 0 0 0.142857 0 0 0 0 0.142857 0.142857 0 0.142857 0 0 0 0 0 0 0 0.166667 0 0 0 0 0.166667 0 0 0 0 0 0 0 0 0 0 0 0 0 0 0 0 0 0 0.166667 0 0 0 0 0 0 0 0 0 0 0 0 0 0 0 0 0 0.166667 0 0 0.166667 0 0 0 0 0 0 0 0 0.166667 0 0 
ATCACAAA 0.625 0.25 0 0.125 0.285714 0.142857 0 0.142857 0.285714 0 0 0 0 0 0 0 0 0.142857 0 0 0.166667 0 0 0 0.166667 0 0 0 0 0 0 0 0 0.166667 0 0 0.166667 0.166667 0 0 0 0 0 0 0 0 0 0 0 0 0 0 0 0 0 0 0 0 0 0 0 0 0 0 0 0 0 0 0 0 0 0 0.166667 0 0 0 0 0 0 0 0 0 0 0 
ATTCAAAA 0.625 0.125 0 0.25 0.428571 0 0 0.142857 0.142857 0 0 0 0 0 0 0 0 0.142857 0 0.142857 0.333333 0 0 0 0 0 0 0 0 0 0 0 0 0 0 0.166667 0.166667 0 0 0 0 0 0 0 0 0 0 0 0 0 0 0 0 0 0 0 0 0 0 0 0 0 0 0 0 0 0 0 0 0 0 0 0.166667 0 0 0 0 0 0 0 0 0.166667 0 0 
ATTGTGGC 0.125 0.125 0.375 0.375 0 0 0 0.142857 0 0 0 0 0 0.142857 0.142857 0.142857 0 0 0.285714 0.142857 0 0 0 0 0 0 0 0 0 0 0 0 0 0 0 0.166667 0 0 0 0 0 0 0 0 0 0 0 0 0 0 0 0 0 0 0 0 0 0 0 0 0 0.166667 0 0 0 0 0.166667 0 0 0 0 0 0 0 0 0 0 0 0.166667 0.166667 0 0 0.166667 0 
ATTGTGTC 0.125 0.125 0.25 0.5 0 0 0 0.142857 0 0 0 0 0 0 0 0.285714 0 0.142857 0.285714 0.142857 0 0 0 0 0 0 0 0 0 0 0 0 0 0 0 0.166667 0 0 0 0 0 0 0 0 0 0 0 0 0 0 0 0 0 0 0 0 0 0 0 0 0 0 0 0 0 0.166667 0.166667 0 0 0 0 0 0 0 0 0 0 0 0 0.333333 0 0 0.166667 0 
ATTTAAAA 0.625 0 0 0.375 0.428571 0 0 0.142857 0 0 0 0 0 0 0 0 0.142857 0 0 0.285714 0.333333 0 0 0 0 0 0 0 0 0 0 0 0 0 0 0.166667 0 0 0 0 0 0 0 0 0 0 0 0 0 0 0 0 0 0 0 0 0 0 0 0 0 0 0 0 0 0 0 0 0.166667 0 0 0 0 0 0 0 0 0 0 0 0.166667 0 0 0.166667 
ATTTGTGG 0.125 0 0.375 0.5 0 0 0 0.142857 0 0 0 0 0 0 0.142857 0.142857 0 0 0.285714 0.285714 0 0 0 0 0 0 0 0 0 0 0 0 0 0 0 0.166667 0 0 0 0 0 0 0 0 0 0 0 0 0 0 0 0 0 0 0 0 0 0 0 0 0 0 0 0 0 0 0.166667 0 0 0 0 0 0 0 0 0 0 0 0.166667 0.166667 0 0 0.166667 0.166667 
ATTTTGTA 0.25 0 0.125 0.625 0 0 0 0.142857 0 0 0 0 0 0 0 0.142857 0.142857 0 0.142857 0.428571 0 0 0 0 0 0 0 0 0 0 0 0 0 0 0 0.166667 0 0 0 0 0 0 0 0 0 0 0 0 0 0 0 0 0 0 0 0 0 0 0 0 0 0 0 0 0.166667 0 0 0 0 0 0 0 0 0 0 0 0 0 0 0.166667 0 0 0.166667 0.333333 
ATTTTGTG 0.125 0 0.25 0.625 0 0 0 0.142857 0 0 0 0 0 0 0 0.142857 0 0 0.285714 0.428571 0 0 0 0 0 0 0 0 0 0 0 0 0 0 0 0.166667 0 0 0 0 0 0 0 0 0 0 0 0 0 0 0 0 0 0 0 0 0 0 0 0 0 0 0 0 0 0 0.166667 0 0 0 0 0 0 0 0 0 0 0 0 0.166667 0 0 0.166667 0.333333 
ATTTTTGC 0.125 0.125 0.125 0.625 0 0 0 0.142857 0 0 0 0 0 0.142857 0 0 0 0 0.142857 0.571429 0 0 0 0 0 0 0 0 0 0 0 0 0 0 0 0.166667 0 0 0 0 0 0 0 0 0 0 0 0 0 0 0 0 0 0 0 0 0 0 0 0 0 0 0 0 0 0 0 0 0 0 0 0 0 0 0 0 0 0.166667 0 0 0 0 0.166667 0.5 
ATTTTTTC 0.125 0.125 0 0.75 0 0 0 0.142857 0 0 0 0 0 0 0 0 0 0.142857 0 0.714286 0 0 0 0 0 0 0 0 0 0 0 0 0 0 0 0.166667 0 0 0 0 0 0 0 0 0 0 0 0 0 0 0 0 0 0 0 0 0 0 0 0 0 0 0 0 0 0 0 0 0 0 0 0 0 0 0 0 0 0 0 0 0 0.166667 0 0.666667 
CAAAAAAA 0.875 0.125 0 0 0.857143 0 0 0 0.142857 0 0 0 0 0 0 0 0 0 0 0 0.833333 0 0 0 0 0 0 0 0 0 0 0 0 0 0 0 0.166667 0 0 0 0 0 0 0 0 0 0 0 0 0 0 0 0 0 0 0 0 0 0 0 0 0 0 0 0 0 0 0 0 0 0 0 0 0 0 0 0 0 0 0 0 0 0 0 
CAAAAAGC 0.625 0.25 0.125 0 0.571429 0 0.142857 0 0.142857 0 0 0 0 0.142857 0 0 0 0 0 0 0.5 0 0.166667 0 0 0 0 0 0 0.166667 0 0 0 0 0 0 0.166667 0 0 0 0 0 0 0 0 0 0 0 0 0 0 0 0 0 0 0 0 0 0 0 0 0 0 0 0 0 0 0 0 0 0 0 0 0 0 0 0 0 0 0 0 0 0 0 
CAAAAATA 0.75 0.125 0 0.125 0.571429 0 0 0.142857 0.142857 0 0 0 0 0 0 0 0.142857 0 0 0 0.5 0 0 0.166667 0 0 0 0 0 0 0 0 0.166667 0 0 0 0.166667 0 0 0 0 0 0 0 0 0 0 0 0 0 0 0 0 0 0 0 0 0 0 0 0 0 0 0 0 0 0 0 0 0 0 0 0 0 0 0 0 0 0 0 0 0 0 0 
CAAAGAAC 0.625 0.25 0.125 0 0.428571 0.142857 0.142857 0 0.142857 0 0 0 0.142857 0 0 0 0 0 0 0 0.166667 0.166667 0.166667 0 0 0 0 0 0.166667 0 0 0 0 0 0 0 0.166667 0 0 0 0 0 0 0 0 0 0 0 0 0 0 0 0.166667 0 0 0 0 0 0 0 0 0 0 0 0 0 0 0 0 0 0 0 0 0 0 0 0 0 0 0 0 0 0 0 
CACAAAAA 0.75 0.25 0 0 0.571429 0.142857 0 0 0.285714 0 0 0 0 0 0 0 0 0 0 0 0.5 0 0 0 0.166667 0 0 0 0 0 0 0 0 0 0 0 0.166667 0.166667 0 0 0 0 0 0 0 0 0 0 0 0 0 0 0 0 0 0 0 0 0 0 0 0 0 0 0 0 0 0 0 0 0 0 0 0 0 0 0 0 0 0 0 0 0 0 
CACAAAAC 0.625 0.375 0 0 0.428571 0.285714 0 0 0.285714 0 0 0 0 0 0 0 0 0 0 0 0.333333 0.166667 0 0 0.166667 0 0 0 0 0 0 0 0 0 0 0 0.166667 0.166667 0 0 0 0 0 0 0 0 0 0 0 0 0 0 0 0 0 0 0 0 0 0 0 0 0 0 0 0 0 0 0 0 0 0 0 0 0 0 0 0 0 0 0 0 0 0 
CACAAAAG 0.625 0.25 0.125 0 0.428571 0.142857 0.142857 0 0.285714 0 0 0 0 0 0 0 0 0 0 0 0.333333 0 0.166667 0 0.166667 0 0 0 0 0 0 0 0 0 0 0 0.166667 0.166667 0 0 0 0 0 0 0 0 0 0 0 0 0 0 0 0 0 0 0 0 0 0 0 0 0 0 0 0 0 0 0 0 0 0 0 0 0 0 0 0 0 0 0 0 0 0 
CACAAACA 0.625 0.375 0 0 0.285714 0.285714 0 0 0.428571 0 0 0 0 0 0 0 0 0 0 0 0.166667 0.166667 0 0 0.333333 0 0 0 0 0 0 0 0 0 0 0 0.166667 0.166667 0 0 0 0 0 0 0 0 0 0 0 0 0 0 0 0 0 0 0 0 0 0 0 0 0 0 0 0 0 0 0 0 0 0 0 0 0 0 0 0 0 0 0 0 0 0 
CACAAAGA 0.625 0.25 0.125 0 0.285714 0.142857 0.142857 0 0.285714 0 0 0 0.142857 0 0 0 0 0 0 0 0.166667 0 0.166667 0 0.166667 0 0 0 0.166667 0 0 0 0 0 0 0 0.166667 0.166667 0 0 0 0 0 0 0 0 0 0 0 0 0 0 0 0 0 0 0 0 0 0 0 0 0 0 0 0 0 0 0 0 0 0 0 0 0 0 0 0 0 0 0 0 0 0 
CACAAAGC 0.5 0.375 0.125 0 0.285714 0.142857 0.142857 0 0.285714 0 0 0 0 0.142857 0 0 0 0 0 0 0.166667 0 0.166667 0 0.166667 0 0 0 0 0.166667 0 0 0 0 0 0 0.166667 0.166667 0 0 0 0 0 0 0 0 0 0 0 0 0 0 0 0 0 0 0 0 0 0 0 0 0 0 0 0 0 0 0 0 0 0 0 0 0 0 0 0 0 0 0 0 0 0 
CACAAATA 0.625 0.25 0 0.125 0.285714 0.142857 0 0.142857 0.285714 0 0 0 0 0 0 0 0.142857 0 0 0 0.166667 0 0 0.166667 0.166667 0 0 0 0 0 0 0 0.166667 0 0 0 0.166667 0.166667 0 0 0 0 0 0 0 0 0 0 0 0 0 0 0 0 0 0 0 0 0 0 0 0 0 0 0 0 0 0 0 0 0 0 0 0 0 0 0 0 0 0 0 0 0 0 
CACAAATG 0.5 0.25 0.125 0.125 0.285714 0.142857 0 0.142857 0.285714 0 0 0 0 0 0 0 0 0 0.142857 0 0.166667 0 0 0.166667 0.166667 0 0 0 0 0 0 0 0 0 0.166667 0 0.166667 0.166667 0 0 0 0 0 0 0 0 0 0 0 0 0 0 0 0 0 0 0 0 0 0 0 0 0 0 0 0 0 0 0 0 0 0 0 0 0 0 0 0 0 0 0 0 0 0 
CACAATAA 0.625 0.25 0 0.125 0.285714 0.142857 0 0.142857 0.285714 0 0 0 0 0 0 0 0.142857 0 0 0 0 0 0 0.166667 0.166667 0 0 0 0 0 0 0 0.166667 0 0 0 0.166667 0.166667 0 0 0 0 0 0 0 0 0 0 0 0 0 0 0 0 0 0 0 0 0 0 0 0 0 0 0 0 0 0 0.166667 0 0 0 0 0 0 0 0 0 0 0 0 0 0 0 
CAGAAAAA 0.75 0.125 0.125 0 0.571429 0 0.142857 0 0.142857 0 0 0 0.142857 0 0 0 0 0 0 0 0.5 0 0 0 0 0 0 0 0.166667 0 0 0 0 0 0 0 0 0 0.166667 0 0 0 0 0 0 0 0 0 0 0 0 0 0.166667 0 0 0 0 0 0 0 0 0 0 0 0 0 0 0 0 0 0 0 0 0 0 0 0 0 0 0 0 0 0 0 
CCAAAATA 0.625 0.25 0 0.125 0.428571 0 0 0.142857 0.142857 0.142857 0 0 0 0 0 0 0.142857 0 0 0 0.333333 0 0 0.166667 0 0 0 0 0 0 0 0 0.166667 0 0 0 0.166667 0 0 0 0.166667 0 0 0 0 0 0 0 0 0 0 0 0 0 0 0 0 0 0 0 0 0 0 0 0 0 0 0 0 0 0 0 0 0 0 0 0 0 0 0 0 0 0 0 
CCACAAAA 0.625 0.375 0 0 0.428571 0.142857 0 0 0.285714 0.142857 0 0 0 0 0 0 0 0 0 0 0.333333 0 0 0 0.166667 0 0 0 0 0 0 0 0 0 0 0 0.166667 0.166667 0 0 0.166667 0 0 0 0 0 0 0 0 0 0 0 0 0 0 0 0 0 0 0 0 0 0 0 0 0 0 0 0 0 0 0 0 0 0 0 0 0 0 0 0 0 0 0 
CCACAAAC 0.5 0.5 0 0 0.285714 0.285714 0 0 0.285714 0.142857 0 0 0 0 0 0 0 0 0 0 0.166667 0.166667 0 0 0.166667 0 0 0 0 0 0 0 0 0 0 0 0.166667 0.166667 0 0 0.166667 0 0 0 0 0 0 0 0 0 0 0 0 0 0 0 0 0 0 0 0 0 0 0 0 0 0 0 0 0 0 0 0 0 0 0 0 0 0 0 0 0 0 0 
CCACAAAG 0.5 0.375 0.125 0 0.285714 0.142857 0.142857 0 0.285714 0.142857 0 0 0 0 0 0 0 0 0 0 0.166667 0 0.166667 0 0.166667 0 0 0 0 0 0 0 0 0 0 0 0.166667 0.166667 0 0 0.166667 0 0 0 0 0 0 0 0 0 0 0 0 0 0 0 0 0 0 0 0 0 0 0 0 0 0 0 0 0 0 0 0 0 0 0 0 0 0 0 0 0 0 0 
CCACAATA 0.5 0.375 0 0.125 0.142857 0.142857 0 0.142857 0.285714 0.142857 0 0 0 0 0 0 0.142857 0 0 0 0 0 0 0.166667 0.166667 0 0 0 0 0 0 0 0.166667 0 0 0 0.166667 0.166667 0 0 0.166667 0 0 0 0 0 0 0 0 0 0 0 0 0 0 0 0 0 0 0 0 0 0 0 0 0 0 0 0 0 0 0 0 0 0 0 0 0 0 0 0 0 0 0 
CCGCAAAA 0.5 0.375 0.125 0 0.428571 0 0 0 0.142857 0.142857 0.142857 0 0 0.142857 0 0 0 0 0 0 0.333333 0 0 0 0 0 0 0 0 0 0 0 0 0 0 0 0.166667 0 0 0 0 0 0.166667 0 0 0.166667 0 0 0 0 0 0 0 0 0 0 0.166667 0 0 0 0 0 0 0 0 0 0 0 0 0 0 0 0 0 0 0 0 0 0 0 0 0 0 0 
CCTCCCCC 0 0.875 0 0.125 0 0 0 0 0 0.714286 0 0.142857 0 0 0 0 0 0.142857 0 0 0 0 0 0 0 0 0 0 0 0 0 0 0 0 0 0 0 0 0 0 0 0.5 0 0.166667 0 0 0 0 0 0.166667 0 0 0 0 0 0 0 0 0 0 0 0 0 0 0 0 0 0 0 0 0 0 0 0.166667 0 0 0 0 0 0 0 0 0 0 
CGAAAAAA 0.75 0.125 0.125 0 0.714286 0 0 0 0 0 0.142857 0 0.142857 0 0 0 0 0 0 0 0.666667 0 0 0 0 0 0 0 0 0 0 0 0 0 0 0 0 0 0 0 0 0 0 0 0.166667 0 0 0 0 0 0 0 0.166667 0 0 0 0 0 0 0 0 0 0 0 0 0 0 0 0 0 0 0 0 0 0 0 0 0 0 0 0 0 0 0 
CGCAAAAA 0.625 0.25 0.125 0 0.571429 0 0 0 0.142857 0 0.142857 0 0 0.142857 0 0 0 0 0 0 0.5 0 0 0 0 0 0 0 0 0 0 0 0 0 0 0 0.166667 0 0 0 0 0 0 0 0 0.166667 0 0 0 0 0 0 0 0 0 0 0.166667 0 0 0 0 0 0 0 0 0 0 0 0 0 0 0 0 0 0 0 0 0 0 0 0 0 0 0 
CGCAAAAG 0.5 0.25 0.25 0 0.428571 0 0.142857 0 0.142857 0 0.142857 0 0 0.142857 0 0 0 0 0 0 0.333333 0 0.166667 0 0 0 0 0 0 0 0 0 0 0 0 0 0.166667 0 0 0 0 0 0 0 0 0.166667 0 0 0 0 0 0 0 0 0 0 0.166667 0 0 0 0 0 0 0 0 0 0 0 0 0 0 0 0 0 0 0 0 0 0 0 0 0 0 0 
CGCCACAA 0.375 0.5 0.125 0 0.142857 0.142857 0 0 0.285714 0.142857 0.142857 0 0 0.142857 0 0 0 0 0 0 0 0 0 0 0.166667 0 0 0 0 0 0 0 0 0 0 0 0.166667 0.166667 0 0 0.166667 0 0 0 0 0.166667 0 0 0 0 0 0 0 0 0 0 0 0.166667 0 0 0 0 0 0 0 0 0 0 0 0 0 0 0 0 0 0 0 0 0 0 0 0 0 0 
CGGGGGAA 0.25 0.125 0.625 0 0.142857 0 0 0 0 0 0.142857 0 0.142857 0 0.571429 0 0 0 0 0 0 0 0 0 0 0 0 0 0 0 0 0 0 0 0 0 0 0 0 0 0 0 0 0 0 0 0.166667 0 0 0 0 0 0.166667 0 0 0 0 0 0 0 0.166667 0 0.5 0 0 0 0 0 0 0 0 0 0 0 0 0 0 0 0 0 0 0 0 0 
CTGGAAAA 0.5 0.125 0.25 0.125 0.428571 0 0 0 0 0 0 0.142857 0.142857 0 0.142857 0 0 0 0.142857 0 0.333333 0 0 0 0 0 0 0 0 0 0 0 0 0 0 0 0 0 0 0 0 0 0 0 0 0 0 0 0 0 0.166667 0 0.166667 0 0 0 0 0 0 0 0.166667 0 0 0 0 0 0 0 0 0 0 0 0 0 0 0 0 0 0.166667 0 0 0 0 0 
CTTCCCCC 0 0.75 0 0.25 0 0 0 0 0 0.571429 0 0.142857 0 0 0 0 0 0.142857 0 0.142857 0 0 0 0 0 0 0 0 0 0 0 0 0 0 0 0 0 0 0 0 0 0.5 0 0 0 0 0 0 0 0 0 0.166667 0 0 0 0 0 0 0 0 0 0 0 0 0 0 0 0 0 0 0 0 0 0.166667 0 0 0 0 0 0 0 0.166667 0 0 
CTTGTGTC 0 0.25 0.25 0.5 0 0 0 0 0 0 0 0.142857 0 0 0 0.285714 0 0.142857 0.285714 0.142857 0 0 0 0 0 0 0 0 0 0 0 0 0 0 0 0 0 0 0 0 0 0 0 0 0 0 0 0 0 0 0 0.166667 0 0 0 0 0 0 0 0 0 0 0 0 0 0.166667 0.166667 0 0 0 0 0 0 0 0 0 0 0 0 0.333333 0 0 0.166667 0 
CTTTAAAA 0.5 0.125 0 0.375 0.428571 0 0 0 0 0 0 0.142857 0 0 0 0 0.142857 0 0 0.285714 0.333333 0 0 0 0 0 0 0 0 0 0 0 0 0 0 0 0 0 0 0 0 0 0 0 0 0 0 0 0 0 0 0.166667 0 0 0 0 0 0 0 0 0 0 0 0 0 0 0 0 0.166667 0 0 0 0 0 0 0 0 0 0 0 0.166667 0 0 0.166667 
CTTTGTGA 0.125 0.125 0.25 0.5 0 0 0 0 0 0 0 0.142857 0.142857 0 0 0.142857 0 0 0.285714 0.285714 0 0 0 0 0 0 0 0 0 0 0 0 0 0 0 0 0 0 0 0 0 0 0 0 0 0 0 0 0 0 0 0.166667 0 0 0 0 0 0 0 0 0 0 0 0 0 0 0.166667 0 0 0 0 0 0 0 0 0 0.166667 0 0 0.166667 0 0 0.166667 0.166667 
CTTTGTGC 0 0.25 0.25 0.5 0 0 0 0 0 0 0 0.142857 0 0.142857 0 0.142857 0 0 0.285714 0.285714 0 0 0 0 0 0 0 0 0 0 0 0 0 0 0 0 0 0 0 0 0 0 0 0 0 0 0 0 0 0 0 0.166667 0 0 0 0 0 0 0 0 0 0 0 0 0 0 0.166667 0 0 0 0 0 0 0 0 0 0 0.166667 0 0.166667 0 0 0.166667 0.166667 
GAAAAAAA 0.875 0 0.125 0 0.857143 0 0 0 0 0 0 0 0.142857 0 0 0 0 0 0 0 0.833333 0 0 0 0 0 0 0 0 0 0 0 0 0 0 0 0 0 0 0 0 0 0 0 0 0 0 0 0 0 0 0 0.166667 0 0 0 0 0 0 0 0 0 0 0 0 0 0 0 0 0 0 0 0 0 0 0 0 0 0 0 0 0 0 0 
GAAAACCA 0.625 0.25 0.125 0 0.428571 0.142857 0 0 0.142857 0.142857 0 0 0.142857 0 0 0 0 0 0 0 0.333333 0.166667 0 0 0 0.166667 0 0 0 0 0 0 0 0 0 0 0 0 0 0 0.166667 0 0 0 0 0 0 0 0 0 0 0 0.166667 0 0 0 0 0 0 0 0 0 0 0 0 0 0 0 0 0 0 0 0 0 0 0 0 0 0 0 0 0 0 0 
GACACAAA 0.625 0.25 0.125 0 0.285714 0.285714 0 0 0.285714 0 0 0 0.142857 0 0 0 0 0 0 0 0.166667 0 0 0 0.333333 0 0 0 0 0 0 0 0 0 0 0 0.166667 0.166667 0 0 0 0 0 0 0 0 0 0 0 0 0 0 0 0.166667 0 0 0 0 0 0 0 0 0 0 0 0 0 0 0 0 0 0 0 0 0 0 0 0 0 0 0 0 0 0 
GACCACAA 0.5 0.375 0.125 0 0.142857 0.285714 0 0 0.285714 0.142857 0 0 0.142857 0 0 0 0 0 0 0 0 0 0 0 0.166667 0.166667 0 0 0 0 0 0 0 0 0 0 0.166667 0.166667 0 0 0.166667 0 0 0 0 0 0 0 0 0 0 0 0 0.166667 0 0 0 0 0 0 0 0 0 0 0 0 0 0 0 0 0 0 0 0 0 0 0 0 0 0 0 0 0 0 
GACGCAAA 0.5 0.25 0.25 0 0.285714 0.142857 0 0 0.142857 0 0.142857 0 0.142857 0.142857 0 0 0 0 0 0 0.166667 0 0 0 0 0 0.166667 0 0 0 0 0 0 0 0 0 0.166667 0 0 0 0 0 0 0 0 0.166667 0 0 0 0 0 0 0 0.166667 0 0 0.166667 0 0 0 0 0 0 0 0 0 0 0 0 0 0 0 0 0 0 0 0 0 0 0 0 0 0 0 
GAGACACA 0.5 0.25 0.25 0 0 0.285714 0.142857 0 0.285714 0 0 0 0.285714 0 0 0 0 0 0 0 0 0 0 0 0.333333 0 0 0 0.166667 0 0 0 0 0 0 0 0 0.166667 0 0 0 0 0 0 0 0 0 0 0 0 0 0 0 0.166667 0.166667 0 0 0 0 0 0 0 0 0 0 0 0 0 0 0 0 0 0 0 0 0 0 0 0 0 0 0 0 0 
GAGGGGGA 0.25 0 0.75 0 0 0 0.142857 0 0 0 0 0 0.285714 0 0.571429 0 0 0 0 0 0 0 0 0 0 0 0 0 0 0 0.166667 0 0 0 0 0 0 0 0 0 0 0 0 0 0 0 0 0 0 0 0 0 0 0 0.166667 0 0 0 0 0 0.166667 0 0.5 0 0 0 0 0 0 0 0 0 0 0 0 0 0 0 0 0 0 0 0 0 
GCACAAAA 0.625 0.25 0.125 0 0.428571 0.142857 0 0 0.285714 0 0 0 0 0.142857 0 0 0 0 0 0 0.333333 0 0 0 0.166667 0 0 0 0 0 0 0 0 0 0 0 0.166667 0.166667 0 0 0 0 0 0 0 0 0 0 0 0 0 0 0 0 0 0 0.166667 0 0 0 0 0 0 0 0 0 0 0 0 0 0 0 0 0 0 0 0 0 0 0 0 0 0 0 
GCCACAAA 0.5 0.375 0.125 0 0.285714 0.142857 0 0 0.285714 0.142857 0 0 0 0.142857 0 0 0 0 0 0 0.166667 0 0 0 0.166667 0 0 0 0 0 0 0 0 0 0 0 0.166667 0.166667 0 0 0.166667 0 0 0 0 0 0 0 0 0 0 0 0 0 0 0 0 0.166667 0 0 0 0 0 0 0 0 0 0 0 0 0 0 0 0 0 0 0 0 0 0 0 0 0 0 
GCGCAAAA 0.5 0.25 0.25 0 0.428571 0 0 0 0.142857 0 0.142857 0 0 0.285714 0 0 0 0 0 0 0.333333 0 0 0 0 0 0 0 0 0 0 0 0 0 0 0 0.166667 0 0 0 0 0 0 0 0 0.166667 0 0 0 0 0 0 0 0 0 0 0.166667 0 0.166667 0 0 0 0 0 0 0 0 0 0 0 0 0 0 0 0 0 0 0 0 0 0 0 0 0 
GGACACAA 0.5 0.25 0.25 0 0.142857 0.285714 0 0 0.285714 0 0 0 0.142857 0 0.142857 0 0 0 0 0 0 0 0 0 0.333333 0 0 0 0 0 0 0 0 0 0 0 0.166667 0.166667 0 0 0 0 0 0 0 0 0 0 0 0 0 0 0 0.166667 0 0 0 0 0 0 0.166667 0 0 0 0 0 0 0 0 0 0 0 0 0 0 0 0 0 0 0 0 0 0 0 
GGCACAAA 0.5 0.25 0.25 0 0.285714 0.142857 0 0 0.285714 0 0 0 0 0.142857 0.142857 0 0 0 0 0 0.166667 0 0 0 0.166667 0 0 0 0 0 0 0 0 0 0 0 0.166667 0.166667 0 0 0 0 0 0 0 0 0 0 0 0 0 0 0 0 0 0 0.166667 0 0 0 0 0.166667 0 0 0 0 0 0 0 0 0 0 0 0 0 0 0 0 0 0 0 0 0 0 
GGCCACAA 0.375 0.375 0.25 0 0.142857 0.142857 0 0 0.285714 0.142857 0 0 0 0.142857 0.142857 0 0 0 0 0 0 0 0 0 0.166667 0 0 0 0 0 0 0 0 0 0 0 0.166667 0.166667 0 0 0.166667 0 0 0 0 0 0 0 0 0 0 0 0 0 0 0 0 0.166667 0 0 0 0.166667 0 0 0 0 0 0 0 0 0 0 0 0 0 0 0 0 0 0 0 0 0 0 
GGCGCAAA 0.375 0.25 0.375 0 0.285714 0 0 0 0.142857 0 0.142857 0 0 0.285714 0.142857 0 0 0 0 0 0.166667 0 0 0 0 0 0 0 0 0 0 0 0 0 0 0 0.166667 0 0 0 0 0 0 0 0 0.166667 0 0 0 0 0 0 0 0 0 0 0.166667 0 0.166667 0 0 0.166667 0 0 0 0 0 0 0 0 0 0 0 0 0 0 0 0 0 0 0 0 0 0 
GGGGGAAA 0.375 0 0.625 0 0.285714 0 0 0 0 0 0 0 0.142857 0 0.571429 0 0 0 0 0 0.166667 0 0 0 0 0 0 0 0 0 0 0 0 0 0 0 0 0 0 0 0 0 0 0 0 0 0 0 0 0 0 0 0.166667 0 0 0 0 0 0 0 0.166667 0 0.5 0 0 0 0 0 0 0 0 0 0 0 0 0 0 0 0 0 0 0 0 0 
GGGGGAAC 0.25 0.125 0.625 0 0.142857 0.142857 0 0 0 0 0 0 0.142857 0 0.571429 0 0 0 0 0 0 0.166667 0 0 0 0 0 0 0 0 0 0 0 0 0 0 0 0 0 0 0 0 0 0 0 0 0 0 0 0 0 0 0.166667 0 0 0 0 0 0 0 0.166667 0 0.5 0 0 0 0 0 0 0 0 0 0 0 0 0 0 0 0 0 0 0 0 0 
GGGGGAGA 0.25 0 0.75 0 0 0 0.142857 0 0 0 0 0 0.285714 0 0.571429 0 0 0 0 0 0 0 0 0 0 0 0 0 0.166667 0 0 0 0 0 0 0 0 0 0 0 0 0 0 0 0 0 0 0 0 0 0 0 0 0 0.166667 0 0 0 0 0 0.166667 0 0.5 0 0 0 0 0 0 0 0 0 0 0 0 0 0 0 0 0 0 0 0 0 
GTACAAAA 0.625 0.125 0.125 0.125 0.428571 0.142857 0 0 0.142857 0 0 0 0 0 0 0.142857 0.142857 0 0 0 0.333333 0 0 0 0.166667 0 0 0 0 0 0 0 0 0 0 0 0.166667 0 0 0 0 0 0 0 0 0 0 0 0 0 0 0 0 0 0 0 0 0 0 0 0 0 0 0 0.166667 0 0 0 0 0.166667 0 0 0 0 0 0 0 0 0 0 0 0 0 0 
GTACACAA 0.5 0.25 0.125 0.125 0.142857 0.285714 0 0 0.285714 0 0 0 0 0 0 0.142857 0.142857 0 0 0 0 0 0 0 0.333333 0 0 0 0 0 0 0 0 0 0 0 0.166667 0.166667 0 0 0 0 0 0 0 0 0 0 0 0 0 0 0 0 0 0 0 0 0 0 0 0 0 0 0.166667 0 0 0 0 0.166667 0 0 0 0 0 0 0 0 0 0 0 0 0 0 
GTCACAAA 0.5 0.25 0.125 0.125 0.285714 0.142857 0 0 0.285714 0 0 0 0 0 0 0.142857 0 0.142857 0 0 0.166667 0 0 0 0.166667 0 0 0 0 0 0 0 0 0 0 0 0.166667 0.166667 0 0 0 0 0 0 0 0 0 0 0 0 0 0 0 0 0 0 0 0 0 0 0 0 0 0 0 0.166667 0 0 0 0 0 0 0.166667 0 0 0 0 0 0 0 0 0 0 0 
GTCCACAA 0.375 0.375 0.125 0.125 0.142857 0.142857 0 0 0.285714 0.142857 0 0 0 0 0 0.142857 0 0.142857 0 0 0 0 0 0 0.166667 0 0 0 0 0 0 0 0 0 0 0 0.166667 0.166667 0 0 0.166667 0 0 0 0 0 0 0 0 0 0 0 0 0 0 0 0 0 0 0 0 0 0 0 0 0.166667 0 0 0 0 0 0 0 0.166667 0 0 0 0 0 0 0 0 0 0 
GTGAAAAA 0.625 0 0.25 0.125 0.571429 0 0 0 0 0 0 0 0.142857 0 0 0.142857 0 0 0.142857 0 0.5 0 0 0 0 0 0 0 0 0 0 0 0 0 0 0 0 0 0 0 0 0 0 0 0 0 0 0 0 0 0 0 0.166667 0 0 0 0 0 0 0 0 0 0 0 0 0 0.166667 0 0 0 0 0 0 0 0 0 0.166667 0 0 0 0 0 0 0 
GTTTGTGA 0.125 0 0.375 0.5 0 0 0 0 0 0 0 0 0.142857 0 0 0.285714 0 0 0.285714 0.285714 0 0 0 0 0 0 0 0 0 0 0 0 0 0 0 0 0 0 0 0 0 0 0 0 0 0 0 0 0 0 0 0 0 0 0 0 0 0 0 0 0 0 0 0 0 0 0.166667 0.166667 0 0 0 0 0 0 0 0 0.166667 0 0 0.166667 0 0 0.166667 0.166667 
TACAAAAA 0.75 0.125 0 0.125 0.571429 0.142857 0 0 0.142857 0 0 0 0 0 0 0 0.142857 0 0 0 0.5 0 0 0 0.166667 0 0 0 0 0 0 0 0 0 0 0 0.166667 0 0 0 0 0 0 0 0 0 0 0 0 0 0 0 0 0 0 0 0 0 0 0 0 0 0 0 0 0 0 0 0 0.166667 0 0 0 0 0 0 0 0 0 0 0 0 0 0 
TACACAAA 0.625 0.25 0 0.125 0.285714 0.285714 0 0 0.285714 0 0 0 0 0 0 0 0.142857 0 0 0 0.166667 0 0 0 0.333333 0 0 0 0 0 0 0 0 0 0 0 0.166667 0.166667 0 0 0 0 0 0 0 0 0 0 0 0 0 0 0 0 0 0 0 0 0 0 0 0 0 0 0 0 0 0 0 0.166667 0 0 0 0 0 0 0 0 0 0 0 0 0 0 
TACCACAA 0.5 0.375 0 0.125 0.142857 0.285714 0 0 0.285714 0.142857 0 0 0 0 0 0 0.142857 0 0 0 0 0 0 0 0.166667 0.166667 0 0 0 0 0 0 0 0 0 0 0.166667 0.166667 0 0 0.166667 0 0 0 0 0 0 0 0 0 0 0 0 0 0 0 0 0 0 0 0 0 0 0 0 0 0 0 0 0.166667 0 0 0 0 0 0 0 0 0 0 0 0 0 0 
TAGGAAGA 0.5 0 0.375 0.125 0.142857 0 0.285714 0 0 0 0 0 0.285714 0 0.142857 0 0.142857 0 0 0 0 0 0.166667 0 0 0 0 0 0.166667 0 0.166667 0 0 0 0 0 0 0 0 0 0 0 0 0 0 0 0 0 0 0 0 0 0.166667 0 0 0 0 0 0 0 0.166667 0 0 0 0 0 0 0 0 0 0.166667 0 0 0 0 0 0 0 0 0 0 0 0 0 
TCACAAAA 0.625 0.25 0 0.125 0.428571 0.142857 0 0 0.285714 0 0 0 0 0 0 0 0 0.142857 0 0 0.333333 0 0 0 0.166667 0 0 0 0 0 0 0 0 0 0 0 0.166667 0.166667 0 0 0 0 0 0 0 0 0 0 0 0 0 0 0 0 0 0 0 0 0 0 0 0 0 0 0 0 0 0 0 0 0 0 0.166667 0 0 0 0 0 0 0 0 0 0 0 
TCCACAAA 0.5 0.375 0 0.125 0.285714 0.142857 0 0 0.285714 0.142857 0 0 0 0 0 0 0 0.142857 0 0 0.166667 0 0 0 0.166667 0 0 0 0 0 0 0 0 0 0 0 0.166667 0.166667 0 0 0.166667 0 0 0 0 0 0 0 0 0 0 0 0 0 0 0 0 0 0 0 0 0 0 0 0 0 0 0 0 0 0 0 0 0.166667 0 0 0 0 0 0 0 0 0 0 
TCGCAAAA 0.5 0.25 0.125 0.125 0.428571 0 0 0 0.142857 0 0.142857 0 0 0.142857 0 0 0 0.142857 0 0 0.333333 0 0 0 0 0 0 0 0 0 0 0 0 0 0 0 0.166667 0 0 0 0 0 0 0 0 0.166667 0 0 0 0 0 0 0 0 0 0 0.166667 0 0 0 0 0 0 0 0 0 0 0 0 0 0 0 0 0 0.166667 0 0 0 0 0 0 0 0 0 
TGAAAAAA 0.75 0 0.125 0.125 0.714286 0 0 0 0 0 0 0 0.142857 0 0 0 0 0 0.142857 0 0.666667 0 0 0 0 0 0 0 0 0 0 0 0 0 0 0 0 0 0 0 0 0 0 0 0 0 0 0 0 0 0 0 0.166667 0 0 0 0 0 0 0 0 0 0 0 0 0 0 0 0 0 0 0 0 0 0 0 0.166667 0 0 0 0 0 0 0 
TGACACAA 0.5 0.25 0.125 0.125 0.142857 0.285714 0 0 0.285714 0 0 0 0.142857 0 0 0 0 0 0.142857 0 0 0 0 0 0.333333 0 0 0 0 0 0 0 0 0 0 0 0.166667 0.166667 0 0 0 0 0 0 0 0 0 0 0 0 0 0 0 0.166667 0 0 0 0 0 0 0 0 0 0 0 0 0 0 0 0 0 0 0 0 0 0 0.166667 0 0 0 0 0 0 0 
TGCACAAA 0.5 0.25 0.125 0.125 0.285714 0.142857 0 0 0.285714 0 0 0 0 0.142857 0 0 0 0 0.142857 0 0.166667 0 0 0 0.166667 0 0 0 0 0 0 0 0 0 0 0 0.166667 0.166667 0 0 0 0 0 0 0 0 0 0 0 0 0 0 0 0 0 0 0.166667 0 0 0 0 0 0 0 0 0 0 0 0 0 0 0 0 0 0 0 0 0.166667 0 0 0 0 0 0 
TGCCACAA 0.375 0.375 0.125 0.125 0.142857 0.142857 0 0 0.285714 0.142857 0 0 0 0.142857 0 0 0 0 0.142857 0 0 0 0 0 0.166667 0 0 0 0 0 0 0 0 0 0 0 0.166667 0.166667 0 0 0.166667 0 0 0 0 0 0 0 0 0 0 0 0 0 0 0 0 0.166667 0 0 0 0 0 0 0 0 0 0 0 0 0 0 0 0 0 0 0 0.166667 0 0 0 0 0 0 
TGGGGGAA 0.25 0 0.625 0.125 0.142857 0 0 0 0 0 0 0 0.142857 0 0.571429 0 0 0 0.142857 0 0 0 0 0 0 0 0 0 0 0 0 0 0 0 0 0 0 0 0 0 0 0 0 0 0 0 0 0 0 0 0 0 0.166667 0 0 0 0 0 0 0 0.166667 0 0.5 0 0 0 0 0 0 0 0 0 0 0 0 0 0 0 0.166667 0 0 0 0 0 
TTACACAA 0.5 0.25 0 0.25 0.142857 0.285714 0 0 0.285714 0 0 0 0 0 0 0 0.142857 0 0 0.142857 0 0 0 0 0.333333 0 0 0 0 0 0 0 0 0 0 0 0.166667 0.166667 0 0 0 0 0 0 0 0 0 0 0 0 0 0 0 0 0 0 0 0 0 0 0 0 0 0 0 0 0 0 0 0.166667 0 0 0 0 0 0 0 0 0 0 0.166667 0 0 0 
TTGTGAAA 0.375 0 0.25 0.375 0.285714 0 0 0 0 0 0 0 0.142857 0 0 0.142857 0 0 0.285714 0.142857 0.166667 0 0 0 0 0 0 0 0 0 0 0 0 0 0 0 0 0 0 0 0 0 0 0 0 0 0 0 0 0 0 0 0.166667 0 0 0 0 0 0 0 0 0 0 0 0 0 0.166667 0 0 0 0 0 0 0 0 0 0.166667 0 0 0.166667 0 0 0.166667 0 
AAAAAACA 0.875 0.125 0 0 0.714286 0.142857 0 0 0.142857 0 0 0 0 0 0 0 0 0 0 0 0.666667 0.166667 0 0 0.166667 0 0 0 0 0 0 0 0 0 0 0 0 0 0 0 0 0 0 0 0 0 0 0 0 0 0 0 0 0 0 0 0 0 0 0 0 0 0 0 0 0 0 0 0 0 0 0 0 0 0 0 0 0 0 0 0 0 0 0 
AAAAAATA 0.875 0 0 0.125 0.714286 0 0 0.142857 0 0 0 0 0 0 0 0 0.142857 0 0 0 0.666667 0 0 0.166667 0 0 0 0 0 0 0 0 0.166667 0 0 0 0 0 0 0 0 0 0 0 0 0 0 0 0 0 0 0 0 0 0 0 0 0 0 0 0 0 0 0 0 0 0 0 0 0 0 0 0 0 0 0 0 0 0 0 0 0 0 0 
AAAAAATG 0.75 0 0.125 0.125 0.714286 0 0 0.142857 0 0 0 0 0 0 0 0 0 0 0.142857 0 0.666667 0 0 0.166667 0 0 0 0 0 0 0 0 0 0 0.166667 0 0 0 0 0 0 0 0 0 0 0 0 0 0 0 0 0 0 0 0 0 0 0 0 0 0 0 0 0 0 0 0 0 0 0 0 0 0 0 0 0 0 0 0 0 0 0 0 0 
AAAAACAA 0.875 0.125 0 0 0.714286 0.142857 0 0 0.142857 0 0 0 0 0 0 0 0 0 0 0 0.5 0.166667 0 0 0.166667 0 0 0 0 0 0 0 0 0 0 0 0.166667 0 0 0 0 0 0 0 0 0 0 0 0 0 0 0 0 0 0 0 0 0 0 0 0 0 0 0 0 0 0 0 0 0 0 0 0 0 0 0 0 0 0 0 0 0 0 0 
AAAAACAC 0.75 0.25 0 0 0.571429 0.285714 0 0 0.142857 0 0 0 0 0 0 0 0 0 0 0 0.5 0.166667 0 0 0.166667 0 0 0 0 0 0 0 0 0 0 0 0 0.166667 0 0 0 0 0 0 0 0 0 0 0 0 0 0 0 0 0 0 0 0 0 0 0 0 0 0 0 0 0 0 0 0 0 0 0 0 0 0 0 0 0 0 0 0 0 0 
AAAAACGA 0.75 0.125 0.125 0 0.571429 0.142857 0 0 0 0 0.142857 0 0.142857 0 0 0 0 0 0 0 0.5 0.166667 0 0 0 0 0.166667 0 0 0 0 0 0 0 0 0 0 0 0 0 0 0 0 0 0.166667 0 0 0 0 0 0 0 0 0 0 0 0 0 0 0 0 0 0 0 0 0 0 0 0 0 0 0 0 0 0 0 0 0 0 0 0 0 0 0 
AAAAAGAA 0.875 0 0.125 0 0.714286 0 0.142857 0 0 0 0 0 0.142857 0 0 0 0 0 0 0 0.5 0 0.166667 0 0 0 0 0 0.166667 0 0 0 0 0 0 0 0 0 0 0 0 0 0 0 0 0 0 0 0 0 0 0 0.166667 0 0 0 0 0 0 0 0 0 0 0 0 0 0 0 0 0 0 0 0 0 0 0 0 0 0 0 0 0 0 0 
AAAAAGGG 0.625 0 0.375 0 0.571429 0 0.142857 0 0 0 0 0 0 0 0.285714 0 0 0 0 0 0.5 0 0.166667 0 0 0 0 0 0 0 0.166667 0 0 0 0 0 0 0 0 0 0 0 0 0 0 0 0 0 0 0 0 0 0 0 0 0 0 0 0 0 0 0 0.166667 0 0 0 0 0 0 0 0 0 0 0 0 0 0 0 0 0 0 0 0 0 
AAAAATAA 0.875 0 0 0.125 0.714286 0 0 0.142857 0 0 0 0 0 0 0 0 0.142857 0 0 0 0.5 0 0 0.166667 0 0 0 0 0 0 0 0 0.166667 0 0 0 0 0 0 0 0 0 0 0 0 0 0 0 0 0 0 0 0 0 0 0 0 0 0 0 0 0 0 0 0 0 0 0 0.166667 0 0 0 0 0 0 0 0 0 0 0 0 0 0 0 
AAAACAAA 0.875 0.125 0 0 0.714286 0.142857 0 0 0.142857 0 0 0 0 0 0 0 0 0 0 0 0.5 0.166667 0 0 0.166667 0 0 0 0 0 0 0 0 0 0 0 0.166667 0 0 0 0 0 0 0 0 0 0 0 0 0 0 0 0 0 0 0 0 0 0 0 0 0 0 0 0 0 0 0 0 0 0 0 0 0 0 0 0 0 0 0 0 0 0 0 
AAAACAGA 0.75 0.125 0.125 0 0.428571 0.142857 0.142857 0 0.142857 0 0 0 0.142857 0 0 0 0 0 0 0 0.333333 0.166667 0 0 0.166667 0 0 0 0.166667 0 0 0 0 0 0 0 0 0 0.166667 0 0 0 0 0 0 0 0 0 0 0 0 0 0 0 0 0 0 0 0 0 0 0 0 0 0 0 0 0 0 0 0 0 0 0 0 0 0 0 0 0 0 0 0 0 
AAAACTAA 0.75 0.125 0 0.125 0.571429 0.142857 0 0 0 0 0 0.142857 0 0 0 0 0.142857 0 0 0 0.333333 0.166667 0 0 0 0 0 0.166667 0 0 0 0 0 0 0 0 0 0 0 0 0 0 0 0 0 0 0 0 0.166667 0 0 0 0 0 0 0 0 0 0 0 0 0 0 0 0 0 0 0 0.166667 0 0 0 0 0 0 0 0 0 0 0 0 0 0 0 
AAAACTCA 0.625 0.25 0 0.125 0.428571 0.142857 0 0 0.142857 0 0 0.142857 0 0 0 0 0 0.142857 0 0 0.333333 0.166667 0 0 0 0 0 0.166667 0 0 0 0 0 0 0 0 0 0 0 0 0 0 0 0 0 0 0 0 0 0.166667 0 0 0 0 0 0 0 0 0 0 0 0 0 0 0 0 0 0 0 0 0 0 0.166667 0 0 0 0 0 0 0 0 0 0 0 
AAAATAGA 0.75 0 0.125 0.125 0.428571 0 0.142857 0.142857 0 0 0 0 0.142857 0 0 0 0.142857 0 0 0 0.333333 0 0 0.166667 0 0 0 0 0.166667 0 0 0 0.166667 0 0 0 0 0 0 0 0 0 0 0 0 0 0 0 0 0 0 0 0 0 0 0 0 0 0 0 0 0 0 0 0 0 0 0 0 0 0.166667 0 0 0 0 0 0 0 0 0 0 0 0 0 
AAAATTCA 0.625 0.125 0 0.25 0.428571 0 0 0.142857 0.142857 0 0 0 0 0 0 0 0 0.142857 0 0.142857 0.333333 0 0 0.166667 0 0 0 0 0 0 0 0 0 0 0 0.166667 0 0 0 0 0 0 0 0 0 0 0 0 0 0 0 0 0 0 0 0 0 0 0 0 0 0 0 0 0 0 0 0 0 0 0 0 0.166667 0 0 0 0 0 0 0 0 0.166667 0 0 
AAACTAAG 0.625 0.125 0.125 0.125 0.428571 0.142857 0.142857 0 0 0 0 0.142857 0 0 0 0 0.142857 0 0 0 0.166667 0.166667 0.166667 0 0 0 0 0.166667 0 0 0 0 0 0 0 0 0 0 0 0 0 0 0 0 0 0 0 0 0.166667 0 0 0 0 0 0 0 0 0 0 0 0 0 0 0 0 0 0 0 0.166667 0 0 0 0 0 0 0 0 0 0 0 0 0 0 0 
AAAGAAAA 0.875 0 0.125 0 0.714286 0 0.142857 0 0 0 0 0 0.142857 0 0 0 0 0 0 0 0.5 0 0.166667 0 0 0 0 0 0.166667 0 0 0 0 0 0 0 0 0 0 0 0 0 0 0 0 0 0 0 0 0 0 0 0.166667 0 0 0 0 0 0 0 0 0 0 0 0 0 0 0 0 0 0 0 0 0 0 0 0 0 0 0 0 0 0 0 
AAAGAAAG 0.75 0 0.25 0 0.571429 0 0.285714 0 0 0 0 0 0.142857 0 0 0 0 0 0 0 0.333333 0 0.333333 0 0 0 0 0 0.166667 0 0 0 0 0 0 0 0 0 0 0 0 0 0 0 0 0 0 0 0 0 0 0 0.166667 0 0 0 0 0 0 0 0 0 0 0 0 0 0 0 0 0 0 0 0 0 0 0 0 0 0 0 0 0 0 0 
AAAGAAAT 0.75 0 0.125 0.125 0.571429 0 0.142857 0.142857 0 0 0 0 0.142857 0 0 0 0 0 0 0 0.333333 0 0.166667 0.166667 0 0 0 0 0.166667 0 0 0 0 0 0 0 0 0 0 0 0 0 0 0 0 0 0 0 0 0 0 0 0.166667 0 0 0 0 0 0 0 0 0 0 0 0 0 0 0 0 0 0 0 0 0 0 0 0 0 0 0 0 0 0 0 
AAAGGGGG 0.375 0 0.625 0 0.285714 0 0.142857 0 0 0 0 0 0 0 0.571429 0 0 0 0 0 0.166667 0 0.166667 0 0 0 0 0 0 0 0.166667 0 0 0 0 0 0 0 0 0 0 0 0 0 0 0 0 0 0 0 0 0 0 0 0 0 0 0 0 0 0 0 0.5 0 0 0 0 0 0 0 0 0 0 0 0 0 0 0 0 0 0 0 0 0 
AAATACAA 0.75 0.125 0 0.125 0.428571 0.142857 0 0.142857 0.142857 0 0 0 0 0 0 0 0.142857 0 0 0 0.166667 0 0 0.166667 0.166667 0 0 0 0 0 0 0 0.166667 0 0 0 0.166667 0 0 0 0 0 0 0 0 0 0 0 0 0 0 0 0 0 0 0 0 0 0 0 0 0 0 0 0 0 0 0 0 0.166667 0 0 0 0 0 0 0 0 0 0 0 0 0 0 
AAATAGAG 0.625 0 0.25 0.125 0.285714 0 0.285714 0.142857 0 0 0 0 0.142857 0 0 0 0.142857 0 0 0 0.166667 0 0 0.166667 0 0 0 0 0.166667 0 0 0 0.166667 0 0 0 0 0 0 0 0 0 0 0 0 0 0 0 0 0 0 0 0 0 0.166667 0 0 0 0 0 0 0 0 0 0 0 0 0 0 0 0.166667 0 0 0 0 0 0 0 0 0 0 0 0 0 
AAATATAA 0.75 0 0 0.25 0.428571 0 0 0.285714 0 0 0 0 0 0 0 0 0.285714 0 0 0 0.166667 0 0 0.166667 0 0 0 0 0 0 0 0 0.333333 0 0 0 0 0 0 0 0 0 0 0 0 0 0 0 0 0 0 0 0 0 0 0 0 0 0 0 0 0 0 0 0 0 0 0 0.166667 0 0 0.166667 0 0 0 0 0 0 0 0 0 0 0 0 
AAATCAAA 0.75 0.125 0 0.125 0.571429 0 0 0.142857 0.142857 0 0 0 0 0 0 0 0 0.142857 0 0 0.333333 0 0 0.166667 0 0 0 0 0 0 0 0 0 0.166667 0 0 0.166667 0 0 0 0 0 0 0 0 0 0 0 0 0 0 0 0 0 0 0 0 0 0 0 0 0 0 0 0 0 0 0 0 0 0 0 0.166667 0 0 0 0 0 0 0 0 0 0 0 
AACAAAAA 0.875 0.125 0 0 0.714286 0.142857 0 0 0.142857 0 0 0 0 0 0 0 0 0 0 0 0.5 0.166667 0 0 0.166667 0 0 0 0 0 0 0 0 0 0 0 0.166667 0 0 0 0 0 0 0 0 0 0 0 0 0 0 0 0 0 0 0 0 0 0 0 0 0 0 0 0 0 0 0 0 0 0 0 0 0 0 0 0 0 0 0 0 0 0 0 
AACAAGAA 0.75 0.125 0.125 0 0.428571 0.142857 0.142857 0 0.142857 0 0 0 0.142857 0 0 0 0 0 0 0 0 0.166667 0.166667 0 0.166667 0 0 0 0.166667 0 0 0 0 0 0 0 0.166667 0 0 0 0 0 0 0 0 0 0 0 0 0 0 0 0.166667 0 0 0 0 0 0 0 0 0 0 0 0 0 0 0 0 0 0 0 0 0 0 0 0 0 0 0 0 0 0 0 
AACACAAA 0.75 0.25 0 0 0.428571 0.285714 0 0 0.285714 0 0 0 0 0 0 0 0 0 0 0 0.166667 0.166667 0 0 0.333333 0 0 0 0 0 0 0 0 0 0 0 0.166667 0.166667 0 0 0 0 0 0 0 0 0 0 0 0 0 0 0 0 0 0 0 0 0 0 0 0 0 0 0 0 0 0 0 0 0 0 0 0 0 0 0 0 0 0 0 0 0 0 
AACCAAAA 0.75 0.25 0 0 0.571429 0.142857 0 0 0.142857 0.142857 0 0 0 0 0 0 0 0 0 0 0.333333 0.166667 0 0 0 0.166667 0 0 0 0 0 0 0 0 0 0 0.166667 0 0 0 0.166667 0 0 0 0 0 0 0 0 0 0 0 0 0 0 0 0 0 0 0 0 0 0 0 0 0 0 0 0 0 0 0 0 0 0 0 0 0 0 0 0 0 0 0 
AACCACAA 0.625 0.375 0 0 0.285714 0.285714 0 0 0.285714 0.142857 0 0 0 0 0 0 0 0 0 0 0 0.166667 0 0 0.166667 0.166667 0 0 0 0 0 0 0 0 0 0 0.166667 0.166667 0 0 0.166667 0 0 0 0 0 0 0 0 0 0 0 0 0 0 0 0 0 0 0 0 0 0 0 0 0 0 0 0 0 0 0 0 0 0 0 0 0 0 0 0 0 0 0 
AACTAATA 0.625 0.125 0 0.25 0.285714 0.142857 0 0.142857 0 0 0 0.142857 0 0 0 0 0.285714 0 0 0 0 0.166667 0 0.166667 0 0 0 0.166667 0 0 0 0 0.166667 0 0 0 0 0 0 0 0 0 0 0 0 0 0 0 0.166667 0 0 0 0 0 0 0 0 0 0 0 0 0 0 0 0 0 0 0 0.166667 0 0 0 0 0 0 0 0 0 0 0 0 0 0 0 
AAGAAAAA 0.875 0 0.125 0 0.714286 0 0.142857 0 0 0 0 0 0.142857 0 0 0 0 0 0 0 0.5 0 0.166667 0 0 0 0 0 0.166667 0 0 0 0 0 0 0 0 0 0 0 0 0 0 0 0 0 0 0 0 0 0 0 0.166667 0 0 0 0 0 0 0 0 0 0 0 0 0 0 0 0 0 0 0 0 0 0 0 0 0 0 0 0 0 0 0 
AAGAAAGA 0.75 0 0.25 0 0.428571 0 0.285714 0 0 0 0 0 0.285714 0 0 0 0 0 0 0 0.166667 0 0.333333 0 0 0 0 0 0.333333 0 0 0 0 0 0 0 0 0 0 0 0 0 0 0 0 0 0 0 0 0 0 0 0.166667 0 0 0 0 0 0 0 0 0 0 0 0 0 0 0 0 0 0 0 0 0 0 0 0 0 0 0 0 0 0 0 
AAGAGTAA 0.625 0 0.25 0.125 0.285714 0 0.285714 0 0 0 0 0 0.142857 0 0 0.142857 0.142857 0 0 0 0 0 0.166667 0 0 0 0 0 0.166667 0 0 0.166667 0 0 0 0 0 0 0 0 0 0 0 0 0 0 0 0 0 0 0 0 0 0 0.166667 0 0 0 0 0 0 0 0 0 0.166667 0 0 0 0.166667 0 0 0 0 0 0 0 0 0 0 0 0 0 0 0 
AATAAAAT 0.75 0 0 0.25 0.571429 0 0 0.285714 0 0 0 0 0 0 0 0 0.142857 0 0 0 0.333333 0 0 0.333333 0 0 0 0 0 0 0 0 0.166667 0 0 0 0 0 0 0 0 0 0 0 0 0 0 0 0 0 0 0 0 0 0 0 0 0 0 0 0 0 0 0 0 0 0 0 0.166667 0 0 0 0 0 0 0 0 0 0 0 0 0 0 0 
AATAAGAA 0.75 0 0.125 0.125 0.428571 0 0.142857 0.142857 0 0 0 0 0.142857 0 0 0 0.142857 0 0 0 0 0 0.166667 0.166667 0 0 0 0 0.166667 0 0 0 0.166667 0 0 0 0 0 0 0 0 0 0 0 0 0 0 0 0 0 0 0 0.166667 0 0 0 0 0 0 0 0 0 0 0 0 0 0 0 0.166667 0 0 0 0 0 0 0 0 0 0 0 0 0 0 0 
AATATTGT 0.375 0 0.125 0.5 0.142857 0 0 0.285714 0 0 0 0 0 0 0 0.142857 0.142857 0 0.142857 0.142857 0 0 0 0.166667 0 0 0 0 0 0 0 0 0.166667 0 0 0.166667 0 0 0 0 0 0 0 0 0 0 0 0 0 0 0 0 0 0 0 0 0 0 0 0 0 0 0 0 0 0 0 0 0 0 0 0.166667 0 0 0 0 0 0 0 0.166667 0 0 0.166667 0 
AATTAATA 0.625 0 0 0.375 0.285714 0 0 0.285714 0 0 0 0 0 0 0 0 0.285714 0 0 0.142857 0 0 0 0.333333 0 0 0 0 0 0 0 0 0.166667 0 0 0.166667 0 0 0 0 0 0 0 0 0 0 0 0 0 0 0 0 0 0 0 0 0 0 0 0 0 0 0 0 0 0 0 0 0.166667 0 0 0 0 0 0 0 0 0 0 0 0.166667 0 0 0 
AATTCAAA 0.625 0.125 0 0.25 0.428571 0 0 0.142857 0.142857 0 0 0 0 0 0 0 0 0.142857 0 0.142857 0.166667 0 0 0.166667 0 0 0 0 0 0 0 0 0 0 0 0.166667 0.166667 0 0 0 0 0 0 0 0 0 0 0 0 0 0 0 0 0 0 0 0 0 0 0 0 0 0 0 0 0 0 0 0 0 0 0 0.166667 0 0 0 0 0 0 0 0 0.166667 0 0 
AATTTGTG 0.25 0 0.25 0.5 0.142857 0 0 0.142857 0 0 0 0 0 0 0 0.142857 0 0 0.285714 0.285714 0 0 0 0.166667 0 0 0 0 0 0 0 0 0 0 0 0.166667 0 0 0 0 0 0 0 0 0 0 0 0 0 0 0 0 0 0 0 0 0 0 0 0 0 0 0 0 0 0 0.166667 0 0 0 0 0 0 0 0 0 0 0 0 0.166667 0 0 0.166667 0.166667 
AATTTTGT 0.25 0 0.125 0.625 0.142857 0 0 0.142857 0 0 0 0 0 0 0 0.142857 0 0 0.142857 0.428571 0 0 0 0.166667 0 0 0 0 0 0 0 0 0 0 0 0.166667 0 0 0 0 0 0 0 0 0 0 0 0 0 0 0 0 0 0 0 0 0 0 0 0 0 0 0 0 0 0 0 0 0 0 0 0 0 0 0 0 0 0 0 0.166667 0 0 0.166667 0.333333 
ACAAAAAA 0.875 0.125 0 0 0.714286 0.142857 0 0 0.142857 0 0 0 0 0 0 0 0 0 0 0 0.666667 0 0 0 0.166667 0 0 0 0 0 0 0 0 0 0 0 0.166667 0 0 0 0 0 0 0 0 0 0 0 0 0 0 0 0 0 0 0 0 0 0 0 0 0 0 0 0 0 0 0 0 0 0 0 0 0 0 0 0 0 0 0 0 0 0 0 
ACAAAAAC 0.75 0.25 0 0 0.571429 0.285714 0 0 0.142857 0 0 0 0 0 0 0 0 0 0 0 0.5 0.166667 0 0 0.166667 0 0 0 0 0 0 0 0 0 0 0 0.166667 0 0 0 0 0 0 0 0 0 0 0 0 0 0 0 0 0 0 0 0 0 0 0 0 0 0 0 0 0 0 0 0 0 0 0 0 0 0 0 0 0 0 0 0 0 0 0 
ACAAAAAG 0.75 0.125 0.125 0 0.571429 0.142857 0.142857 0 0.142857 0 0 0 0 0 0 0 0 0 0 0 0.5 0 0.166667 0 0.166667 0 0 0 0 0 0 0 0 0 0 0 0.166667 0 0 0 0 0 0 0 0 0 0 0 0 0 0 0 0 0 0 0 0 0 0 0 0 0 0 0 0 0 0 0 0 0 0 0 0 0 0 0 0 0 0 0 0 0 0 0 
ACAAAAAT 0.75 0.125 0 0.125 0.571429 0.142857 0 0.142857 0.142857 0 0 0 0 0 0 0 0 0 0 0 0.5 0 0 0.166667 0.166667 0 0 0 0 0 0 0 0 0 0 0 0.166667 0 0 0 0 0 0 0 0 0 0 0 0 0 0 0 0 0 0 0 0 0 0 0 0 0 0 0 0 0 0 0 0 0 0 0 0 0 0 0 0 0 0 0 0 0 0 0 
ACAAAACA 0.75 0.25 0 0 0.428571 0.285714 0 0 0.285714 0 0 0 0 0 0 0 0 0 0 0 0.333333 0.166667 0 0 0.333333 0 0 0 0 0 0 0 0 0 0 0 0.166667 0 0 0 0 0 0 0 0 0 0 0 0 0 0 0 0 0 0 0 0 0 0 0 0 0 0 0 0 0 0 0 0 0 0 0 0 0 0 0 0 0 0 0 0 0 0 0 
ACAAAACC 0.625 0.375 0 0 0.428571 0.285714 0 0 0.142857 0.142857 0 0 0 0 0 0 0 0 0 0 0.333333 0.166667 0 0 0.166667 0.166667 0 0 0 0 0 0 0 0 0 0 0.166667 0 0 0 0 0 0 0 0 0 0 0 0 0 0 0 0 0 0 0 0 0 0 0 0 0 0 0 0 0 0 0 0 0 0 0 0 0 0 0 0 0 0 0 0 0 0 0 
ACAAAACT 0.625 0.25 0 0.125 0.428571 0.285714 0 0 0.142857 0 0 0.142857 0 0 0 0 0 0 0 0 0.333333 0.166667 0 0 0.166667 0 0 0.166667 0 0 0 0 0 0 0 0 0.166667 0 0 0 0 0 0 0 0 0 0 0 0 0 0 0 0 0 0 0 0 0 0 0 0 0 0 0 0 0 0 0 0 0 0 0 0 0 0 0 0 0 0 0 0 0 0 0 
ACAAAAGA 0.75 0.125 0.125 0 0.428571 0.142857 0.142857 0 0.142857 0 0 0 0.142857 0 0 0 0 0 0 0 0.333333 0 0.166667 0 0.166667 0 0 0 0.166667 0 0 0 0 0 0 0 0.166667 0 0 0 0 0 0 0 0 0 0 0 0 0 0 0 0 0 0 0 0 0 0 0 0 0 0 0 0 0 0 0 0 0 0 0 0 0 0 0 0 0 0 0 0 0 0 0 
ACAAAAGC 0.625 0.25 0.125 0 0.428571 0.142857 0.142857 0 0.142857 0 0 0 0 0.142857 0 0 0 0 0 0 0.333333 0 0.166667 0 0.166667 0 0 0 0 0.166667 0 0 0 0 0 0 0.166667 0 0 0 0 0 0 0 0 0 0 0 0 0 0 0 0 0 0 0 0 0 0 0 0 0 0 0 0 0 0 0 0 0 0 0 0 0 0 0 0 0 0 0 0 0 0 0 
ACAAAATA 0.75 0.125 0 0.125 0.428571 0.142857 0 0.142857 0.142857 0 0 0 0 0 0 0 0.142857 0 0 0 0.333333 0 0 0.166667 0.166667 0 0 0 0 0 0 0 0.166667 0 0 0 0.166667 0 0 0 0 0 0 0 0 0 0 0 0 0 0 0 0 0 0 0 0 0 0 0 0 0 0 0 0 0 0 0 0 0 0 0 0 0 0 0 0 0 0 0 0 0 0 0 
ACAAAATC 0.625 0.25 0 0.125 0.428571 0.142857 0 0.142857 0.142857 0 0 0 0 0 0 0 0 0.142857 0 0 0.333333 0 0 0.166667 0.166667 0 0 0 0 0 0 0 0 0.166667 0 0 0.166667 0 0 0 0 0 0 0 0 0 0 0 0 0 0 0 0 0 0 0 0 0 0 0 0 0 0 0 0 0 0 0 0 0 0 0 0 0 0 0 0 0 0 0 0 0 0 0 
ACAAAATG 0.625 0.125 0.125 0.125 0.428571 0.142857 0 0.142857 0.142857 0 0 0 0 0 0 0 0 0 0.142857 0 0.333333 0 0 0.166667 0.166667 0 0 0 0 0 0 0 0 0 0.166667 0 0.166667 0 0 0 0 0 0 0 0 0 0 0 0 0 0 0 0 0 0 0 0 0 0 0 0 0 0 0 0 0 0 0 0 0 0 0 0 0 0 0 0 0 0 0 0 0 0 0 
ACAAACGA 0.625 0.25 0.125 0 0.285714 0.285714 0 0 0.142857 0 0.142857 0 0.142857 0 0 0 0 0 0 0 0.166667 0.166667 0 0 0.166667 0 0.166667 0 0 0 0 0 0 0 0 0 0.166667 0 0 0 0 0 0 0 0.166667 0 0 0 0 0 0 0 0 0 0 0 0 0 0 0 0 0 0 0 0 0 0 0 0 0 0 0 0 0 0 0 0 0 0 0 0 0 0 0 
ACAAAGAA 0.75 0.125 0.125 0 0.428571 0.142857 0.142857 0 0.142857 0 0 0 0.142857 0 0 0 0 0 0 0 0.166667 0 0.166667 0 0.166667 0 0 0 0.166667 0 0 0 0 0 0 0 0.166667 0 0 0 0 0 0 0 0 0 0 0 0 0 0 0 0.166667 0 0 0 0 0 0 0 0 0 0 0 0 0 0 0 0 0 0 0 0 0 0 0 0 0 0 0 0 0 0 0 
ACAAAGAC 0.625 0.25 0.125 0 0.285714 0.285714 0.142857 0 0.142857 0 0 0 0.142857 0 0 0 0 0 0 0 0.166667 0 0.166667 0 0.166667 0 0 0 0.166667 0 0 0 0 0 0 0 0.166667 0 0 0 0 0 0 0 0 0 0 0 0 0 0 0 0 0.166667 0 0 0 0 0 0 0 0 0 0 0 0 0 0 0 0 0 0 0 0 0 0 0 0 0 0 0 0 0 0 
ACAAAGAT 0.625 0.125 0.125 0.125 0.285714 0.142857 0.142857 0.142857 0.142857 0 0 0 0.142857 0 0 0 0 0 0 0 0.166667 0 0.166667 0 0.166667 0 0 0 0.166667 0 0 0 0 0 0 0 0.166667 0 0 0 0 0 0 0 0 0 0 0 0 0 0 0 0 0 0 0.166667 0 0 0 0 0 0 0 0 0 0 0 0 0 0 0 0 0 0 0 0 0 0 0 0 0 0 0 0 
ACAAATAC 0.625 0.25 0 0.125 0.285714 0.285714 0 0.142857 0.142857 0 0 0 0 0 0 0 0.142857 0 0 0 0.166667 0 0 0.166667 0.166667 0 0 0 0 0 0 0 0.166667 0 0 0 0.166667 0 0 0 0 0 0 0 0 0 0 0 0 0 0 0 0 0 0 0 0 0 0 0 0 0 0 0 0 0 0 0 0 0.166667 0 0 0 0 0 0 0 0 0 0 0 0 0 0 
ACAAATTC 0.5 0.25 0 0.25 0.285714 0.142857 0 0.142857 0.142857 0 0 0 0 0 0 0 0 0.142857 0 0.142857 0.166667 0 0 0.166667 0.166667 0 0 0 0 0 0 0 0 0 0 0.166667 0.166667 0 0 0 0 0 0 0 0 0 0 0 0 0 0 0 0 0 0 0 0 0 0 0 0 0 0 0 0 0 0 0 0 0 0 0 0 0 0 0 0 0 0 0 0 0.166667 0 0 
ACACAAAA 0.75 0.25 0 0 0.428571 0.285714 0 0 0.285714 0 0 0 0 0 0 0 0 0 0 0 0.333333 0 0 0 0.333333 0 0 0 0 0 0 0 0 0 0 0 0.166667 0.166667 0 0 0 0 0 0 0 0 0 0 0 0 0 0 0 0 0 0 0 0 0 0 0 0 0 0 0 0 0 0 0 0 0 0 0 0 0 0 0 0 0 0 0 0 0 0 
ACACAAAC 0.625 0.375 0 0 0.285714 0.428571 0 0 0.285714 0 0 0 0 0 0 0 0 0 0 0 0.166667 0.166667 0 0 0.333333 0 0 0 0 0 0 0 0 0 0 0 0.166667 0.166667 0 0 0 0 0 0 0 0 0 0 0 0 0 0 0 0 0 0 0 0 0 0 0 0 0 0 0 0 0 0 0 0 0 0 0 0 0 0 0 0 0 0 0 0 0 0 
ACACAAAG 0.625 0.25 0.125 0 0.285714 0.285714 0.142857 0 0.285714 0 0 0 0 0 0 0 0 0 0 0 0.166667 0 0.166667 0 0.333333 0 0 0 0 0 0 0 0 0 0 0 0.166667 0.166667 0 0 0 0 0 0 0 0 0 0 0 0 0 0 0 0 0 0 0 0 0 0 0 0 0 0 0 0 0 0 0 0 0 0 0 0 0 0 0 0 0 0 0 0 0 0 
ACACAAAT 0.625 0.25 0 0.125 0.285714 0.285714 0 0.142857 0.285714 0 0 0 0 0 0 0 0 0 0 0 0.166667 0 0 0.166667 0.333333 0 0 0 0 0 0 0 0 0 0 0 0.166667 0.166667 0 0 0 0 0 0 0 0 0 0 0 0 0 0 0 0 0 0 0 0 0 0 0 0 0 0 0 0 0 0 0 0 0 0 0 0 0 0 0 0 0 0 0 0 0 0 
ACCACAAA 0.625 0.375 0 0 0.285714 0.285714 0 0 0.285714 0.142857 0 0 0 0 0 0 0 0 0 0 0.166667 0 0 0 0.166667 0.166667 0 0 0 0 0 0 0 0 0 0 0.166667 0.166667 0 0 0.166667 0 0 0 0 0 0 0 0 0 0 0 0 0 0 0 0 0 0 0 0 0 0 0 0 0 0 0 0 0 0 0 0 0 0 0 0 0 0 0 0 0 0 0 
ACGCAAAA 0.625 0.25 0.125 0 0.428571 0.142857 0 0 0.142857 0 0.142857 0 0 0.142857 0 0 0 0 0 0 0.333333 0 0 0 0 0 0.166667 0 0 0 0 0 0 0 0 0 0.166667 0 0 0 0 0 0 0 0 0.166667 0 0 0 0 0 0 0 0 0 0 0.166667 0 0 0 0 0 0 0 0 0 0 0 0 0 0 0 0 0 0 0 0 0 0 0 0 0 0 0 
ACTTTGTG 0.125 0.125 0.25 0.5 0 0.142857 0 0 0 0 0 0.142857 0 0 0 0.142857 0 0 0.285714 0.285714 0 0 0 0 0 0 0 0.166667 0 0 0 0 0 0 0 0 0 0 0 0 0 0 0 0 0 0 0 0 0 0 0 0.166667 0 0 0 0 0 0 0 0 0 0 0 0 0 0 0.166667 0 0 0 0 0 0 0 0 0 0 0 0 0.166667 0 0 0.166667 0.166667 
AGAAAATA 0.75 0 0.125 0.125 0.428571 0 0.142857 0.142857 0 0 0 0 0.142857 0 0 0 0.142857 0 0 0 0.333333 0 0 0.166667 0 0 0 0 0.166667 0 0 0 0.166667 0 0 0 0 0 0 0 0 0 0 0 0 0 0 0 0 0 0 0 0.166667 0 0 0 0 0 0 0 0 0 0 0 0 0 0 0 0 0 0 0 0 0 0 0 0 0 0 0 0 0 0 0 
AGAAATAA 0.75 0 0.125 0.125 0.428571 0 0.142857 0.142857 0 0 0 0 0.142857 0 0 0 0.142857 0 0 0 0.166667 0 0 0.166667 0 0 0 0 0.166667 0 0 0 0.166667 0 0 0 0 0 0 0 0 0 0 0 0 0 0 0 0 0 0 0 0.166667 0 0 0 0 0 0 0 0 0 0 0 0 0 0 0 0.166667 0 0 0 0 0 0 0 0 0 0 0 0 0 0 0 
AGACACAA 0.625 0.25 0.125 0 0.142857 0.285714 0.142857 0 0.285714 0 0 0 0.142857 0 0 0 0 0 0 0 0 0 0 0 0.333333 0 0 0 0.166667 0 0 0 0 0 0 0 0.166667 0.166667 0 0 0 0 0 0 0 0 0 0 0 0 0 0 0 0.166667 0 0 0 0 0 0 0 0 0 0 0 0 0 0 0 0 0 0 0 0 0 0 0 0 0 0 0 0 0 0 
AGAGAAGA 0.625 0 0.375 0 0.142857 0 0.428571 0 0 0 0 0 0.428571 0 0 0 0 0 0 0 0 0 0.166667 0 0 0 0 0 0.5 0 0 0 0 0 0 0 0 0 0 0 0 0 0 0 0 0 0 0 0 0 0 0 0.166667 0 0.166667 0 0 0 0 0 0 0 0 0 0 0 0 0 0 0 0 0 0 0 0 0 0 0 0 0 0 0 0 0 
AGAGGAAA 0.625 0 0.375 0 0.285714 0 0.285714 0 0 0 0 0 0.285714 0 0.142857 0 0 0 0 0 0.166667 0 0 0 0 0 0 0 0.166667 0 0.166667 0 0 0 0 0 0 0 0 0 0 0 0 0 0 0 0 0 0 0 0 0 0.166667 0 0.166667 0 0 0 0 0 0.166667 0 0 0 0 0 0 0 0 0 0 0 0 0 0 0 0 0 0 0 0 0 0 0 
AGCAAAAA 0.75 0.125 0.125 0 0.571429 0 0.142857 0 0.142857 0 0 0 0 0.142857 0 0 0 0 0 0 0.5 0 0 0 0 0 0 0 0 0.166667 0 0 0 0 0 0 0.166667 0 0 0 0 0 0 0 0 0 0 0 0 0 0 0 0 0 0 0 0.166667 0 0 0 0 0 0 0 0 0 0 0 0 0 0 0 0 0 0 0 0 0 0 0 0 0 0 0 
AGCACAAA 0.625 0.25 0.125 0 0.285714 0.142857 0.142857 0 0.285714 0 0 0 0 0.142857 0 0 0 0 0 0 0.166667 0 0 0 0.166667 0 0 0 0 0.166667 0 0 0 0 0 0 0.166667 0.166667 0 0 0 0 0 0 0 0 0 0 0 0 0 0 0 0 0 0 0.166667 0 0 0 0 0 0 0 0 0 0 0 0 0 0 0 0 0 0 0 0 0 0 0 0 0 0 0 
AGCCACAA 0.5 0.375 0.125 0 0.142857 0.142857 0.142857 0 0.285714 0.142857 0 0 0 0.142857 0 0 0 0 0 0 0 0 0 0 0.166667 0 0 0 0 0.166667 0 0 0 0 0 0 0.166667 0.166667 0 0 0.166667 0 0 0 0 0 0 0 0 0 0 0 0 0 0 0 0 0.166667 0 0 0 0 0 0 0 0 0 0 0 0 0 0 0 0 0 0 0 0 0 0 0 0 0 0 
AGTACAAA 0.625 0.125 0.125 0.125 0.285714 0.142857 0.142857 0 0.142857 0 0 0 0 0 0 0.142857 0.142857 0 0 0 0.166667 0 0 0 0.166667 0 0 0 0 0 0 0.166667 0 0 0 0 0.166667 0 0 0 0 0 0 0 0 0 0 0 0 0 0 0 0 0 0 0 0 0 0 0 0 0 0 0 0.166667 0 0 0 0 0.166667 0 0 0 0 0 0 0 0 0 0 0 0 0 0 
AGTTTGTG 0.125 0 0.375 0.5 0 0 0.142857 0 0 0 0 0 0 0 0 0.285714 0 0 0.285714 0.285714 0 0 0 0 0 0 0 0 0 0 0 0.166667 0 0 0 0 0 0 0 0 0 0 0 0 0 0 0 0 0 0 0 0 0 0 0 0 0 0 0 0 0 0 0 0 0 0 0.166667 0.166667 0 0 0 0 0 0 0 0 0 0 0 0.166667 0 0 0.166667 0.166667 
AGTTTTTG 0.125 0 0.25 0.625 0 0 0.142857 0 0 0 0 0 0 0 0 0.142857 0 0 0.142857 0.571429 0 0 0 0 0 0 0 0 0 0 0 0.166667 0 0 0 0 0 0 0 0 0 0 0 0 0 0 0 0 0 0 0 0 0 0 0 0 0 0 0 0 0 0 0 0 0 0 0 0.166667 0 0 0 0 0 0 0 0 0 0 0 0 0 0 0.166667 0.5 
ATAAATTA 0.625 0 0 0.375 0.285714 0 0 0.285714 0 0 0 0 0 0 0 0 0.285714 0 0 0.142857 0.166667 0 0 0.166667 0 0 0 0 0 0 0 0 0.166667 0 0 0.166667 0 0 0 0 0 0 0 0 0 0 0 0 0 0 0 0 0 0 0 0 0 0 0 0 0 0 0 0 0 0 0 0 0.166667 0 0 0 0 0 0 0 0 0 0 0 0.166667 0 0 0 
ATAAGAAG 0.625 0 0.25 0.125 0.285714 0 0.285714 0.142857 0 0 0 0 0.142857 0 0 0 0.142857 0 0 0 0 0 0.333333 0 0 0 0 0 0.166667 0 0 0 0.166667 0 0 0 0 0 0 0 0 0 0 0 0 0 0 0 0 0 0 0 0.166667 0 0 0 0 0 0 0 0 0 0 0 0 0 0 0 0.166667 0 0 0 0 0 0 0 0 0 0 0 0 0 0 0 
ATACAAAA 0.75 0.125 0 0.125 0.428571 0.142857 0 0.142857 0.142857 0 0 0 0 0 0 0 0.142857 0 0 0 0.333333 0 0 0 0.166667 0 0 0 0 0 0 0 0.166667 0 0 0 0.166667 0 0 0 0 0 0 0 0 0 0 0 0 0 0 0 0 0 0 0 0 0 0 0 0 0 0 0 0 0 0 0 0 0.166667 0 0 0 0 0 0 0 0 0 0 0 0 0 0 
ATAGATTA 0.5 0 0.125 0.375 0 0 0.142857 0.285714 0 0 0 0 0.142857 0 0 0 0.285714 0 0 0.142857 0 0 0 0 0 0 0 0 0.166667 0 0 0 0.166667 0 0 0.166667 0 0 0 0 0 0 0 0 0 0 0 0 0 0 0 0 0 0 0 0.166667 0 0 0 0 0 0 0 0 0 0 0 0 0 0 0.166667 0 0 0 0 0 0 0 0 0 0.166667 0 0 0 
ATATTAAA 0.625 0 0 0.375 0.285714 0 0 0.285714 0 0 0 0 0 0 0 0 0.285714 0 0 0.142857 0.166667 0 0 0 0 0 0 0 0 0 0 0 0.166667 0 0 0.166667 0 0 0 0 0 0 0 0 0 0 0 0 0 0 0 0 0 0 0 0 0 0 0 0 0 0 0 0 0 0 0 0 0.166667 0 0 0.166667 0 0 0 0 0 0 0 0 0.166667 0 0 0 
ATATTGTG 0.25 0 0.25 0.5 0 0 0 0.285714 0 0 0 0 0 0 0 0.142857 0.142857 0 0.285714 0.142857 0 0 0 0 0 0 0 0 0 0 0 0 0.166667 0 0 0.166667 0 0 0 0 0 0 0 0 0 0 0 0 0 0 0 0 0 0 0 0 0 0 0 0 0 0 0 0 0 0 0.166667 0 0 0 0 0.166667 0 0 0 0 0 0 0 0.166667 0 0 0.166667 0 
ATCCACAA 0.5 0.375 0 0.125 0.142857 0.142857 0 0.142857 0.285714 0.142857 0 0 0 0 0 0 0 0.142857 0 0 0 0 0 0 0.166667 0 0 0 0 0 0 0 0 0.166667 0 0 0.166667 0.166667 0 0 0.166667 0 0 0 0 0 0 0 0 0 0 0 0 0 0 0 0 0 0 0 0 0 0 0 0 0 0 0 0 0 0 0 0 0.166667 0 0 0 0 0 0 0 0 0 0 
ATGAAAAA 0.75 0 0.125 0.125 0.571429 0 0 0.142857 0 0 0 0 0.142857 0 0 0 0 0 0.142857 0 0.5 0 0 0 0 0 0 0 0 0 0 0 0 0 0.166667 0 0 0 0 0 0 0 0 0 0 0 0 0 0 0 0 0 0.166667 0 0 0 0 0 0 0 0 0 0 0 0 0 0 0 0 0 0 0 0 0 0 0 0.166667 0 0 0 0 0 0 0 
ATTAGATG 0.375 0 0.25 0.375 0 0 0.142857 0.285714 0 0 0 0 0.142857 0 0 0 0.142857 0 0.142857 0.142857 0 0 0 0 0 0 0 0 0.166667 0 0 0 0 0 0.166667 0.166667 0 0 0 0 0 0 0 0 0 0 0 0 0 0 0 0 0 0 0 0.166667 0 0 0 0 0 0 0 0 0 0 0 0 0 0 0.166667 0 0 0 0 0 0 0 0 0 0.166667 0 0 0 
ATTGTGGC 0.125 0.125 0.375 0.375 0 0 0 0.142857 0 0 0 0 0 0.142857 0.142857 0.142857 0 0 0.285714 0.142857 0 0 0 0 0 0 0 0 0 0 0 0 0 0 0 0.166667 0 0 0 0 0 0 0 0 0 0 0 0 0 0 0 0 0 0 0 0 0 0 0 0 0 0.166667 0 0 0 0 0.166667 0 0 0 0 0 0 0 0 0 0 0 0.166667 0.166667 0 0 0.166667 0 
ATTGTGTC 0.125 0.125 0.25 0.5 0 0 0 0.142857 0 0 0 0 0 0 0 0.285714 0 0.142857 0.285714 0.142857 0 0 0 0 0 0 0 0 0 0 0 0 0 0 0 0.166667 0 0 0 0 0 0 0 0 0 0 0 0 0 0 0 0 0 0 0 0 0 0 0 0 0 0 0 0 0 0.166667 0.166667 0 0 0 0 0 0 0 0 0 0 0 0 0.333333 0 0 0.166667 0 
ATTTAATA 0.5 0 0 0.5 0.142857 0 0 0.285714 0 0 0 0 0 0 0 0 0.285714 0 0 0.285714 0 0 0 0.166667 0 0 0 0 0 0 0 0 0.166667 0 0 0.166667 0 0 0 0 0 0 0 0 0 0 0 0 0 0 0 0 0 0 0 0 0 0 0 0 0 0 0 0 0 0 0 0 0.166667 0 0 0 0 0 0 0 0 0 0 0 0.166667 0 0 0.166667 
ATTTGTGG 0.125 0 0.375 0.5 0 0 0 0.142857 0 0 0 0 0 0 0.142857 0.142857 0 0 0.285714 0.285714 0 0 0 0 0 0 0 0 0 0 0 0 0 0 0 0.166667 0 0 0 0 0 0 0 0 0 0 0 0 0 0 0 0 0 0 0 0 0 0 0 0 0 0 0 0 0 0 0.166667 0 0 0 0 0 0 0 0 0 0 0 0.166667 0.166667 0 0 0.166667 0.166667 
ATTTTGCG 0.125 0.125 0.25 0.5 0 0 0 0.142857 0 0 0.142857 0 0 0.142857 0 0 0 0 0.142857 0.428571 0 0 0 0 0 0 0 0 0 0 0 0 0 0 0 0.166667 0 0 0 0 0 0 0 0 0 0 0 0 0 0 0 0 0 0 0 0 0 0 0.166667 0 0 0 0 0 0 0 0 0 0 0 0 0 0 0 0 0 0 0.166667 0 0 0 0 0.166667 0.333333 
ATTTTGTG 0.125 0 0.25 0.625 0 0 0 0.142857 0 0 0 0 0 0 0 0.142857 0 0 0.285714 0.428571 0 0 0 0 0 0 0 0 0 0 0 0 0 0 0 0.166667 0 0 0 0 0 0 0 0 0 0 0 0 0 0 0 0 0 0 0 0 0 0 0 0 0 0 0 0 0 0 0.166667 0 0 0 0 0 0 0 0 0 0 0 0 0.166667 0 0 0.166667 0.333333 
ATTTTTGC 0.125 0.125 0.125 0.625 0 0 0 0.142857 0 0 0 0 0 0.142857 0 0 0 0 0.142857 0.571429 0 0 0 0 0 0 0 0 0 0 0 0 0 0 0 0.166667 0 0 0 0 0 0 0 0 0 0 0 0 0 0 0 0 0 0 0 0 0 0 0 0 0 0 0 0 0 0 0 0 0 0 0 0 0 0 0 0 0 0.166667 0 0 0 0 0.166667 0.5 
ATTTTTTC 0.125 0.125 0 0.75 0 0 0 0.142857 0 0 0 0 0 0 0 0 0 0.142857 0 0.714286 0 0 0 0 0 0 0 0 0 0 0 0 0 0 0 0.166667 0 0 0 0 0 0 0 0 0 0 0 0 0 0 0 0 0 0 0 0 0 0 0 0 0 0 0 0 0 0 0 0 0 0 0 0 0 0 0 0 0 0 0 0 0 0.166667 0 0.666667 
CAAAAACA 0.75 0.25 0 0 0.571429 0.142857 0 0 0.285714 0 0 0 0 0 0 0 0 0 0 0 0.5 0.166667 0 0 0.166667 0 0 0 0 0 0 0 0 0 0 0 0.166667 0 0 0 0 0 0 0 0 0 0 0 0 0 0 0 0 0 0 0 0 0 0 0 0 0 0 0 0 0 0 0 0 0 0 0 0 0 0 0 0 0 0 0 0 0 0 0 
CAAAAATA 0.75 0.125 0 0.125 0.571429 0 0 0.142857 0.142857 0 0 0 0 0 0 0 0.142857 0 0 0 0.5 0 0 0.166667 0 0 0 0 0 0 0 0 0.166667 0 0 0 0.166667 0 0 0 0 0 0 0 0 0 0 0 0 0 0 0 0 0 0 0 0 0 0 0 0 0 0 0 0 0 0 0 0 0 0 0 0 0 0 0 0 0 0 0 0 0 0 0 
CAAAACCA 0.625 0.375 0 0 0.428571 0.142857 0 0 0.285714 0.142857 0 0 0 0 0 0 0 0 0 0 0.333333 0.166667 0 0 0 0.166667 0 0 0 0 0 0 0 0 0 0 0.166667 0 0 0 0.166667 0 0 0 0 0 0 0 0 0 0 0 0 0 0 0 0 0 0 0 0 0 0 0 0 0 0 0 0 0 0 0 0 0 0 0 0 0 0 0 0 0 0 0 
CAAAACTA 0.625 0.25 0 0.125 0.428571 0.142857 0 0 0.142857 0 0 0.142857 0 0 0 0 0.142857 0 0 0 0.333333 0.166667 0 0 0 0 0 0.166667 0 0 0 0 0 0 0 0 0.166667 0 0 0 0 0 0 0 0 0 0 0 0.166667 0 0 0 0 0 0 0 0 0 0 0 0 0 0 0 0 0 0 0 0 0 0 0 0 0 0 0 0 0 0 0 0 0 0 0 
CAAAATCA 0.625 0.25 0 0.125 0.428571 0 0 0.142857 0.285714 0 0 0 0 0 0 0 0 0.142857 0 0 0.333333 0 0 0.166667 0 0 0 0 0 0 0 0 0 0.166667 0 0 0.166667 0 0 0 0 0 0 0 0 0 0 0 0 0 0 0 0 0 0 0 0 0 0 0 0 0 0 0 0 0 0 0 0 0 0 0 0.166667 0 0 0 0 0 0 0 0 0 0 0 
CAAAATTA 0.625 0.125 0 0.25 0.428571 0 0 0.142857 0.142857 0 0 0 0 0 0 0 0.142857 0 0 0.142857 0.333333 0 0 0.166667 0 0 0 0 0 0 0 0 0 0 0 0.166667 0.166667 0 0 0 0 0 0 0 0 0 0 0 0 0 0 0 0 0 0 0 0 0 0 0 0 0 0 0 0 0 0 0 0 0 0 0 0 0 0 0 0 0 0 0 0.166667 0 0 0 
CAAACTAA 0.625 0.25 0 0.125 0.428571 0.142857 0 0 0.142857 0 0 0.142857 0 0 0 0 0.142857 0 0 0 0.166667 0.166667 0 0 0 0 0 0.166667 0 0 0 0 0 0 0 0 0.166667 0 0 0 0 0 0 0 0 0 0 0 0.166667 0 0 0 0 0 0 0 0 0 0 0 0 0 0 0 0 0 0 0 0.166667 0 0 0 0 0 0 0 0 0 0 0 0 0 0 0 
CAAAGAAA 0.75 0.125 0.125 0 0.571429 0 0.142857 0 0.142857 0 0 0 0.142857 0 0 0 0 0 0 0 0.333333 0 0.166667 0 0 0 0 0 0.166667 0 0 0 0 0 0 0 0.166667 0 0 0 0 0 0 0 0 0 0 0 0 0 0 0 0.166667 0 0 0 0 0 0 0 0 0 0 0 0 0 0 0 0 0 0 0 0 0 0 0 0 0 0 0 0 0 0 0 
CAAAGAAC 0.625 0.25 0.125 0 0.428571 0.142857 0.142857 0 0.142857 0 0 0 0.142857 0 0 0 0 0 0 0 0.166667 0.166667 0.166667 0 0 0 0 0 0.166667 0 0 0 0 0 0 0 0.166667 0 0 0 0 0 0 0 0 0 0 0 0 0 0 0 0.166667 0 0 0 0 0 0 0 0 0 0 0 0 0 0 0 0 0 0 0 0 0 0 0 0 0 0 0 0 0 0 0 
CACAAAAA 0.75 0.25 0 0 0.571429 0.142857 0 0 0.285714 0 0 0 0 0 0 0 0 0 0 0 0.5 0 0 0 0.166667 0 0 0 0 0 0 0 0 0 0 0 0.166667 0.166667 0 0 0 0 0 0 0 0 0 0 0 0 0 0 0 0 0 0 0 0 0 0 0 0 0 0 0 0 0 0 0 0 0 0 0 0 0 0 0 0 0 0 0 0 0 0 
CACAAAAC 0.625 0.375 0 0 0.428571 0.285714 0 0 0.285714 0 0 0 0 0 0 0 0 0 0 0 0.333333 0.166667 0 0 0.166667 0 0 0 0 0 0 0 0 0 0 0 0.166667 0.166667 0 0 0 0 0 0 0 0 0 0 0 0 0 0 0 0 0 0 0 0 0 0 0 0 0 0 0 0 0 0 0 0 0 0 0 0 0 0 0 0 0 0 0 0 0 0 
CACAAAAG 0.625 0.25 0.125 0 0.428571 0.142857 0.142857 0 0.285714 0 0 0 0 0 0 0 0 0 0 0 0.333333 0 0.166667 0 0.166667 0 0 0 0 0 0 0 0 0 0 0 0.166667 0.166667 0 0 0 0 0 0 0 0 0 0 0 0 0 0 0 0 0 0 0 0 0 0 0 0 0 0 0 0 0 0 0 0 0 0 0 0 0 0 0 0 0 0 0 0 0 0 
CACAAACA 0.625 0.375 0 0 0.285714 0.285714 0 0 0.428571 0 0 0 0 0 0 0 0 0 0 0 0.166667 0.166667 0 0 0.333333 0 0 0 0 0 0 0 0 0 0 0 0.166667 0.166667 0 0 0 0 0 0 0 0 0 0 0 0 0 0 0 0 0 0 0 0 0 0 0 0 0 0 0 0 0 0 0 0 0 0 0 0 0 0 0 0 0 0 0 0 0 0 
CACAAACC 0.5 0.5 0 0 0.285714 0.285714 0 0 0.285714 0.142857 0 0 0 0 0 0 0 0 0 0 0.166667 0.166667 0 0 0.166667 0.166667 0 0 0 0 0 0 0 0 0 0 0.166667 0.166667 0 0 0 0 0 0 0 0 0 0 0 0 0 0 0 0 0 0 0 0 0 0 0 0 0 0 0 0 0 0 0 0 0 0 0 0 0 0 0 0 0 0 0 0 0 0 
CACAAACG 0.5 0.375 0.125 0 0.285714 0.285714 0 0 0.285714 0 0.142857 0 0 0 0 0 0 0 0 0 0.166667 0.166667 0 0 0.166667 0 0.166667 0 0 0 0 0 0 0 0 0 0.166667 0.166667 0 0 0 0 0 0 0 0 0 0 0 0 0 0 0 0 0 0 0 0 0 0 0 0 0 0 0 0 0 0 0 0 0 0 0 0 0 0 0 0 0 0 0 0 0 0 
CACAAAGA 0.625 0.25 0.125 0 0.285714 0.142857 0.142857 0 0.285714 0 0 0 0.142857 0 0 0 0 0 0 0 0.166667 0 0.166667 0 0.166667 0 0 0 0.166667 0 0 0 0 0 0 0 0.166667 0.166667 0 0 0 0 0 0 0 0 0 0 0 0 0 0 0 0 0 0 0 0 0 0 0 0 0 0 0 0 0 0 0 0 0 0 0 0 0 0 0 0 0 0 0 0 0 0 
CACAAAGC 0.5 0.375 0.125 0 0.285714 0.142857 0.142857 0 0.285714 0 0 0 0 0.142857 0 0 0 0 0 0 0.166667 0 0.166667 0 0.166667 0 0 0 0 0.166667 0 0 0 0 0 0 0.166667 0.166667 0 0 0 0 0 0 0 0 0 0 0 0 0 0 0 0 0 0 0 0 0 0 0 0 0 0 0 0 0 0 0 0 0 0 0 0 0 0 0 0 0 0 0 0 0 0 
CACAAAGG 0.5 0.25 0.25 0 0.285714 0.142857 0.142857 0 0.285714 0 0 0 0 0 0.142857 0 0 0 0 0 0.166667 0 0.166667 0 0.166667 0 0 0 0 0 0.166667 0 0 0 0 0 0.166667 0.166667 0 0 0 0 0 0 0 0 0 0 0 0 0 0 0 0 0 0 0 0 0 0 0 0 0 0 0 0 0 0 0 0 0 0 0 0 0 0 0 0 0 0 0 0 0 0 
CACAAATA 0.625 0.25 0 0.125 0.285714 0.142857 0 0.142857 0.285714 0 0 0 0 0 0 0 0.142857 0 0 0 0.166667 0 0 0.166667 0.166667 0 0 0 0 0 0 0 0.166667 0 0 0 0.166667 0.166667 0 0 0 0 0 0 0 0 0 0 0 0 0 0 0 0 0 0 0 0 0 0 0 0 0 0 0 0 0 0 0 0 0 0 0 0 0 0 0 0 0 0 0 0 0 0 
CACAAATG 0.5 0.25 0.125 0.125 0.285714 0.142857 0 0.142857 0.285714 0 0 0 0 0 0 0 0 0 0.142857 0 0.166667 0 0 0.166667 0.166667 0 0 0 0 0 0 0 0 0 0.166667 0 0.166667 0.166667 0 0 0 0 0 0 0 0 0 0 0 0 0 0 0 0 0 0 0 0 0 0 0 0 0 0 0 0 0 0 0 0 0 0 0 0 0 0 0 0 0 0 0 0 0 0 
CACAAGAA 0.625 0.25 0.125 0 0.285714 0.142857 0.142857 0 0.285714 0 0 0 0.142857 0 0 0 0 0 0 0 0 0 0.166667 0 0.166667 0 0 0 0.166667 0 0 0 0 0 0 0 0.166667 0.166667 0 0 0 0 0 0 0 0 0 0 0 0 0 0 0.166667 0 0 0 0 0 0 0 0 0 0 0 0 0 0 0 0 0 0 0 0 0 0 0 0 0 0 0 0 0 0 0 
CACAATAA 0.625 0.25 0 0.125 0.285714 0.142857 0 0.142857 0.285714 0 0 0 0 0 0 0 0.142857 0 0 0 0 0 0 0.166667 0.166667 0 0 0 0 0 0 0 0.166667 0 0 0 0.166667 0.166667 0 0 0 0 0 0 0 0 0 0 0 0 0 0 0 0 0 0 0 0 0 0 0 0 0 0 0 0 0 0 0.166667 0 0 0 0 0 0 0 0 0 0 0 0 0 0 0 
CACACAAA 0.625 0.375 0 0 0.285714 0.285714 0 0 0.428571 0 0 0 0 0 0 0 0 0 0 0 0.166667 0 0 0 0.333333 0 0 0 0 0 0 0 0 0 0 0 0.166667 0.333333 0 0 0 0 0 0 0 0 0 0 0 0 0 0 0 0 0 0 0 0 0 0 0 0 0 0 0 0 0 0 0 0 0 0 0 0 0 0 0 0 0 0 0 0 0 0 
CACCACAA 0.5 0.5 0 0 0.142857 0.285714 0 0 0.428571 0.142857 0 0 0 0 0 0 0 0 0 0 0 0 0 0 0.166667 0.166667 0 0 0 0 0 0 0 0 0 0 0.166667 0.333333 0 0 0.166667 0 0 0 0 0 0 0 0 0 0 0 0 0 0 0 0 0 0 0 0 0 0 0 0 0 0 0 0 0 0 0 0 0 0 0 0 0 0 0 0 0 0 0 
CCACAAAA 0.625 0.375 0 0 0.428571 0.142857 0 0 0.285714 0.142857 0 0 0 0 0 0 0 0 0 0 0.333333 0 0 0 0.166667 0 0 0 0 0 0 0 0 0 0 0 0.166667 0.166667 0 0 0.166667 0 0 0 0 0 0 0 0 0 0 0 0 0 0 0 0 0 0 0 0 0 0 0 0 0 0 0 0 0 0 0 0 0 0 0 0 0 0 0 0 0 0 0 
CCACAAAC 0.5 0.5 0 0 0.285714 0.285714 0 0 0.285714 0.142857 0 0 0 0 0 0 0 0 0 0 0.166667 0.166667 0 0 0.166667 0 0 0 0 0 0 0 0 0 0 0 0.166667 0.166667 0 0 0.166667 0 0 0 0 0 0 0 0 0 0 0 0 0 0 0 0 0 0 0 0 0 0 0 0 0 0 0 0 0 0 0 0 0 0 0 0 0 0 0 0 0 0 0 
CCACAAAG 0.5 0.375 0.125 0 0.285714 0.142857 0.142857 0 0.285714 0.142857 0 0 0 0 0 0 0 0 0 0 0.166667 0 0.166667 0 0.166667 0 0 0 0 0 0 0 0 0 0 0 0.166667 0.166667 0 0 0.166667 0 0 0 0 0 0 0 0 0 0 0 0 0 0 0 0 0 0 0 0 0 0 0 0 0 0 0 0 0 0 0 0 0 0 0 0 0 0 0 0 0 0 0 
CCACAATA 0.5 0.375 0 0.125 0.142857 0.142857 0 0.142857 0.285714 0.142857 0 0 0 0 0 0 0.142857 0 0 0 0 0 0 0.166667 0.166667 0 0 0 0 0 0 0 0.166667 0 0 0 0.166667 0.166667 0 0 0.166667 0 0 0 0 0 0 0 0 0 0 0 0 0 0 0 0 0 0 0 0 0 0 0 0 0 0 0 0 0 0 0 0 0 0 0 0 0 0 0 0 0 0 0 
CCGCAAAA 0.5 0.375 0.125 0 0.428571 0 0 0 0.142857 0.142857 0.142857 0 0 0.142857 0 0 0 0 0 0 0.333333 0 0 0 0 0 0 0 0 0 0 0 0 0 0 0 0.166667 0 0 0 0 0 0.166667 0 0 0.166667 0 0 0 0 0 0 0 0 0 0 0.166667 0 0 0 0 0 0 0 0 0 0 0 0 0 0 0 0 0 0 0 0 0 0 0 0 0 0 0 
CGAAAAAA 0.75 0.125 0.125 0 0.714286 0 0 0 0 0 0.142857 0 0.142857 0 0 0 0 0 0 0 0.666667 0 0 0 0 0 0 0 0 0 0 0 0 0 0 0 0 0 0 0 0 0 0 0 0.166667 0 0 0 0 0 0 0 0.166667 0 0 0 0 0 0 0 0 0 0 0 0 0 0 0 0 0 0 0 0 0 0 0 0 0 0 0 0 0 0 0 
CGCAAAAA 0.625 0.25 0.125 0 0.571429 0 0 0 0.142857 0 0.142857 0 0 0.142857 0 0 0 0 0 0 0.5 0 0 0 0 0 0 0 0 0 0 0 0 0 0 0 0.166667 0 0 0 0 0 0 0 0 0.166667 0 0 0 0 0 0 0 0 0 0 0.166667 0 0 0 0 0 0 0 0 0 0 0 0 0 0 0 0 0 0 0 0 0 0 0 0 0 0 0 
CGCCACAA 0.375 0.5 0.125 0 0.142857 0.142857 0 0 0.285714 0.142857 0.142857 0 0 0.142857 0 0 0 0 0 0 0 0 0 0 0.166667 0 0 0 0 0 0 0 0 0 0 0 0.166667 0.166667 0 0 0.166667 0 0 0 0 0.166667 0 0 0 0 0 0 0 0 0 0 0 0.166667 0 0 0 0 0 0 0 0 0 0 0 0 0 0 0 0 0 0 0 0 0 0 0 0 0 0 
CTCTTAAA 0.375 0.25 0 0.375 0.285714 0 0 0 0 0 0 0.285714 0 0 0 0 0.142857 0.142857 0 0.142857 0.166667 0 0 0 0 0 0 0 0 0 0 0 0 0 0 0 0 0 0 0 0 0 0 0 0 0 0 0 0 0.166667 0 0.166667 0 0 0 0 0 0 0 0 0 0 0 0 0 0 0 0 0.166667 0 0 0 0 0 0 0.166667 0 0 0 0 0.166667 0 0 0 
CTTTGTGA 0.125 0.125 0.25 0.5 0 0 0 0 0 0 0 0.142857 0.142857 0 0 0.142857 0 0 0.285714 0.285714 0 0 0 0 0 0 0 0 0 0 0 0 0 0 0 0 0 0 0 0 0 0 0 0 0 0 0 0 0 0 0 0.166667 0 0 0 0 0 0 0 0 0 0 0 0 0 0 0.166667 0 0 0 0 0 0 0 0 0 0.166667 0 0 0.166667 0 0 0.166667 0.166667 
CTTTGTGC 0 0.25 0.25 0.5 0 0 0 0 0 0 0 0.142857 0 0.142857 0 0.142857 0 0 0.285714 0.285714 0 0 0 0 0 0 0 0 0 0 0 0 0 0 0 0 0 0 0 0 0 0 0 0 0 0 0 0 0 0 0 0.166667 0 0 0 0 0 0 0 0 0 0 0 0 0 0 0.166667 0 0 0 0 0 0 0 0 0 0 0.166667 0 0.166667 0 0 0.166667 0.166667 
GAAAAAAA 0.875 0 0.125 0 0.857143 0 0 0 0 0 0 0 0.142857 0 0 0 0 0 0 0 0.833333 0 0 0 0 0 0 0 0 0 0 0 0 0 0 0 0 0 0 0 0 0 0 0 0 0 0 0 0 0 0 0 0.166667 0 0 0 0 0 0 0 0 0 0 0 0 0 0 0 0 0 0 0 0 0 0 0 0 0 0 0 0 0 0 0 
GAAAAAGA 0.75 0 0.25 0 0.571429 0 0.142857 0 0 0 0 0 0.285714 0 0 0 0 0 0 0 0.5 0 0.166667 0 0 0 0 0 0.166667 0 0 0 0 0 0 0 0 0 0 0 0 0 0 0 0 0 0 0 0 0 0 0 0.166667 0 0 0 0 0 0 0 0 0 0 0 0 0 0 0 0 0 0 0 0 0 0 0 0 0 0 0 0 0 0 0 
GAAAGAAA 0.75 0 0.25 0 0.571429 0 0.142857 0 0 0 0 0 0.285714 0 0 0 0 0 0 0 0.333333 0 0.166667 0 0 0 0 0 0.166667 0 0 0 0 0 0 0 0 0 0 0 0 0 0 0 0 0 0 0 0 0 0 0 0.333333 0 0 0 0 0 0 0 0 0 0 0 0 0 0 0 0 0 0 0 0 0 0 0 0 0 0 0 0 0 0 0 
GAAATGAA 0.625 0 0.25 0.125 0.428571 0 0 0.142857 0 0 0 0 0.285714 0 0 0 0 0 0.142857 0 0.166667 0 0 0.166667 0 0 0 0 0 0 0 0 0 0 0.166667 0 0 0 0 0 0 0 0 0 0 0 0 0 0 0 0 0 0.333333 0 0 0 0 0 0 0 0 0 0 0 0 0 0 0 0 0 0 0 0 0 0 0 0.166667 0 0 0 0 0 0 0 
GACACAAA 0.625 0.25 0.125 0 0.285714 0.285714 0 0 0.285714 0 0 0 0.142857 0 0 0 0 0 0 0 0.166667 0 0 0 0.333333 0 0 0 0 0 0 0 0 0 0 0 0.166667 0.166667 0 0 0 0 0 0 0 0 0 0 0 0 0 0 0 0.166667 0 0 0 0 0 0 0 0 0 0 0 0 0 0 0 0 0 0 0 0 0 0 0 0 0 0 0 0 0 0 
GACCACAA 0.5 0.375 0.125 0 0.142857 0.285714 0 0 0.285714 0.142857 0 0 0.142857 0 0 0 0 0 0 0 0 0 0 0 0.166667 0.166667 0 0 0 0 0 0 0 0 0 0 0.166667 0.166667 0 0 0.166667 0 0 0 0 0 0 0 0 0 0 0 0 0.166667 0 0 0 0 0 0 0 0 0 0 0 0 0 0 0 0 0 0 0 0 0 0 0 0 0 0 0 0 0 0 
GACGCAAA 0.5 0.25 0.25 0 0.285714 0.142857 0 0 0.142857 0 0.142857 0 0.142857 0.142857 0 0 0 0 0 0 0.166667 0 0 0 0 0 0.166667 0 0 0 0 0 0 0 0 0 0.166667 0 0 0 0 0 0 0 0 0.166667 0 0 0 0 0 0 0 0.166667 0 0 0.166667 0 0 0 0 0 0 0 0 0 0 0 0 0 0 0 0 0 0 0 0 0 0 0 0 0 0 0 
GAGAGAAA 0.625 0 0.375 0 0.285714 0 0.285714 0 0 0 0 0 0.428571 0 0 0 0 0 0 0 0.166667 0 0 0 0 0 0 0 0.333333 0 0 0 0 0 0 0 0 0 0 0 0 0 0 0 0 0 0 0 0 0 0 0 0.166667 0 0.333333 0 0 0 0 0 0 0 0 0 0 0 0 0 0 0 0 0 0 0 0 0 0 0 0 0 0 0 0 0 
GATTAAAA 0.625 0 0.125 0.25 0.428571 0 0 0.142857 0 0 0 0 0.142857 0 0 0 0.142857 0 0 0.142857 0.333333 0 0 0 0 0 0 0 0 0 0 0 0 0 0 0.166667 0 0 0 0 0 0 0 0 0 0 0 0 0 0 0 0 0 0 0 0.166667 0 0 0 0 0 0 0 0 0 0 0 0 0.166667 0 0 0 0 0 0 0 0 0 0 0 0.166667 0 0 0 
GCAAAAAC 0.625 0.25 0.125 0 0.571429 0.142857 0 0 0.142857 0 0 0 0 0.142857 0 0 0 0 0 0 0.5 0.166667 0 0 0 0 0 0 0 0 0 0 0 0 0 0 0.166667 0 0 0 0 0 0 0 0 0 0 0 0 0 0 0 0 0 0 0 0.166667 0 0 0 0 0 0 0 0 0 0 0 0 0 0 0 0 0 0 0 0 0 0 0 0 0 0 0 
GCACAAAA 0.625 0.25 0.125 0 0.428571 0.142857 0 0 0.285714 0 0 0 0 0.142857 0 0 0 0 0 0 0.333333 0 0 0 0.166667 0 0 0 0 0 0 0 0 0 0 0 0.166667 0.166667 0 0 0 0 0 0 0 0 0 0 0 0 0 0 0 0 0 0 0.166667 0 0 0 0 0 0 0 0 0 0 0 0 0 0 0 0 0 0 0 0 0 0 0 0 0 0 0 
GCCACAAA 0.5 0.375 0.125 0 0.285714 0.142857 0 0 0.285714 0.142857 0 0 0 0.142857 0 0 0 0 0 0 0.166667 0 0 0 0.166667 0 0 0 0 0 0 0 0 0 0 0 0.166667 0.166667 0 0 0.166667 0 0 0 0 0 0 0 0 0 0 0 0 0 0 0 0 0.166667 0 0 0 0 0 0 0 0 0 0 0 0 0 0 0 0 0 0 0 0 0 0 0 0 0 0 
GCCGCAAA 0.375 0.375 0.25 0 0.285714 0 0 0 0.142857 0.142857 0.142857 0 0 0.285714 0 0 0 0 0 0 0.166667 0 0 0 0 0 0 0 0 0 0 0 0 0 0 0 0.166667 0 0 0 0 0 0.166667 0 0 0.166667 0 0 0 0 0 0 0 0 0 0 0.166667 0.166667 0 0 0 0 0 0 0 0 0 0 0 0 0 0 0 0 0 0 0 0 0 0 0 0 0 0 
GGACACAA 0.5 0.25 0.25 0 0.142857 0.285714 0 0 0.285714 0 0 0 0.142857 0 0.142857 0 0 0 0 0 0 0 0 0 0.333333 0 0 0 0 0 0 0 0 0 0 0 0.166667 0.166667 0 0 0 0 0 0 0 0 0 0 0 0 0 0 0 0.166667 0 0 0 0 0 0 0.166667 0 0 0 0 0 0 0 0 0 0 0 0 0 0 0 0 0 0 0 0 0 0 0 
GGAGATAA 0.5 0 0.375 0.125 0.142857 0 0.142857 0.142857 0 0 0 0 0.285714 0 0.142857 0 0.142857 0 0 0 0 0 0 0 0 0 0 0 0.166667 0 0 0 0.166667 0 0 0 0 0 0 0 0 0 0 0 0 0 0 0 0 0 0 0 0 0 0.166667 0.166667 0 0 0 0 0.166667 0 0 0 0 0 0 0 0.166667 0 0 0 0 0 0 0 0 0 0 0 0 0 0 0 
GGCACAAA 0.5 0.25 0.25 0 0.285714 0.142857 0 0 0.285714 0 0 0 0 0.142857 0.142857 0 0 0 0 0 0.166667 0 0 0 0.166667 0 0 0 0 0 0 0 0 0 0 0 0.166667 0.166667 0 0 0 0 0 0 0 0 0 0 0 0 0 0 0 0 0 0 0.166667 0 0 0 0 0.166667 0 0 0 0 0 0 0 0 0 0 0 0 0 0 0 0 0 0 0 0 0 0 
GGCCACAA 0.375 0.375 0.25 0 0.142857 0.142857 0 0 0.285714 0.142857 0 0 0 0.142857 0.142857 0 0 0 0 0 0 0 0 0 0.166667 0 0 0 0 0 0 0 0 0 0 0 0.166667 0.166667 0 0 0.166667 0 0 0 0 0 0 0 0 0 0 0 0 0 0 0 0 0.166667 0 0 0 0.166667 0 0 0 0 0 0 0 0 0 0 0 0 0 0 0 0 0 0 0 0 0 0 
GGGGGAGA 0.25 0 0.75 0 0 0 0.142857 0 0 0 0 0 0.285714 0 0.571429 0 0 0 0 0 0 0 0 0 0 0 0 0 0.166667 0 0 0 0 0 0 0 0 0 0 0 0 0 0 0 0 0 0 0 0 0 0 0 0 0 0.166667 0 0 0 0 0 0.166667 0 0.5 0 0 0 0 0 0 0 0 0 0 0 0 0 0 0 0 0 0 0 0 0 
GGTACAAA 0.5 0.125 0.25 0.125 0.285714 0.142857 0 0 0.142857 0 0 0 0 0 0.142857 0.142857 0.142857 0 0 0 0.166667 0 0 0 0.166667 0 0 0 0 0 0 0 0 0 0 0 0.166667 0 0 0 0 0 0 0 0 0 0 0 0 0 0 0 0 0 0 0 0 0 0 0 0 0 0 0.166667 0.166667 0 0 0 0 0.166667 0 0 0 0 0 0 0 0 0 0 0 0 0 0 
GTACAAAA 0.625 0.125 0.125 0.125 0.428571 0.142857 0 0 0.142857 0 0 0 0 0 0 0.142857 0.142857 0 0 0 0.333333 0 0 0 0.166667 0 0 0 0 0 0 0 0 0 0 0 0.166667 0 0 0 0 0 0 0 0 0 0 0 0 0 0 0 0 0 0 0 0 0 0 0 0 0 0 0 0.166667 0 0 0 0 0.166667 0 0 0 0 0 0 0 0 0 0 0 0 0 0 
GTACACAA 0.5 0.25 0.125 0.125 0.142857 0.285714 0 0 0.285714 0 0 0 0 0 0 0.142857 0.142857 0 0 0 0 0 0 0 0.333333 0 0 0 0 0 0 0 0 0 0 0 0.166667 0.166667 0 0 0 0 0 0 0 0 0 0 0 0 0 0 0 0 0 0 0 0 0 0 0 0 0 0 0.166667 0 0 0 0 0.166667 0 0 0 0 0 0 0 0 0 0 0 0 0 0 
GTCACAAA 0.5 0.25 0.125 0.125 0.285714 0.142857 0 0 0.285714 0 0 0 0 0 0 0.142857 0 0.142857 0 0 0.166667 0 0 0 0.166667 0 0 0 0 0 0 0 0 0 0 0 0.166667 0.166667 0 0 0 0 0 0 0 0 0 0 0 0 0 0 0 0 0 0 0 0 0 0 0 0 0 0 0 0.166667 0 0 0 0 0 0 0.166667 0 0 0 0 0 0 0 0 0 0 0 
GTGCACAA 0.375 0.25 0.25 0.125 0.142857 0.142857 0 0 0.285714 0 0 0 0 0.142857 0 0.142857 0 0 0.142857 0 0 0 0 0 0.166667 0 0 0 0 0 0 0 0 0 0 0 0.166667 0.166667 0 0 0 0 0 0 0 0 0 0 0 0 0 0 0 0 0 0 0.166667 0 0 0 0 0 0 0 0 0 0.166667 0 0 0 0 0 0 0 0 0 0 0.166667 0 0 0 0 0 0 
GTGGAAAA 0.5 0 0.375 0.125 0.428571 0 0 0 0 0 0 0 0.142857 0 0.142857 0.142857 0 0 0.142857 0 0.333333 0 0 0 0 0 0 0 0 0 0 0 0 0 0 0 0 0 0 0 0 0 0 0 0 0 0 0 0 0 0 0 0.166667 0 0 0 0 0 0 0 0.166667 0 0 0 0 0 0.166667 0 0 0 0 0 0 0 0 0 0 0 0.166667 0 0 0 0 0 
TAAAAAGA 0.75 0 0.125 0.125 0.571429 0 0.142857 0 0 0 0 0 0.142857 0 0 0 0.142857 0 0 0 0.5 0 0.166667 0 0 0 0 0 0.166667 0 0 0 0 0 0 0 0 0 0 0 0 0 0 0 0 0 0 0 0 0 0 0 0 0 0 0 0 0 0 0 0 0 0 0 0 0 0 0 0.166667 0 0 0 0 0 0 0 0 0 0 0 0 0 0 0 
TAATAAAA 0.75 0 0 0.25 0.571429 0 0 0.142857 0 0 0 0 0 0 0 0 0.285714 0 0 0 0.333333 0 0 0.166667 0 0 0 0 0 0 0 0 0.166667 0 0 0 0 0 0 0 0 0 0 0 0 0 0 0 0 0 0 0 0 0 0 0 0 0 0 0 0 0 0 0 0 0 0 0 0.333333 0 0 0 0 0 0 0 0 0 0 0 0 0 0 0 
TAATGAAA 0.625 0 0.125 0.25 0.428571 0 0 0.142857 0 0 0 0 0.142857 0 0 0 0.142857 0 0.142857 0 0.166667 0 0 0.166667 0 0 0 0 0 0 0 0 0 0 0.166667 0 0 0 0 0 0 0 0 0 0 0 0 0 0 0 0 0 0.166667 0 0 0 0 0 0 0 0 0 0 0 0 0 0 0 0.166667 0 0 0 0 0 0 0 0.166667 0 0 0 0 0 0 0 
TACAAAAA 0.75 0.125 0 0.125 0.571429 0.142857 0 0 0.142857 0 0 0 0 0 0 0 0.142857 0 0 0 0.5 0 0 0 0.166667 0 0 0 0 0 0 0 0 0 0 0 0.166667 0 0 0 0 0 0 0 0 0 0 0 0 0 0 0 0 0 0 0 0 0 0 0 0 0 0 0 0 0 0 0 0 0.166667 0 0 0 0 0 0 0 0 0 0 0 0 0 0 
TACAAAGA 0.625 0.125 0.125 0.125 0.285714 0.142857 0.142857 0 0.142857 0 0 0 0.142857 0 0 0 0.142857 0 0 0 0.166667 0 0.166667 0 0.166667 0 0 0 0.166667 0 0 0 0 0 0 0 0.166667 0 0 0 0 0 0 0 0 0 0 0 0 0 0 0 0 0 0 0 0 0 0 0 0 0 0 0 0 0 0 0 0 0.166667 0 0 0 0 0 0 0 0 0 0 0 0 0 0 
TACACAAA 0.625 0.25 0 0.125 0.285714 0.285714 0 0 0.285714 0 0 0 0 0 0 0 0.142857 0 0 0 0.166667 0 0 0 0.333333 0 0 0 0 0 0 0 0 0 0 0 0.166667 0.166667 0 0 0 0 0 0 0 0 0 0 0 0 0 0 0 0 0 0 0 0 0 0 0 0 0 0 0 0 0 0 0 0.166667 0 0 0 0 0 0 0 0 0 0 0 0 0 0 
TACCACAA 0.5 0.375 0 0.125 0.142857 0.285714 0 0 0.285714 0.142857 0 0 0 0 0 0 0.142857 0 0 0 0 0 0 0 0.166667 0.166667 0 0 0 0 0 0 0 0 0 0 0.166667 0.166667 0 0 0.166667 0 0 0 0 0 0 0 0 0 0 0 0 0 0 0 0 0 0 0 0 0 0 0 0 0 0 0 0 0.166667 0 0 0 0 0 0 0 0 0 0 0 0 0 0 
TAGATTAA 0.5 0 0.125 0.375 0.142857 0 0.142857 0.142857 0 0 0 0 0.142857 0 0 0 0.285714 0 0 0.142857 0 0 0 0 0 0 0 0 0.166667 0 0 0 0 0 0 0.166667 0 0 0 0 0 0 0 0 0 0 0 0 0 0 0 0 0 0 0 0.166667 0 0 0 0 0 0 0 0 0 0 0 0 0.166667 0 0.166667 0 0 0 0 0 0 0 0 0 0.166667 0 0 0 
TATACAAA 0.625 0.125 0 0.25 0.285714 0.142857 0 0.142857 0.142857 0 0 0 0 0 0 0 0.285714 0 0 0 0.166667 0 0 0 0.166667 0 0 0 0 0 0 0 0.166667 0 0 0 0.166667 0 0 0 0 0 0 0 0 0 0 0 0 0 0 0 0 0 0 0 0 0 0 0 0 0 0 0 0 0 0 0 0 0.166667 0 0.166667 0 0 0 0 0 0 0 0 0 0 0 0 
TATTGAAA 0.5 0 0.125 0.375 0.285714 0 0 0.142857 0 0 0 0 0.142857 0 0 0 0.142857 0 0.142857 0.142857 0.166667 0 0 0 0 0 0 0 0 0 0 0 0 0 0 0.166667 0 0 0 0 0 0 0 0 0 0 0 0 0 0 0 0 0.166667 0 0 0 0 0 0 0 0 0 0 0 0 0 0 0 0 0 0 0.166667 0 0 0 0 0.166667 0 0 0 0 0 0.166667 0 
TCAAGAAA 0.625 0.125 0.125 0.125 0.428571 0 0.142857 0 0.142857 0 0 0 0.142857 0 0 0 0 0.142857 0 0 0.166667 0 0.166667 0 0 0 0 0 0.166667 0 0 0 0 0 0 0 0.166667 0 0 0 0 0 0 0 0 0 0 0 0 0 0 0 0.166667 0 0 0 0 0 0 0 0 0 0 0 0 0 0 0 0 0 0 0 0.166667 0 0 0 0 0 0 0 0 0 0 0 
TCACAAAA 0.625 0.25 0 0.125 0.428571 0.142857 0 0 0.285714 0 0 0 0 0 0 0 0 0.142857 0 0 0.333333 0 0 0 0.166667 0 0 0 0 0 0 0 0 0 0 0 0.166667 0.166667 0 0 0 0 0 0 0 0 0 0 0 0 0 0 0 0 0 0 0 0 0 0 0 0 0 0 0 0 0 0 0 0 0 0 0.166667 0 0 0 0 0 0 0 0 0 0 0 
TCCACAAA 0.5 0.375 0 0.125 0.285714 0.142857 0 0 0.285714 0.142857 0 0 0 0 0 0 0 0.142857 0 0 0.166667 0 0 0 0.166667 0 0 0 0 0 0 0 0 0 0 0 0.166667 0.166667 0 0 0.166667 0 0 0 0 0 0 0 0 0 0 0 0 0 0 0 0 0 0 0 0 0 0 0 0 0 0 0 0 0 0 0 0 0.166667 0 0 0 0 0 0 0 0 0 0 
TGAAAAAA 0.75 0 0.125 0.125 0.714286 0 0 0 0 0 0 0 0.142857 0 0 0 0 0 0.142857 0 0.666667 0 0 0 0 0 0 0 0 0 0 0 0 0 0 0 0 0 0 0 0 0 0 0 0 0 0 0 0 0 0 0 0.166667 0 0 0 0 0 0 0 0 0 0 0 0 0 0 0 0 0 0 0 0 0 0 0 0.166667 0 0 0 0 0 0 0 
TGAAAGAA 0.625 0 0.25 0.125 0.428571 0 0.142857 0 0 0 0 0 0.285714 0 0 0 0 0 0.142857 0 0.166667 0 0.166667 0 0 0 0 0 0.166667 0 0 0 0 0 0 0 0 0 0 0 0 0 0 0 0 0 0 0 0 0 0 0 0.333333 0 0 0 0 0 0 0 0 0 0 0 0 0 0 0 0 0 0 0 0 0 0 0 0.166667 0 0 0 0 0 0 0 
TGACACAA 0.5 0.25 0.125 0.125 0.142857 0.285714 0 0 0.285714 0 0 0 0.142857 0 0 0 0 0 0.142857 0 0 0 0 0 0.333333 0 0 0 0 0 0 0 0 0 0 0 0.166667 0.166667 0 0 0 0 0 0 0 0 0 0 0 0 0 0 0 0.166667 0 0 0 0 0 0 0 0 0 0 0 0 0 0 0 0 0 0 0 0 0 0 0.166667 0 0 0 0 0 0 0 
TGAGAGAA 0.5 0 0.375 0.125 0.142857 0 0.285714 0 0 0 0 0 0.428571 0 0 0 0 0 0.142857 0 0 0 0 0 0 0 0 0 0.333333 0 0 0 0 0 0 0 0 0 0 0 0 0 0 0 0 0 0 0 0 0 0 0 0.166667 0 0.333333 0 0 0 0 0 0 0 0 0 0 0 0 0 0 0 0 0 0 0 0 0 0.166667 0 0 0 0 0 0 0 
TGCACAAA 0.5 0.25 0.125 0.125 0.285714 0.142857 0 0 0.285714 0 0 0 0 0.142857 0 0 0 0 0.142857 0 0.166667 0 0 0 0.166667 0 0 0 0 0 0 0 0 0 0 0 0.166667 0.166667 0 0 0 0 0 0 0 0 0 0 0 0 0 0 0 0 0 0 0.166667 0 0 0 0 0 0 0 0 0 0 0 0 0 0 0 0 0 0 0 0 0.166667 0 0 0 0 0 0 
TGCCACAA 0.375 0.375 0.125 0.125 0.142857 0.142857 0 0 0.285714 0.142857 0 0 0 0.142857 0 0 0 0 0.142857 0 0 0 0 0 0.166667 0 0 0 0 0 0 0 0 0 0 0 0.166667 0.166667 0 0 0.166667 0 0 0 0 0 0 0 0 0 0 0 0 0 0 0 0 0.166667 0 0 0 0 0 0 0 0 0 0 0 0 0 0 0 0 0 0 0 0.166667 0 0 0 0 0 0 
TGGAAAAA 0.625 0 0.25 0.125 0.571429 0 0 0 0 0 0 0 0.142857 0 0.142857 0 0 0 0.142857 0 0.5 0 0 0 0 0 0 0 0 0 0 0 0 0 0 0 0 0 0 0 0 0 0 0 0 0 0 0 0 0 0 0 0.166667 0 0 0 0 0 0 0 0.166667 0 0 0 0 0 0 0 0 0 0 0 0 0 0 0 0 0 0.166667 0 0 0 0 0 
TGTACACA 0.375 0.25 0.125 0.25 0 0.285714 0 0 0.285714 0 0 0 0 0 0 0.142857 0.142857 0 0.142857 0 0 0 0 0 0.333333 0 0 0 0 0 0 0 0 0 0 0 0 0.166667 0 0 0 0 0 0 0 0 0 0 0 0 0 0 0 0 0 0 0 0 0 0 0 0 0 0 0.166667 0 0 0 0 0.166667 0 0 0 0 0 0 0 0 0 0.166667 0 0 0 0 
TGTCACAA 0.375 0.25 0.125 0.25 0.142857 0.142857 0 0 0.285714 0 0 0 0 0 0 0.142857 0 0.142857 0.142857 0 0 0 0 0 0.166667 0 0 0 0 0 0 0 0 0 0 0 0.166667 0.166667 0 0 0 0 0 0 0 0 0 0 0 0 0 0 0 0 0 0 0 0 0 0 0 0 0 0 0 0.166667 0 0 0 0 0 0 0.166667 0 0 0 0 0 0 0.166667 0 0 0 0 
TTAAAAAA 0.75 0 0 0.25 0.714286 0 0 0 0 0 0 0 0 0 0 0 0.142857 0 0 0.142857 0.666667 0 0 0 0 0 0 0 0 0 0 0 0 0 0 0 0 0 0 0 0 0 0 0 0 0 0 0 0 0 0 0 0 0 0 0 0 0 0 0 0 0 0 0 0 0 0 0 0.166667 0 0 0 0 0 0 0 0 0 0 0 0.166667 0 0 0 
TTAATAAA 0.625 0 0 0.375 0.428571 0 0 0.142857 0 0 0 0 0 0 0 0 0.285714 0 0 0.142857 0.166667 0 0 0.166667 0 0 0 0 0 0 0 0 0.166667 0 0 0 0 0 0 0 0 0 0 0 0 0 0 0 0 0 0 0 0 0 0 0 0 0 0 0 0 0 0 0 0 0 0 0 0.333333 0 0 0 0 0 0 0 0 0 0 0 0.166667 0 0 0 
TTACACAA 0.5 0.25 0 0.25 0.142857 0.285714 0 0 0.285714 0 0 0 0 0 0 0 0.142857 0 0 0.142857 0 0 0 0 0.333333 0 0 0 0 0 0 0 0 0 0 0 0.166667 0.166667 0 0 0 0 0 0 0 0 0 0 0 0 0 0 0 0 0 0 0 0 0 0 0 0 0 0 0 0 0 0 0 0.166667 0 0 0 0 0 0 0 0 0 0 0.166667 0 0 0 
TTATTAAA 0.5 0 0 0.5 0.285714 0 0 0.142857 0 0 0 0 0 0 0 0 0.285714 0 0 0.285714 0.166667 0 0 0 0 0 0 0 0 0 0 0 0 0 0 0.166667 0 0 0 0 0 0 0 0 0 0 0 0 0 0 0 0 0 0 0 0 0 0 0 0 0 0 0 0 0 0 0 0 0.166667 0 0 0.166667 0 0 0 0 0 0 0 0 0.333333 0 0 0 
TTCACAAA 0.5 0.25 0 0.25 0.285714 0.142857 0 0 0.285714 0 0 0 0 0 0 0 0 0.142857 0 0.142857 0.166667 0 0 0 0.166667 0 0 0 0 0 0 0 0 0 0 0 0.166667 0.166667 0 0 0 0 0 0 0 0 0 0 0 0 0 0 0 0 0 0 0 0 0 0 0 0 0 0 0 0 0 0 0 0 0 0 0.166667 0 0 0 0 0 0 0 0 0.166667 0 0 
TTGATAAA 0.5 0 0.125 0.375 0.285714 0 0 0.142857 0 0 0 0 0.142857 0 0 0 0.142857 0 0.142857 0.142857 0.166667 0 0 0 0 0 0 0 0 0 0 0 0.166667 0 0 0 0 0 0 0 0 0 0 0 0 0 0 0 0 0 0 0 0 0 0 0.166667 0 0 0 0 0 0 0 0 0 0 0 0 0.166667 0 0 0 0 0 0 0 0.166667 0 0 0 0 0 0.166667 0 
TTTCAAAA 0.5 0.125 0 0.375 0.428571 0 0 0 0.142857 0 0 0 0 0 0 0 0 0.142857 0 0.285714 0.333333 0 0 0 0 0 0 0 0 0 0 0 0 0 0 0 0.166667 0 0 0 0 0 0 0 0 0 0 0 0 0 0 0 0 0 0 0 0 0 0 0 0 0 0 0 0 0 0 0 0 0 0 0 0.166667 0 0 0 0 0 0 0 0 0.166667 0 0.166667 
