0.423456942
0.337887586
0.339361176
0.364689561
0.332490817
0.457815671
0.377045825
0.33161325
0.335141427
0.408570834
0.333025031
0.40991029
0.376218455
0.435011031
0.402890069
0.36092445
0.410897471
0.387761419
0.418219986
0.360567595
0.365928336
0.497731929
0.443420171
0.446841761
0.364078927
0.368527822
0.33668901
0.347392985
0.495433936
0.341508662
0.462679383
0.455919636
0.363420454
0.412715833
0.363319151
0.343297347
0.373137407
0.384865011
0.403173612
0.335913461
0.376933207
0.350768357
0.347909772
0.39090464
0.339079452
0.475372009
0.338004547
0.473694874
0.349178879
0.344237523
0.38250771
0.365049751
0.342402805
0.339799869
0.491771516
0.485070681
0.449924208
0.445141375
0.487442652
0.416600779
0.425055154
0.335972851
0.345636193
0.342813631
0.348155767
0.494033286
0.409484019
0.489287161
0.423479323
0.423992835
0.354487563
0.343474933
0.413773619
0.336753895
0.353126621
0.346050806
0.338557378
0.357246096
0.342391174
0.330674118
0.398454236
0.357564553
0.366457234
0.342340349
0.495731607
0.406632222
0.352201099
0.33739835
0.364295603
0.449268313
0.496026654
0.350364382
0.3902124
0.433547759
0.343655028
0.332171158
0.371265845
0.350127839
0.332174206
0.445856127
0.336026316
0.474811648
0.341883678
0.372019991
0.342346329
0.42421343
0.460526788
0.404363927
0.340177114
0.453031729
0.46373301
0.359644822
0.353434116
0.464670426
0.337047793
0.435506292
0.338778393
0.377176057
0.334098737
0.335084235
0.333556533
0.334757338
0.355552367
0.339883191
0.346095365
0.36224178
0.352251882
0.37035078
0.330577876
0.350935138
0.350288751
0.345780864
0.359032356
0.333148584
0.330566383
0.336625377
0.370072837
0.359710328
0.336177005
0.347884249
0.358939443
0.331106541
0.338148308
0.348859941
0.339756592
0.44764177
0.336805429
0.375794486
0.330896616
0.379973935
0.351516166
0.33109845
0.352470826
0.36676837
0.330011591
0.364701573
0.365241511
0.370688394
0.345153558
0.412476508
0.409887614
0.438427865
0.41460193
0.371114299
0.378200295
0.36138214
0.358966235
0.389433629
0.337882927
0.404575288
0.381461079
0.3344957
0.428904726
0.392278779
0.413899399
0.355392977
0.361187387
0.497532608
0.390042089
0.479120833
0.40054312
0.494314298
0.350886423
0.467538783
0.339570914
0.331614696
0.381801532
0.364109841
0.330939674
0.336889828
0.360238198
0.355759388
0.343830267
0.345529622
0.366409143
0.343063167
0.332674362
0.356722448
0.331598375
0.351455052
0.353125448
0.377944482
0.335036406
0.359997489
0.3370654
0.356808073
0.344687307
0.417641838
0.357297589
0.489254029
0.349730566
0.344295457
0.38664626
0.351389635
0.335257197
0.348104261
0.352977751
0.342046523
0.359581852
0.341483462
0.347982866
0.496221542
0.48450684
0.478102481
0.405783256
0.367692855
0.3442308
0.492754316
0.394880617
0.392728461
0.398288299
0.394649689
0.33721964
0.342681164
0.40055875
0.354646125
0.497656287
0.421137572
0.494502965
0.383427626
0.423950861
0.352410906
0.410872488
0.362633498
0.337202281
0.3731586
0.353098729
0.346536714
0.332485664
0.365646699
0.338095162
0.497773088
0.364211841
0.363028481
0.33831899
0.336926401
0.381306389
0.468262959
0.484889505
0.350534389
0.391341901
0.364084807
0.45498205
0.359580596
0.342523154
0.388942032
0.390004889
0.377899469
0.466069841
0.342697872
0.344925669
0.330292936
0.35328862
0.355163799
0.410509909
0.347600105
0.484931728
0.407021236
0.350347179
0.330253557
0.352752667
0.334762945
0.433196756
0.484838339
0.360064822
0.350528531
0.420280382
0.331713335
0.39597183
0.39449573
0.353807718
0.336576399
0.351886134
0.356175231
0.367320699
0.410631795
0.348681619
0.341965042
0.346785136
0.347809451
