0.470494235
0.496054794
0.464470788
0.456991063
0.485799487
0.46326062
0.499157484
0.4929652
0.459447671
0.478853743
0.492584796
0.49358693
0.455415756
0.493756877
0.458442967
0.486101731
0.474893423
0.472958538
0.476986249
0.452233525
0.474135171
0.480824642
0.469829319
0.462121084
0.466122972
0.479920355
0.468345667
0.467454126
0.48778112
0.465263521
0.471571108
0.45847325
0.474517106
0.475699418
0.475586854
0.478342067
0.473326967
0.47029787
0.45127246
0.47854108
0.451470417
0.450571681
0.471403942
0.453194875
0.475184394
0.478580776
0.470303175
0.450756672
0.474694031
0.48135328
0.452470757
0.479645138
0.479910347
0.482731506
0.477783207
0.477053659
0.455608202
0.466367297
0.469122281
0.477234026
0.461722501
0.464112199
0.473327369
0.453880627
0.473008674
0.466681832
0.459593577
0.457253123
0.46555007
0.479277359
0.466812551
0.451230851
0.475971827
0.475366471
0.454409378
0.466053951
0.480178816
0.454041485
0.474545189
0.45692999
0.462357351
0.470630956
0.450529909
0.456650599
0.457506979
0.469717649
0.472414525
0.468453895
0.478508479
0.465290376
0.466723957
0.469706374
0.467698451
0.452173682
0.4536007
0.466907797
0.470161367
0.472374341
0.484731213
0.465341642
0.461833904
0.479226695
0.475561397
0.468581735
0.45166969
0.458812858
0.452463197
0.483212647
0.476044844
0.472885459
0.463362892
0.457450812
0.456922844
0.465943238
0.472711342
0.453483792
0.454987737
0.452612983
0.458119197
0.460832056
0.465911604
0.457043602
0.461404207
0.488398186
0.464676676
0.457815896
0.451250955
0.470697761
0.454367258
0.450807671
0.475886931
0.465185945
0.454499245
0.483274424
0.464633396
0.483137086
0.462671953
0.475528827
0.484696994
0.456378766
0.458389059
0.470444317
0.452065554
0.482812699
0.480822018
0.475854987
0.488803947
0.470250605
0.468586804
0.452757432
0.472325368
0.46689116
0.480234822
0.471317313
0.478452851
0.47601207
0.486802936
0.472828177
0.485025793
0.452088759
0.478176878
0.46182015
0.453212579
0.466855355
0.456376252
0.453647094
0.478618028
0.470269351
0.467802597
0.453063673
0.481906504
0.466855705
0.466248916
0.469945442
0.481401079
0.488775851
0.478605284
0.482569557
0.461512334
0.454611734
0.457685857
0.464976161
0.455094977
0.467188362
0.452087711
0.486334013
0.476680743
0.474749857
0.472901899
0.460631342
0.455801055
0.460042593
0.456879166
0.470615627
0.45045193
0.455446055
0.451272736
0.470759117
0.450791831
0.459105528
0.472005653
0.462321137
0.470555927
0.458070628
0.463202671
0.481607915
0.46491689
0.450358077
0.469678336
0.475728305
0.468878625
0.453218198
0.48557774
0.484356431
0.460063474
0.476497155
0.458357216
0.476090737
0.470388592
0.464627777
0.455337951
0.466057848
0.466241374
0.457173715
0.470202382
0.453957564
0.470006475
0.458508579
0.451209885
0.472856946
0.4549709
0.452944578
0.462178673
0.456708107
0.480695588
0.48049892
0.475919355
0.45115709
0.473421666
0.464848601
0.469123055
0.485100093
0.472679945
0.46937492
0.480448351
0.479507149
0.47682122
0.465943829
0.45258324
0.47029837
0.480366871
0.481687577
0.479184051
0.477845179
0.461305354
0.457914066
0.480167638
0.468818272
0.472747374
0.452114576
0.462930373
0.457952288
0.457410045
0.474427484
0.477391558
0.461740543
0.452737765
0.474679446
0.479223384
0.483538019
0.451444614
0.461384962
0.450490868
0.451046576
0.469125865
0.459202538
0.450849748
0.461353118
0.482948847
0.46623886
0.463391075
0.45893844
0.456906602
0.471227448
0.452890039
0.482209125
0.457306412
0.453332161
0.452277461
0.457701201
0.472618578
0.471186058
0.454837975
0.483562687
0.476981568
0.453483974
0.488802098
0.453327505
0.462370989
0.461000508
0.467900852
0.472724222
0.45837395
0.491388316
0.476377531
0.471425752
0.476505201
0.471423949
0.452519733
0.471084541
0.469339108
0.453107552
0.488988196
0.471397552
0.464844992
0.488744063
0.454487441
0.451007026
0.481272912
0.468036712
0.453582642
0.458346963
0.459026197
0.453149851
0.473506852
0.4718374
0.450101185
0.452033162
0.462534158
0.472083074
0.452043083
0.489521178
0.474891433
0.461388902
0.455910551
0.464428239
0.475339715
0.483514748
0.482096328
0.460899986
0.473800124
0.460681857
0.463956406
0.465177245
0.462361297
0.471149399
0.493345837
0.481583457
0.455057002
0.467007814
0.489647421
0.4720238
0.465298752
0.45881507
0.455244472
0.450580629
0.471288706
0.453660256
0.460964113
0.475954543
0.461988164
0.482570806
0.466929917
0.469059839
0.47500987
0.493511364
0.45682386
0.484256387
0.457687102
0.469485443
0.457864757
0.473721053
0.482446311
0.462080537
0.456796007
0.454142508
0.462728585
0.450820334
0.488297332
0.455470645
0.464554072
0.463745998
0.459889416
0.465133622
0.45223751
0.4507034
0.464016877
0.456127568
0.454898201
0.453953528
0.454441374
0.454449834
0.463662512
0.470018611
0.476226571
0.489331168
0.478362754
0.450330808
0.457661722
0.473044797
0.450812599
0.472720095
0.463876826
0.452907337
0.451001072
0.45546287
0.453257869
0.468388698
0.451150527
0.478478371
0.48107132
0.450980392
0.469530765
0.457132927
0.465290762
0.452918617
0.471515989
0.486582821
0.453908409
0.487296261
0.466862159
0.483136879
0.491173541
0.474756077
0.452364611
0.456153065
0.48636613
0.454745925
0.460007896
0.468873724
0.4788647
0.479285509
0.462501798
0.478078112
0.453076315
0.490653592
0.456155885
0.493844909
0.451811368
0.49331288
0.471352544
0.475861843
0.490861925
0.452935537
0.454819349
0.455197112
0.491690238
0.49483085
0.453460004
0.471538548
0.452662364
0.451758065
0.464034741
0.462621962
0.460800294
0.481760758
0.495633932
0.467679333
0.472314026
0.452227645
0.453234819
0.468655992
0.453341056
0.470681633
0.49130622
0.450663481
0.456719106
0.468023679
0.458852071
0.451540739
0.470961985
0.456791883
0.480166681
0.487935611
0.463467192
0.453232297
0.456220374
0.462134904
0.470449639
0.453213537
0.484081098
0.455162523
0.476359277
0.491694362
0.488352313
0.487527024
0.483534549
0.46762651
0.483008643
0.479690042
0.491092274
0.486262744
0.480306533
0.480440045
0.494385935
0.48785236
0.4912983
0.496691133
0.466036953
0.451111682
0.458521358
0.454796358
0.459897021
0.453415714
0.458090019
0.466860747
0.463221737
0.45614106
0.451222993
0.469627869
0.464180723
0.475868368
0.457699004
0.478739062
0.463481272
0.467856837
0.45253574
0.45811096
0.469369524
0.454741995
0.45683135
0.460079408
0.47886576
0.461593862
0.486085775
0.458706902
0.455998182
0.464737762
0.469549334
0.473756315
0.459625539
0.453055341
0.480458915
0.455669314
0.468453349
0.495305905
0.461651968
0.450448183
0.466306522
0.490630003
0.492222508
0.484385079
0.466740874
0.492930331
0.482130295
0.481191312
0.47399252
0.465182418
0.453201567
0.48250421
0.450882641
0.451542865
0.459572558
0.454774722
0.492176508
0.47713953
0.481941547
0.48514629
0.469955364
0.465103585
0.453312258
0.476250937
0.483443217
0.482230362
0.471218076
0.498635437
0.459394355
0.493577459
0.458100258
0.457911082
0.451046843
0.476062488
0.472742104
0.470693838
0.489416706
0.480623341
0.490300893
0.451702456
0.455170249
0.461359079
0.452938576
0.487473315
0.469738374
0.47280584
0.478411394
0.455957319
0.466735778
0.455213791
0.485788302
0.479193424
0.450440962
0.457025375
0.486916688
0.473284896
0.486884663
0.48632405
0.482891417
0.497249648
0.483137038
0.492067341
0.466648875
0.488064047
0.469142392
0.456658633
0.4680753
0.470565718
0.495797147
0.45243885
0.482544149
0.451471302
0.468068042
0.491097982
0.480928732
0.451441954
0.493325773
0.456110555
0.484305163
0.487050832
0.45638896
0.482033279
0.495504752
0.481046766
0.455529674
0.491554874
0.457562103
0.472032423
0.466810805
0.495565584
0.494650915
0.487064298
0.45479065
0.459376415
0.487184333
0.470160732
0.49721326
0.485245893
0.489104005
0.488375146
0.474876133
0.469357988
0.460658732
0.493353064
0.465827716
0.489211405
0.471607158
0.477593482
0.493792277
0.467237492
0.471459991
0.451886339
0.468733322
0.467723316
0.49971977
0.45866285
