0.480621358
0.484474998
0.453246294
0.457669668
0.493886421
0.473986859
0.461491105
0.485095342
0.467888075
0.455562255
0.477655656
0.461979366
0.47171065
0.472261322
0.450648537
0.490263095
0.494320767
0.494516549
0.494299083
0.475558433
0.463324736
0.474391915
0.475528595
0.454732412
0.474846623
0.47507649
0.492552417
0.462784713
0.453307434
0.466170219
0.450819966
0.466645033
0.450255806
0.4751383
0.474966034
0.462169198
0.489264713
0.478490092
0.473503906
0.483502632
0.478164708
0.475503124
0.485370499
0.484440717
0.472722088
0.456154736
0.476712096
0.47790202
0.454469707
0.461995287
0.455782459
0.468687315
0.451632245
0.476748172
0.464041582
0.472988204
0.4550135
0.485072014
0.458550722
0.466522311
0.450490126
0.472516991
0.494653428
0.490995395
0.493296416
0.491824212
0.498727274
0.488399372
0.497311914
0.494059306
0.497190451
0.489115807
0.487222171
0.493219615
0.495226192
0.4915264
0.462613604
0.454551968
0.460039219
0.471236508
0.480591644
0.467929124
0.453158833
0.459848533
0.459147985
0.467928299
0.469489523
0.477086252
0.479608563
0.458168811
0.472292227
0.467287666
0.479119902
0.459941409
0.485117818
0.484908544
0.460626979
0.487510746
0.468355942
0.453799775
0.474480427
0.476600645
0.455417038
0.459938639
0.487533435
0.495111385
0.491120023
0.481154205
0.463836879
0.457241085
0.450131359
0.476762219
0.463259526
0.450123127
0.464675413
0.47240532
0.470730905
0.451282419
0.474039931
0.469550107
0.453648868
0.453715488
0.463529062
0.452198156
0.451583246
0.455932203
0.47333176
0.474292626
0.487659996
0.485030722
0.48573311
0.479703817
0.472364839
0.476130071
0.472497324
0.475508048
0.476717267
0.490908299
0.487424736
0.481284231
0.472775469
0.471095359
0.462112045
0.476582408
0.484147455
0.468010975
0.486075875
0.486134875
0.48024887
0.474683153
0.463153119
0.456525037
0.458744581
0.475669235
0.485702613
0.481285593
0.478864157
0.480678731
0.473074025
0.451510954
0.479928247
0.477984373
0.475762111
0.45679107
0.450404407
0.467506793
0.459252322
0.466237649
0.46709018
0.456583126
0.482043158
0.483002527
0.462154503
0.474961298
0.498558243
0.495363518
0.454323759
0.453482296
0.483743949
0.478811086
0.472388719
0.475129871
0.474358362
0.466830463
0.478714856
0.45277738
0.489475429
0.480867618
0.487359839
0.491766797
0.472394706
0.463442147
0.488188656
0.481192878
0.467694432
0.450412847
0.462672969
0.467100393
0.470118444
0.463572689
0.466163658
0.464130119
0.455697826
0.475185167
0.481766414
0.460450849
0.466240743
0.480183361
0.49146641
0.472295683
0.456466033
0.463263254
0.477336143
0.456965218
0.471561984
0.474896601
0.474832061
0.457016313
0.466056224
0.477445429
0.485002501
0.481622985
0.477145951
0.473603111
0.450078046
0.470899279
0.46555647
0.454310688
0.470085677
0.480261725
0.474471841
0.465360743
0.466650532
0.45909773
0.455707613
0.459543876
0.461875747
0.456177292
0.468264484
0.454496561
0.463064469
0.484889813
0.476324551
0.4638298
0.480678777
0.461571095
0.474065648
0.456474574
0.457572191
0.462862567
0.482910996
0.479003315
0.48744313
0.467009099
0.476305726
0.483228111
0.491545061
0.475609231
0.458684236
0.456299289
0.470569727
0.478688331
0.473791353
0.470058653
0.459183365
0.476231422
0.451005068
0.456941823
0.479829147
0.483811199
0.487917561
0.489701963
0.490683397
0.467251101
0.471812124
0.470827888
0.488716244
0.487409414
0.48504641
0.487285828
0.479592874
0.486339047
0.461559432
0.485419395
0.465989978
0.474027153
0.470665118
0.475172257
0.4781476
0.455154369
0.454227644
0.485573145
0.482451842
0.473392745
0.467946856
0.466901088
0.480452426
0.467888062
0.48489266
0.46735949
0.46444111
0.48221589
0.473819828
0.466097638
0.450971059
0.454523452
0.46171915
0.466943796
0.467541269
0.476800534
0.468923956
0.465729222
0.456040144
0.468435738
0.466280069
0.478785514
0.476484824
0.485957895
0.464647442
0.466567446
0.472444079
0.46283526
0.473172844
0.457770059
0.468273447
0.479655523
0.482168116
0.455589089
0.478287113
0.457371283
0.478688007
0.475149171
0.475951067
0.467342724
0.471003929
0.471446397
0.485670466
0.465863681
0.455475418
0.45308069
0.477581003
0.476595866
0.46773817
0.470255111
0.469915919
0.459088321
0.464082342
0.457223393
0.476211491
0.461789589
0.482520927
0.45873142
0.470980954
0.463599898
0.472614152
0.484542068
0.4722624
0.454068675
0.473357046
0.454947345
0.461899758
0.462857466
0.46284741
0.458340006
0.459845924
0.470523925
0.466504556
0.478919953
0.463488492
0.464734403
0.48464633
0.480612403
0.464423322
0.450334997
0.454671379
0.454445864
0.473339384
0.467758884
0.457964484
0.481347404
0.481174814
0.46416205
0.478844095
0.473716193
0.451493973
0.472019701
0.470680487
0.450961661
0.463180859
0.480695983
0.450940432
0.4535781
0.472787437
0.482097553
0.458990861
0.464264106
0.468802767
0.475695771
0.47599828
0.4847325
0.480982162
0.479304861
0.48581826
0.469718301
0.473066315
0.468822974
0.451279609
0.456845326
0.46548188
0.461899705
0.464142041
0.450412368
0.478206491
0.476683552
0.458452745
0.471451428
0.457927002
0.482617877
0.473827644
0.464265345
0.457603107
0.45408073
0.477124651
0.466813606
0.487065227
0.486118018
0.476590837
0.470429915
0.457803382
0.483231966
0.477141509
0.460787904
0.465945455
0.476956078
0.481572167
0.472505753
0.469779826
0.4587502
0.46057031
0.454997771
0.47239899
0.480230323
0.466792978
0.45956813
0.453434807
0.47623445
0.474188277
0.484463188
0.466543889
0.458118052
0.480535919
0.485744348
0.473728986
0.474336606
0.485449799
0.466484382
0.469050007
0.454333589
0.477104984
0.460343419
0.477102174
0.476494502
0.490317036
0.480249331
0.478492655
0.460719694
0.472624534
0.463948563
0.459087346
0.457820239
0.454600496
0.470866367
0.459332772
0.475371493
0.45367868
0.470009671
0.477926665
0.468064047
0.476403809
0.450529126
0.475051204
0.462815246
0.463838294
0.452084129
0.450706461
0.472108129
0.474427484
0.467318388
0.476551503
0.476067274
0.454436909
0.467406748
0.451111036
0.46041884
0.463824744
0.453755891
0.459343015
0.462484091
0.460961315
0.464794824
0.463076906
0.483325326
0.453645249
0.464001247
0.475417646
0.484162572
0.456968946
0.453379081
0.467119369
0.455988413
0.466293342
0.468056086
0.459983592
0.466462412
0.459367536
0.463834225
0.467651754
0.458685581
0.45975035
0.47031413
0.472019701
0.457854738
0.452130903
0.481244427
0.49131099
0.48721607
0.475350805
0.474887167
0.469524821
0.48209623
0.457900321
