AAAAAGGG 0.625 0 0.375 0 0.571429 0 0.142857 0 0 0 0 0 0 0 0.285714 0 0 0 0 0 0.5 0 0.166667 0 0 0 0 0 0 0 0.166667 0 0 0 0 0 0 0 0 0 0 0 0 0 0 0 0 0 0 0 0 0 0 0 0 0 0 0 0 0 0 0 0.166667 0 0 0 0 0 0 0 0 0 0 0 0 0 0 0 0 0 0 0 0 0 
AAAACGGG 0.5 0.125 0.375 0 0.428571 0.142857 0 0 0 0 0.142857 0 0 0 0.285714 0 0 0 0 0 0.333333 0.166667 0 0 0 0 0.166667 0 0 0 0 0 0 0 0 0 0 0 0 0 0 0 0 0 0 0 0.166667 0 0 0 0 0 0 0 0 0 0 0 0 0 0 0 0.166667 0 0 0 0 0 0 0 0 0 0 0 0 0 0 0 0 0 0 0 0 0 
AAAAGGGA 0.625 0 0.375 0 0.428571 0 0.142857 0 0 0 0 0 0.142857 0 0.285714 0 0 0 0 0 0.333333 0 0.166667 0 0 0 0 0 0 0 0.166667 0 0 0 0 0 0 0 0 0 0 0 0 0 0 0 0 0 0 0 0 0 0 0 0 0 0 0 0 0 0.166667 0 0.166667 0 0 0 0 0 0 0 0 0 0 0 0 0 0 0 0 0 0 0 0 0 
AAACGGGA 0.5 0.125 0.375 0 0.285714 0.142857 0 0 0 0 0.142857 0 0.142857 0 0.285714 0 0 0 0 0 0.166667 0.166667 0 0 0 0 0.166667 0 0 0 0 0 0 0 0 0 0 0 0 0 0 0 0 0 0 0 0.166667 0 0 0 0 0 0 0 0 0 0 0 0 0 0.166667 0 0.166667 0 0 0 0 0 0 0 0 0 0 0 0 0 0 0 0 0 0 0 0 0 
AAAGGGAA 0.625 0 0.375 0 0.428571 0 0.142857 0 0 0 0 0 0.142857 0 0.285714 0 0 0 0 0 0.166667 0 0.166667 0 0 0 0 0 0 0 0.166667 0 0 0 0 0 0 0 0 0 0 0 0 0 0 0 0 0 0 0 0 0 0.166667 0 0 0 0 0 0 0 0.166667 0 0.166667 0 0 0 0 0 0 0 0 0 0 0 0 0 0 0 0 0 0 0 0 0 
AAAGGGAT 0.5 0 0.375 0.125 0.285714 0 0.142857 0.142857 0 0 0 0 0.142857 0 0.285714 0 0 0 0 0 0.166667 0 0.166667 0 0 0 0 0 0 0 0.166667 0 0 0 0 0 0 0 0 0 0 0 0 0 0 0 0 0 0 0 0 0 0 0 0 0.166667 0 0 0 0 0.166667 0 0.166667 0 0 0 0 0 0 0 0 0 0 0 0 0 0 0 0 0 0 0 0 0 
AAAGGGGG 0.375 0 0.625 0 0.285714 0 0.142857 0 0 0 0 0 0 0 0.571429 0 0 0 0 0 0.166667 0 0.166667 0 0 0 0 0 0 0 0.166667 0 0 0 0 0 0 0 0 0 0 0 0 0 0 0 0 0 0 0 0 0 0 0 0 0 0 0 0 0 0 0 0.5 0 0 0 0 0 0 0 0 0 0 0 0 0 0 0 0 0 0 0 0 0 
AAATCGGG 0.375 0.125 0.375 0.125 0.285714 0 0 0.142857 0 0 0.142857 0 0 0 0.285714 0 0 0.142857 0 0 0.166667 0 0 0.166667 0 0 0 0 0 0 0 0 0 0.166667 0 0 0 0 0 0 0 0 0 0 0 0 0.166667 0 0 0 0 0 0 0 0 0 0 0 0 0 0 0 0.166667 0 0 0 0 0 0 0 0 0 0 0 0.166667 0 0 0 0 0 0 0 0 0 
AACGGGAA 0.5 0.125 0.375 0 0.285714 0.142857 0 0 0 0 0.142857 0 0.142857 0 0.285714 0 0 0 0 0 0 0.166667 0 0 0 0 0.166667 0 0 0 0 0 0 0 0 0 0 0 0 0 0 0 0 0 0 0 0.166667 0 0 0 0 0 0.166667 0 0 0 0 0 0 0 0.166667 0 0.166667 0 0 0 0 0 0 0 0 0 0 0 0 0 0 0 0 0 0 0 0 0 
AAGGGGGA 0.375 0 0.625 0 0.142857 0 0.142857 0 0 0 0 0 0.142857 0 0.571429 0 0 0 0 0 0 0 0.166667 0 0 0 0 0 0 0 0.166667 0 0 0 0 0 0 0 0 0 0 0 0 0 0 0 0 0 0 0 0 0 0 0 0 0 0 0 0 0 0.166667 0 0.5 0 0 0 0 0 0 0 0 0 0 0 0 0 0 0 0 0 0 0 0 0 
AATAGGAA 0.625 0 0.25 0.125 0.285714 0 0.142857 0.142857 0 0 0 0 0.142857 0 0.142857 0 0.142857 0 0 0 0 0 0 0.166667 0 0 0 0 0 0 0.166667 0 0.166667 0 0 0 0 0 0 0 0 0 0 0 0 0 0 0 0 0 0 0 0.166667 0 0 0 0 0 0 0 0.166667 0 0 0 0 0 0 0 0 0 0.166667 0 0 0 0 0 0 0 0 0 0 0 0 0 
AATCGGGG 0.25 0.125 0.5 0.125 0.142857 0 0 0.142857 0 0 0.142857 0 0 0 0.428571 0 0 0.142857 0 0 0 0 0 0.166667 0 0 0 0 0 0 0 0 0 0.166667 0 0 0 0 0 0 0 0 0 0 0 0 0.166667 0 0 0 0 0 0 0 0 0 0 0 0 0 0 0 0.333333 0 0 0 0 0 0 0 0 0 0 0 0.166667 0 0 0 0 0 0 0 0 0 
AATGGGGA 0.375 0 0.5 0.125 0.142857 0 0 0.142857 0 0 0 0 0.142857 0 0.428571 0 0 0 0.142857 0 0 0 0 0.166667 0 0 0 0 0 0 0 0 0 0 0.166667 0 0 0 0 0 0 0 0 0 0 0 0 0 0 0 0 0 0 0 0 0 0 0 0 0 0.166667 0 0.333333 0 0 0 0 0 0 0 0 0 0 0 0 0 0 0 0.166667 0 0 0 0 0 
AATTCGGG 0.25 0.125 0.375 0.25 0.142857 0 0 0.142857 0 0 0.142857 0 0 0 0.285714 0 0 0.142857 0 0.142857 0 0 0 0.166667 0 0 0 0 0 0 0 0 0 0 0 0.166667 0 0 0 0 0 0 0 0 0 0 0.166667 0 0 0 0 0 0 0 0 0 0 0 0 0 0 0 0.166667 0 0 0 0 0 0 0 0 0 0 0 0.166667 0 0 0 0 0 0 0.166667 0 0 
AATTGGAA 0.5 0 0.25 0.25 0.285714 0 0 0.142857 0 0 0 0 0.142857 0 0.142857 0 0 0 0.142857 0.142857 0 0 0 0.166667 0 0 0 0 0 0 0 0 0 0 0 0.166667 0 0 0 0 0 0 0 0 0 0 0 0 0 0 0 0 0.166667 0 0 0 0 0 0 0 0.166667 0 0 0 0 0 0 0 0 0 0 0 0 0 0 0 0 0 0.166667 0 0 0 0.166667 0 
AGGGGGAA 0.375 0 0.625 0 0.142857 0 0.142857 0 0 0 0 0 0.142857 0 0.571429 0 0 0 0 0 0 0 0 0 0 0 0 0 0 0 0.166667 0 0 0 0 0 0 0 0 0 0 0 0 0 0 0 0 0 0 0 0 0 0.166667 0 0 0 0 0 0 0 0.166667 0 0.5 0 0 0 0 0 0 0 0 0 0 0 0 0 0 0 0 0 0 0 0 0 
AGGGGGAG 0.25 0 0.75 0 0 0 0.285714 0 0 0 0 0 0.142857 0 0.571429 0 0 0 0 0 0 0 0 0 0 0 0 0 0 0 0.166667 0 0 0 0 0 0 0 0 0 0 0 0 0 0 0 0 0 0 0 0 0 0 0 0.166667 0 0 0 0 0 0.166667 0 0.5 0 0 0 0 0 0 0 0 0 0 0 0 0 0 0 0 0 0 0 0 0 
AGGGGGCA 0.25 0.125 0.625 0 0 0 0.142857 0 0.142857 0 0 0 0 0.142857 0.571429 0 0 0 0 0 0 0 0 0 0 0 0 0 0 0 0.166667 0 0 0 0 0 0 0 0 0 0 0 0 0 0 0 0 0 0 0 0 0 0 0 0 0 0.166667 0 0 0 0 0.166667 0.5 0 0 0 0 0 0 0 0 0 0 0 0 0 0 0 0 0 0 0 0 0 
ATCCGGAA 0.375 0.25 0.25 0.125 0.142857 0 0 0.142857 0 0.142857 0.142857 0 0.142857 0 0.142857 0 0 0.142857 0 0 0 0 0 0 0 0 0 0 0 0 0 0 0 0.166667 0 0 0 0 0 0 0 0 0.166667 0 0 0 0.166667 0 0 0 0 0 0.166667 0 0 0 0 0 0 0 0.166667 0 0 0 0 0 0 0 0 0 0 0 0 0.166667 0 0 0 0 0 0 0 0 0 0 
ATTCGGGA 0.25 0.125 0.375 0.25 0 0 0 0.142857 0 0 0.142857 0 0.142857 0 0.285714 0 0 0.142857 0 0.142857 0 0 0 0 0 0 0 0 0 0 0 0 0 0 0 0.166667 0 0 0 0 0 0 0 0 0 0 0.166667 0 0 0 0 0 0 0 0 0 0 0 0 0 0.166667 0 0.166667 0 0 0 0 0 0 0 0 0 0 0 0.166667 0 0 0 0 0 0 0.166667 0 0 
ATTCGGGC 0.125 0.25 0.375 0.25 0 0 0 0.142857 0 0 0.142857 0 0 0.142857 0.285714 0 0 0.142857 0 0.142857 0 0 0 0 0 0 0 0 0 0 0 0 0 0 0 0.166667 0 0 0 0 0 0 0 0 0 0 0.166667 0 0 0 0 0 0 0 0 0 0 0 0 0 0 0.166667 0.166667 0 0 0 0 0 0 0 0 0 0 0 0.166667 0 0 0 0 0 0 0.166667 0 0 
ATTTCGGG 0.125 0.125 0.375 0.375 0 0 0 0.142857 0 0 0.142857 0 0 0 0.285714 0 0 0.142857 0 0.285714 0 0 0 0 0 0 0 0 0 0 0 0 0 0 0 0.166667 0 0 0 0 0 0 0 0 0 0 0.166667 0 0 0 0 0 0 0 0 0 0 0 0 0 0 0 0.166667 0 0 0 0 0 0 0 0 0 0 0 0.166667 0 0 0 0 0 0 0.166667 0 0.166667 
CAAAAGGG 0.5 0.125 0.375 0 0.428571 0 0.142857 0 0.142857 0 0 0 0 0 0.285714 0 0 0 0 0 0.333333 0 0.166667 0 0 0 0 0 0 0 0.166667 0 0 0 0 0 0.166667 0 0 0 0 0 0 0 0 0 0 0 0 0 0 0 0 0 0 0 0 0 0 0 0 0 0.166667 0 0 0 0 0 0 0 0 0 0 0 0 0 0 0 0 0 0 0 0 0 
CAAATCGG 0.375 0.25 0.25 0.125 0.285714 0 0 0.142857 0.142857 0 0.142857 0 0 0 0.142857 0 0 0.142857 0 0 0.166667 0 0 0.166667 0 0 0 0 0 0 0 0 0 0.166667 0 0 0.166667 0 0 0 0 0 0 0 0 0 0.166667 0 0 0 0 0 0 0 0 0 0 0 0 0 0 0 0 0 0 0 0 0 0 0 0 0 0 0 0.166667 0 0 0 0 0 0 0 0 0 
CCAAAAAG 0.625 0.25 0.125 0 0.571429 0 0.142857 0 0.142857 0.142857 0 0 0 0 0 0 0 0 0 0 0.5 0 0.166667 0 0 0 0 0 0 0 0 0 0 0 0 0 0.166667 0 0 0 0.166667 0 0 0 0 0 0 0 0 0 0 0 0 0 0 0 0 0 0 0 0 0 0 0 0 0 0 0 0 0 0 0 0 0 0 0 0 0 0 0 0 0 0 0 
CCAAAAGG 0.5 0.25 0.25 0 0.428571 0 0.142857 0 0.142857 0.142857 0 0 0 0 0.142857 0 0 0 0 0 0.333333 0 0.166667 0 0 0 0 0 0 0 0.166667 0 0 0 0 0 0.166667 0 0 0 0.166667 0 0 0 0 0 0 0 0 0 0 0 0 0 0 0 0 0 0 0 0 0 0 0 0 0 0 0 0 0 0 0 0 0 0 0 0 0 0 0 0 0 0 0 
CCATTTTA 0.25 0.25 0 0.5 0 0 0 0.142857 0.142857 0.142857 0 0 0 0 0 0 0.142857 0 0 0.428571 0 0 0 0 0 0 0 0 0 0 0 0 0 0 0 0.166667 0 0 0 0.166667 0.166667 0 0 0 0 0 0 0 0 0 0 0 0 0 0 0 0 0 0 0 0 0 0 0 0 0 0 0 0 0 0 0 0 0 0 0 0 0 0 0 0.166667 0 0 0.333333 
CCCAAAAA 0.625 0.375 0 0 0.571429 0 0 0 0.142857 0.285714 0 0 0 0 0 0 0 0 0 0 0.5 0 0 0 0 0 0 0 0 0 0 0 0 0 0 0 0.166667 0 0 0 0.166667 0.166667 0 0 0 0 0 0 0 0 0 0 0 0 0 0 0 0 0 0 0 0 0 0 0 0 0 0 0 0 0 0 0 0 0 0 0 0 0 0 0 0 0 0 
CCCCTTCC 0 0.75 0 0.25 0 0 0 0 0 0.571429 0 0.142857 0 0 0 0 0 0.142857 0 0.142857 0 0 0 0 0 0 0 0 0 0 0 0 0 0 0 0 0 0 0 0 0 0.333333 0 0.166667 0 0 0 0 0 0 0 0.166667 0 0 0 0 0 0 0 0 0 0 0 0 0 0 0 0 0 0 0 0 0 0.166667 0 0 0 0 0 0 0 0.166667 0 0 
CCCGAAAA 0.5 0.375 0.125 0 0.428571 0 0 0 0 0.285714 0.142857 0 0.142857 0 0 0 0 0 0 0 0.333333 0 0 0 0 0 0 0 0 0 0 0 0 0 0 0 0 0 0 0 0 0.166667 0.166667 0 0.166667 0 0 0 0 0 0 0 0.166667 0 0 0 0 0 0 0 0 0 0 0 0 0 0 0 0 0 0 0 0 0 0 0 0 0 0 0 0 0 0 0 
CCCGATTA 0.25 0.375 0.125 0.25 0 0 0 0.142857 0 0.285714 0.142857 0 0.142857 0 0 0 0.142857 0 0 0.142857 0 0 0 0 0 0 0 0 0 0 0 0 0 0 0 0.166667 0 0 0 0 0 0.166667 0.166667 0 0.166667 0 0 0 0 0 0 0 0 0 0 0.166667 0 0 0 0 0 0 0 0 0 0 0 0 0 0 0 0 0 0 0 0 0 0 0 0 0.166667 0 0 0 
CCCGTTTC 0 0.5 0.125 0.375 0 0 0 0 0 0.285714 0.142857 0 0 0 0 0.142857 0 0.142857 0 0.285714 0 0 0 0 0 0 0 0 0 0 0 0 0 0 0 0 0 0 0 0 0 0.166667 0.166667 0 0 0 0 0.166667 0 0 0 0 0 0 0 0 0 0 0 0 0 0 0 0 0 0 0 0.166667 0 0 0 0 0 0 0 0 0 0 0 0 0 0.166667 0 0.166667 
CCGAAAAA 0.625 0.25 0.125 0 0.571429 0 0 0 0 0.142857 0.142857 0 0.142857 0 0 0 0 0 0 0 0.5 0 0 0 0 0 0 0 0 0 0 0 0 0 0 0 0 0 0 0 0 0 0.166667 0 0.166667 0 0 0 0 0 0 0 0.166667 0 0 0 0 0 0 0 0 0 0 0 0 0 0 0 0 0 0 0 0 0 0 0 0 0 0 0 0 0 0 0 
CCGAATTA 0.375 0.25 0.125 0.25 0.142857 0 0 0.142857 0 0.142857 0.142857 0 0.142857 0 0 0 0.142857 0 0 0.142857 0 0 0 0.166667 0 0 0 0 0 0 0 0 0 0 0 0.166667 0 0 0 0 0 0 0.166667 0 0.166667 0 0 0 0 0 0 0 0.166667 0 0 0 0 0 0 0 0 0 0 0 0 0 0 0 0 0 0 0 0 0 0 0 0 0 0 0 0.166667 0 0 0 
CCGATTAG 0.25 0.25 0.25 0.25 0 0 0.142857 0.142857 0 0.142857 0.142857 0 0.142857 0 0 0 0.142857 0 0 0.142857 0 0 0 0 0 0 0 0 0 0 0 0 0 0 0 0.166667 0 0 0 0 0 0 0.166667 0 0.166667 0 0 0 0 0 0 0 0 0 0 0.166667 0 0 0 0 0 0 0 0 0 0 0 0 0 0 0.166667 0 0 0 0 0 0 0 0 0 0.166667 0 0 0 
CCGTTTAG 0.125 0.25 0.25 0.375 0 0 0.142857 0 0 0.142857 0.142857 0 0 0 0 0.142857 0.142857 0 0 0.285714 0 0 0 0 0 0 0 0 0 0 0 0 0 0 0 0 0 0 0 0 0 0 0.166667 0 0 0 0 0.166667 0 0 0 0 0 0 0 0 0 0 0 0 0 0 0 0 0 0 0 0.166667 0 0 0.166667 0 0 0 0 0 0 0 0 0 0.166667 0 0 0.166667 
CCGTTTCG 0 0.375 0.25 0.375 0 0 0 0 0 0.142857 0.285714 0 0 0 0 0.142857 0 0.142857 0 0.285714 0 0 0 0 0 0 0 0 0 0 0 0 0 0 0 0 0 0 0 0 0 0 0.166667 0 0 0 0 0.166667 0 0 0 0 0 0 0 0 0 0 0 0 0 0 0 0 0 0 0 0.166667 0 0 0 0 0 0 0.166667 0 0 0 0 0 0 0.166667 0 0.166667 
CCTAATTC 0.25 0.375 0 0.375 0.142857 0 0 0.142857 0 0.142857 0 0.142857 0 0 0 0 0.142857 0.142857 0 0.142857 0 0 0 0.166667 0 0 0 0 0 0 0 0 0 0 0 0.166667 0 0 0 0 0 0 0 0.166667 0 0 0 0 0.166667 0 0 0 0 0 0 0 0 0 0 0 0 0 0 0 0 0 0 0 0.166667 0 0 0 0 0 0 0 0 0 0 0 0 0.166667 0 0 
CCTTTTTC 0 0.375 0 0.625 0 0 0 0 0 0.142857 0 0.142857 0 0 0 0 0 0.142857 0 0.571429 0 0 0 0 0 0 0 0 0 0 0 0 0 0 0 0 0 0 0 0 0 0 0 0.166667 0 0 0 0 0 0 0 0.166667 0 0 0 0 0 0 0 0 0 0 0 0 0 0 0 0 0 0 0 0 0 0 0 0 0 0 0 0 0 0.166667 0 0.5 
CGAATTAG 0.375 0.125 0.25 0.25 0.142857 0 0.142857 0.142857 0 0 0.142857 0 0.142857 0 0 0 0.142857 0 0 0.142857 0 0 0 0.166667 0 0 0 0 0 0 0 0 0 0 0 0.166667 0 0 0 0 0 0 0 0 0.166667 0 0 0 0 0 0 0 0.166667 0 0 0 0 0 0 0 0 0 0 0 0 0 0 0 0 0 0.166667 0 0 0 0 0 0 0 0 0 0.166667 0 0 0 
CGGGGGAA 0.25 0.125 0.625 0 0.142857 0 0 0 0 0 0.142857 0 0.142857 0 0.571429 0 0 0 0 0 0 0 0 0 0 0 0 0 0 0 0 0 0 0 0 0 0 0 0 0 0 0 0 0 0 0 0.166667 0 0 0 0 0 0.166667 0 0 0 0 0 0 0 0.166667 0 0.5 0 0 0 0 0 0 0 0 0 0 0 0 0 0 0 0 0 0 0 0 0 
CTCAAAAG 0.5 0.25 0.125 0.125 0.428571 0 0.142857 0 0.142857 0 0 0.142857 0 0 0 0 0 0.142857 0 0 0.333333 0 0.166667 0 0 0 0 0 0 0 0 0 0 0 0 0 0.166667 0 0 0 0 0 0 0 0 0 0 0 0 0.166667 0 0 0 0 0 0 0 0 0 0 0 0 0 0 0 0 0 0 0 0 0 0 0.166667 0 0 0 0 0 0 0 0 0 0 0 
CTGCTTTC 0 0.375 0.125 0.5 0 0 0 0 0 0 0 0.285714 0 0.142857 0 0 0 0.142857 0.142857 0.285714 0 0 0 0 0 0 0 0 0 0 0 0 0 0 0 0 0 0 0 0 0 0 0 0 0 0 0 0 0 0 0.166667 0.166667 0 0 0 0 0 0 0 0.166667 0 0 0 0 0 0 0 0 0 0 0 0 0 0 0 0 0 0.166667 0 0 0 0.166667 0 0.166667 
GAAAATGA 0.625 0 0.25 0.125 0.428571 0 0 0.142857 0 0 0 0 0.285714 0 0 0 0 0 0.142857 0 0.333333 0 0 0.166667 0 0 0 0 0 0 0 0 0 0 0.166667 0 0 0 0 0 0 0 0 0 0 0 0 0 0 0 0 0 0.166667 0 0 0 0 0 0 0 0 0 0 0 0 0 0 0 0 0 0 0 0 0 0 0 0.166667 0 0 0 0 0 0 0 
GACCAAAA 0.625 0.25 0.125 0 0.428571 0.142857 0 0 0.142857 0.142857 0 0 0.142857 0 0 0 0 0 0 0 0.333333 0 0 0 0 0.166667 0 0 0 0 0 0 0 0 0 0 0.166667 0 0 0 0.166667 0 0 0 0 0 0 0 0 0 0 0 0 0.166667 0 0 0 0 0 0 0 0 0 0 0 0 0 0 0 0 0 0 0 0 0 0 0 0 0 0 0 0 0 0 
GATTTGGA 0.25 0 0.375 0.375 0 0 0 0.142857 0 0 0 0 0.285714 0 0.142857 0 0 0 0.142857 0.285714 0 0 0 0 0 0 0 0 0 0 0 0 0 0 0 0.166667 0 0 0 0 0 0 0 0 0 0 0 0 0 0 0 0 0 0 0 0.166667 0 0 0 0 0.166667 0 0 0 0 0 0 0 0 0 0 0 0 0 0 0 0 0 0.166667 0 0 0 0.166667 0.166667 
GGCAAATA 0.5 0.125 0.25 0.125 0.285714 0 0 0.142857 0.142857 0 0 0 0 0.142857 0.142857 0 0.142857 0 0 0 0.166667 0 0 0.166667 0 0 0 0 0 0 0 0 0.166667 0 0 0 0.166667 0 0 0 0 0 0 0 0 0 0 0 0 0 0 0 0 0 0 0 0.166667 0 0 0 0 0.166667 0 0 0 0 0 0 0 0 0 0 0 0 0 0 0 0 0 0 0 0 0 0 
GGGGGAAA 0.375 0 0.625 0 0.285714 0 0 0 0 0 0 0 0.142857 0 0.571429 0 0 0 0 0 0.166667 0 0 0 0 0 0 0 0 0 0 0 0 0 0 0 0 0 0 0 0 0 0 0 0 0 0 0 0 0 0 0 0.166667 0 0 0 0 0 0 0 0.166667 0 0.5 0 0 0 0 0 0 0 0 0 0 0 0 0 0 0 0 0 0 0 0 0 
GGGGGAGA 0.25 0 0.75 0 0 0 0.142857 0 0 0 0 0 0.285714 0 0.571429 0 0 0 0 0 0 0 0 0 0 0 0 0 0.166667 0 0 0 0 0 0 0 0 0 0 0 0 0 0 0 0 0 0 0 0 0 0 0 0 0 0.166667 0 0 0 0 0 0.166667 0 0.5 0 0 0 0 0 0 0 0 0 0 0 0 0 0 0 0 0 0 0 0 0 
GTTTAGGA 0.25 0 0.375 0.375 0 0 0.142857 0 0 0 0 0 0.142857 0 0.142857 0.142857 0.142857 0 0 0.285714 0 0 0 0 0 0 0 0 0 0 0.166667 0 0 0 0 0 0 0 0 0 0 0 0 0 0 0 0 0 0 0 0 0 0 0 0 0 0 0 0 0 0.166667 0 0 0 0 0 0 0.166667 0 0 0.166667 0 0 0 0 0 0 0 0 0 0.166667 0 0 0.166667 
TATCCGAA 0.375 0.25 0.125 0.25 0.142857 0 0 0.142857 0 0.142857 0.142857 0 0.142857 0 0 0 0.142857 0.142857 0 0 0 0 0 0 0 0 0 0 0 0 0 0 0 0.166667 0 0 0 0 0 0 0 0 0.166667 0 0.166667 0 0 0 0 0 0 0 0.166667 0 0 0 0 0 0 0 0 0 0 0 0 0 0 0 0 0 0 0.166667 0 0.166667 0 0 0 0 0 0 0 0 0 0 
TCCAAAAA 0.625 0.25 0 0.125 0.571429 0 0 0 0.142857 0.142857 0 0 0 0 0 0 0 0.142857 0 0 0.5 0 0 0 0 0 0 0 0 0 0 0 0 0 0 0 0.166667 0 0 0 0.166667 0 0 0 0 0 0 0 0 0 0 0 0 0 0 0 0 0 0 0 0 0 0 0 0 0 0 0 0 0 0 0 0 0.166667 0 0 0 0 0 0 0 0 0 0 
TCCCAAAA 0.5 0.375 0 0.125 0.428571 0 0 0 0.142857 0.285714 0 0 0 0 0 0 0 0.142857 0 0 0.333333 0 0 0 0 0 0 0 0 0 0 0 0 0 0 0 0.166667 0 0 0 0.166667 0.166667 0 0 0 0 0 0 0 0 0 0 0 0 0 0 0 0 0 0 0 0 0 0 0 0 0 0 0 0 0 0 0 0.166667 0 0 0 0 0 0 0 0 0 0 
TCCCCAAA 0.375 0.5 0 0.125 0.285714 0 0 0 0.142857 0.428571 0 0 0 0 0 0 0 0.142857 0 0 0.166667 0 0 0 0 0 0 0 0 0 0 0 0 0 0 0 0.166667 0 0 0 0.166667 0.333333 0 0 0 0 0 0 0 0 0 0 0 0 0 0 0 0 0 0 0 0 0 0 0 0 0 0 0 0 0 0 0 0.166667 0 0 0 0 0 0 0 0 0 0 
TCCCGAAA 0.375 0.375 0.125 0.125 0.285714 0 0 0 0 0.285714 0.142857 0 0.142857 0 0 0 0 0.142857 0 0 0.166667 0 0 0 0 0 0 0 0 0 0 0 0 0 0 0 0 0 0 0 0 0.166667 0.166667 0 0.166667 0 0 0 0 0 0 0 0.166667 0 0 0 0 0 0 0 0 0 0 0 0 0 0 0 0 0 0 0 0 0.166667 0 0 0 0 0 0 0 0 0 0 
TGAAAACA 0.625 0.125 0.125 0.125 0.428571 0.142857 0 0 0.142857 0 0 0 0.142857 0 0 0 0 0 0.142857 0 0.333333 0.166667 0 0 0.166667 0 0 0 0 0 0 0 0 0 0 0 0 0 0 0 0 0 0 0 0 0 0 0 0 0 0 0 0.166667 0 0 0 0 0 0 0 0 0 0 0 0 0 0 0 0 0 0 0 0 0 0 0 0.166667 0 0 0 0 0 0 0 
TTACGGAA 0.375 0.125 0.25 0.25 0.142857 0.142857 0 0 0 0 0.142857 0 0.142857 0 0.142857 0 0.142857 0 0 0.142857 0 0 0 0 0 0 0.166667 0 0 0 0 0 0 0 0 0 0 0 0 0 0 0 0 0 0 0 0.166667 0 0 0 0 0 0.166667 0 0 0 0 0 0 0 0.166667 0 0 0 0 0 0 0 0 0.166667 0 0 0 0 0 0 0 0 0 0 0.166667 0 0 0 
TTCCCAAA 0.375 0.375 0 0.25 0.285714 0 0 0 0.142857 0.285714 0 0 0 0 0 0 0 0.142857 0 0.142857 0.166667 0 0 0 0 0 0 0 0 0 0 0 0 0 0 0 0.166667 0 0 0 0.166667 0.166667 0 0 0 0 0 0 0 0 0 0 0 0 0 0 0 0 0 0 0 0 0 0 0 0 0 0 0 0 0 0 0 0.166667 0 0 0 0 0 0 0 0.166667 0 0 
TTCCCGAA 0.25 0.375 0.125 0.25 0.142857 0 0 0 0 0.285714 0.142857 0 0.142857 0 0 0 0 0.142857 0 0.142857 0 0 0 0 0 0 0 0 0 0 0 0 0 0 0 0 0 0 0 0 0 0.166667 0.166667 0 0.166667 0 0 0 0 0 0 0 0.166667 0 0 0 0 0 0 0 0 0 0 0 0 0 0 0 0 0 0 0 0 0.166667 0 0 0 0 0 0 0 0.166667 0 0 
TTCCTAAA 0.375 0.25 0 0.375 0.285714 0 0 0 0 0.142857 0 0.142857 0 0 0 0 0.142857 0.142857 0 0.142857 0.166667 0 0 0 0 0 0 0 0 0 0 0 0 0 0 0 0 0 0 0 0 0 0 0.166667 0 0 0 0 0.166667 0 0 0 0 0 0 0 0 0 0 0 0 0 0 0 0 0 0 0 0.166667 0 0 0 0 0.166667 0 0 0 0 0 0 0 0.166667 0 0 
TTGGGAAA 0.375 0 0.375 0.25 0.285714 0 0 0 0 0 0 0 0.142857 0 0.285714 0 0 0 0.142857 0.142857 0.166667 0 0 0 0 0 0 0 0 0 0 0 0 0 0 0 0 0 0 0 0 0 0 0 0 0 0 0 0 0 0 0 0.166667 0 0 0 0 0 0 0 0.166667 0 0.166667 0 0 0 0 0 0 0 0 0 0 0 0 0 0 0 0.166667 0 0 0 0.166667 0 
AAAAAGGA 0.75 0 0.25 0 0.571429 0 0.142857 0 0 0 0 0 0.142857 0 0.142857 0 0 0 0 0 0.5 0 0.166667 0 0 0 0 0 0 0 0.166667 0 0 0 0 0 0 0 0 0 0 0 0 0 0 0 0 0 0 0 0 0 0 0 0 0 0 0 0 0 0.166667 0 0 0 0 0 0 0 0 0 0 0 0 0 0 0 0 0 0 0 0 0 0 0 
AAAAAGGG 0.625 0 0.375 0 0.571429 0 0.142857 0 0 0 0 0 0 0 0.285714 0 0 0 0 0 0.5 0 0.166667 0 0 0 0 0 0 0 0.166667 0 0 0 0 0 0 0 0 0 0 0 0 0 0 0 0 0 0 0 0 0 0 0 0 0 0 0 0 0 0 0 0.166667 0 0 0 0 0 0 0 0 0 0 0 0 0 0 0 0 0 0 0 0 0 
AAAACAGT 0.625 0.125 0.125 0.125 0.428571 0.142857 0.142857 0 0.142857 0 0 0 0 0 0 0.142857 0 0 0 0 0.333333 0.166667 0 0 0.166667 0 0 0 0 0 0 0.166667 0 0 0 0 0 0 0.166667 0 0 0 0 0 0 0 0 0 0 0 0 0 0 0 0 0 0 0 0 0 0 0 0 0 0 0 0 0 0 0 0 0 0 0 0 0 0 0 0 0 0 0 0 0 
AAAACGGA 0.625 0.125 0.25 0 0.428571 0.142857 0 0 0 0 0.142857 0 0.142857 0 0.142857 0 0 0 0 0 0.333333 0.166667 0 0 0 0 0.166667 0 0 0 0 0 0 0 0 0 0 0 0 0 0 0 0 0 0 0 0.166667 0 0 0 0 0 0 0 0 0 0 0 0 0 0.166667 0 0 0 0 0 0 0 0 0 0 0 0 0 0 0 0 0 0 0 0 0 0 0 
AAAACGGG 0.5 0.125 0.375 0 0.428571 0.142857 0 0 0 0 0.142857 0 0 0 0.285714 0 0 0 0 0 0.333333 0.166667 0 0 0 0 0.166667 0 0 0 0 0 0 0 0 0 0 0 0 0 0 0 0 0 0 0 0.166667 0 0 0 0 0 0 0 0 0 0 0 0 0 0 0 0.166667 0 0 0 0 0 0 0 0 0 0 0 0 0 0 0 0 0 0 0 0 0 
AAAAGAGG 0.625 0 0.375 0 0.428571 0 0.285714 0 0 0 0 0 0.142857 0 0.142857 0 0 0 0 0 0.333333 0 0.166667 0 0 0 0 0 0.166667 0 0.166667 0 0 0 0 0 0 0 0 0 0 0 0 0 0 0 0 0 0 0 0 0 0 0 0.166667 0 0 0 0 0 0 0 0 0 0 0 0 0 0 0 0 0 0 0 0 0 0 0 0 0 0 0 0 0 
AAAAGGAA 0.75 0 0.25 0 0.571429 0 0.142857 0 0 0 0 0 0.142857 0 0.142857 0 0 0 0 0 0.333333 0 0.166667 0 0 0 0 0 0 0 0.166667 0 0 0 0 0 0 0 0 0 0 0 0 0 0 0 0 0 0 0 0 0 0.166667 0 0 0 0 0 0 0 0.166667 0 0 0 0 0 0 0 0 0 0 0 0 0 0 0 0 0 0 0 0 0 0 0 
AAAAGGAG 0.625 0 0.375 0 0.428571 0 0.285714 0 0 0 0 0 0.142857 0 0.142857 0 0 0 0 0 0.333333 0 0.166667 0 0 0 0 0 0 0 0.166667 0 0 0 0 0 0 0 0 0 0 0 0 0 0 0 0 0 0 0 0 0 0 0 0.166667 0 0 0 0 0 0.166667 0 0 0 0 0 0 0 0 0 0 0 0 0 0 0 0 0 0 0 0 0 0 0 
AAAAGGGA 0.625 0 0.375 0 0.428571 0 0.142857 0 0 0 0 0 0.142857 0 0.285714 0 0 0 0 0 0.333333 0 0.166667 0 0 0 0 0 0 0 0.166667 0 0 0 0 0 0 0 0 0 0 0 0 0 0 0 0 0 0 0 0 0 0 0 0 0 0 0 0 0 0.166667 0 0.166667 0 0 0 0 0 0 0 0 0 0 0 0 0 0 0 0 0 0 0 0 0 
AAAAGGGG 0.5 0 0.5 0 0.428571 0 0.142857 0 0 0 0 0 0 0 0.428571 0 0 0 0 0 0.333333 0 0.166667 0 0 0 0 0 0 0 0.166667 0 0 0 0 0 0 0 0 0 0 0 0 0 0 0 0 0 0 0 0 0 0 0 0 0 0 0 0 0 0 0 0.333333 0 0 0 0 0 0 0 0 0 0 0 0 0 0 0 0 0 0 0 0 0 
AAAAGGGT 0.5 0 0.375 0.125 0.428571 0 0.142857 0 0 0 0 0 0 0 0.285714 0.142857 0 0 0 0 0.333333 0 0.166667 0 0 0 0 0 0 0 0.166667 0 0 0 0 0 0 0 0 0 0 0 0 0 0 0 0 0 0 0 0 0 0 0 0 0 0 0 0 0 0 0 0.166667 0.166667 0 0 0 0 0 0 0 0 0 0 0 0 0 0 0 0 0 0 0 0 
AAAATGGA 0.625 0 0.25 0.125 0.428571 0 0 0.142857 0 0 0 0 0.142857 0 0.142857 0 0 0 0.142857 0 0.333333 0 0 0.166667 0 0 0 0 0 0 0 0 0 0 0.166667 0 0 0 0 0 0 0 0 0 0 0 0 0 0 0 0 0 0 0 0 0 0 0 0 0 0.166667 0 0 0 0 0 0 0 0 0 0 0 0 0 0 0 0 0 0.166667 0 0 0 0 0 
AAACGGAA 0.625 0.125 0.25 0 0.428571 0.142857 0 0 0 0 0.142857 0 0.142857 0 0.142857 0 0 0 0 0 0.166667 0.166667 0 0 0 0 0.166667 0 0 0 0 0 0 0 0 0 0 0 0 0 0 0 0 0 0 0 0.166667 0 0 0 0 0 0.166667 0 0 0 0 0 0 0 0.166667 0 0 0 0 0 0 0 0 0 0 0 0 0 0 0 0 0 0 0 0 0 0 0 
AAACGGGA 0.5 0.125 0.375 0 0.285714 0.142857 0 0 0 0 0.142857 0 0.142857 0 0.285714 0 0 0 0 0 0.166667 0.166667 0 0 0 0 0.166667 0 0 0 0 0 0 0 0 0 0 0 0 0 0 0 0 0 0 0 0.166667 0 0 0 0 0 0 0 0 0 0 0 0 0 0.166667 0 0.166667 0 0 0 0 0 0 0 0 0 0 0 0 0 0 0 0 0 0 0 0 0 
AAACGGTA 0.5 0.125 0.25 0.125 0.285714 0.142857 0 0 0 0 0.142857 0 0 0 0.142857 0.142857 0.142857 0 0 0 0.166667 0.166667 0 0 0 0 0.166667 0 0 0 0 0 0 0 0 0 0 0 0 0 0 0 0 0 0 0 0.166667 0 0 0 0 0 0 0 0 0 0 0 0 0 0 0 0 0.166667 0.166667 0 0 0 0 0 0 0 0 0 0 0 0 0 0 0 0 0 0 0 
AAAGGAAA 0.75 0 0.25 0 0.571429 0 0.142857 0 0 0 0 0 0.142857 0 0.142857 0 0 0 0 0 0.333333 0 0.166667 0 0 0 0 0 0 0 0.166667 0 0 0 0 0 0 0 0 0 0 0 0 0 0 0 0 0 0 0 0 0 0.166667 0 0 0 0 0 0 0 0.166667 0 0 0 0 0 0 0 0 0 0 0 0 0 0 0 0 0 0 0 0 0 0 0 
AAAGGAAG 0.625 0 0.375 0 0.428571 0 0.285714 0 0 0 0 0 0.142857 0 0.142857 0 0 0 0 0 0.166667 0 0.333333 0 0 0 0 0 0 0 0.166667 0 0 0 0 0 0 0 0 0 0 0 0 0 0 0 0 0 0 0 0 0 0.166667 0 0 0 0 0 0 0 0.166667 0 0 0 0 0 0 0 0 0 0 0 0 0 0 0 0 0 0 0 0 0 0 0 
AAAGGGAA 0.625 0 0.375 0 0.428571 0 0.142857 0 0 0 0 0 0.142857 0 0.285714 0 0 0 0 0 0.166667 0 0.166667 0 0 0 0 0 0 0 0.166667 0 0 0 0 0 0 0 0 0 0 0 0 0 0 0 0 0 0 0 0 0 0.166667 0 0 0 0 0 0 0 0.166667 0 0.166667 0 0 0 0 0 0 0 0 0 0 0 0 0 0 0 0 0 0 0 0 0 
AAAGGGAT 0.5 0 0.375 0.125 0.285714 0 0.142857 0.142857 0 0 0 0 0.142857 0 0.285714 0 0 0 0 0 0.166667 0 0.166667 0 0 0 0 0 0 0 0.166667 0 0 0 0 0 0 0 0 0 0 0 0 0 0 0 0 0 0 0 0 0 0 0 0 0.166667 0 0 0 0 0.166667 0 0.166667 0 0 0 0 0 0 0 0 0 0 0 0 0 0 0 0 0 0 0 0 0 
AAAGGGGA 0.5 0 0.5 0 0.285714 0 0.142857 0 0 0 0 0 0.142857 0 0.428571 0 0 0 0 0 0.166667 0 0.166667 0 0 0 0 0 0 0 0.166667 0 0 0 0 0 0 0 0 0 0 0 0 0 0 0 0 0 0 0 0 0 0 0 0 0 0 0 0 0 0.166667 0 0.333333 0 0 0 0 0 0 0 0 0 0 0 0 0 0 0 0 0 0 0 0 0 
AAAGGGGG 0.375 0 0.625 0 0.285714 0 0.142857 0 0 0 0 0 0 0 0.571429 0 0 0 0 0 0.166667 0 0.166667 0 0 0 0 0 0 0 0.166667 0 0 0 0 0 0 0 0 0 0 0 0 0 0 0 0 0 0 0 0 0 0 0 0 0 0 0 0 0 0 0 0.5 0 0 0 0 0 0 0 0 0 0 0 0 0 0 0 0 0 0 0 0 0 
AAATAGAG 0.625 0 0.25 0.125 0.285714 0 0.285714 0.142857 0 0 0 0 0.142857 0 0 0 0.142857 0 0 0 0.166667 0 0 0.166667 0 0 0 0 0.166667 0 0 0 0.166667 0 0 0 0 0 0 0 0 0 0 0 0 0 0 0 0 0 0 0 0 0 0.166667 0 0 0 0 0 0 0 0 0 0 0 0 0 0 0 0.166667 0 0 0 0 0 0 0 0 0 0 0 0 0 
AAATAGGA 0.625 0 0.25 0.125 0.285714 0 0.142857 0.142857 0 0 0 0 0.142857 0 0.142857 0 0.142857 0 0 0 0.166667 0 0 0.166667 0 0 0 0 0 0 0.166667 0 0.166667 0 0 0 0 0 0 0 0 0 0 0 0 0 0 0 0 0 0 0 0 0 0 0 0 0 0 0 0.166667 0 0 0 0 0 0 0 0 0 0.166667 0 0 0 0 0 0 0 0 0 0 0 0 0 
AAATCGGA 0.5 0.125 0.25 0.125 0.285714 0 0 0.142857 0 0 0.142857 0 0.142857 0 0.142857 0 0 0.142857 0 0 0.166667 0 0 0.166667 0 0 0 0 0 0 0 0 0 0.166667 0 0 0 0 0 0 0 0 0 0 0 0 0.166667 0 0 0 0 0 0 0 0 0 0 0 0 0 0.166667 0 0 0 0 0 0 0 0 0 0 0 0 0 0.166667 0 0 0 0 0 0 0 0 0 
AAATCGGG 0.375 0.125 0.375 0.125 0.285714 0 0 0.142857 0 0 0.142857 0 0 0 0.285714 0 0 0.142857 0 0 0.166667 0 0 0.166667 0 0 0 0 0 0 0 0 0 0.166667 0 0 0 0 0 0 0 0 0 0 0 0 0.166667 0 0 0 0 0 0 0 0 0 0 0 0 0 0 0 0.166667 0 0 0 0 0 0 0 0 0 0 0 0.166667 0 0 0 0 0 0 0 0 0 
AAATGGAA 0.625 0 0.25 0.125 0.428571 0 0 0.142857 0 0 0 0 0.142857 0 0.142857 0 0 0 0.142857 0 0.166667 0 0 0.166667 0 0 0 0 0 0 0 0 0 0 0.166667 0 0 0 0 0 0 0 0 0 0 0 0 0 0 0 0 0 0.166667 0 0 0 0 0 0 0 0.166667 0 0 0 0 0 0 0 0 0 0 0 0 0 0 0 0 0 0.166667 0 0 0 0 0 
AAATGGGA 0.5 0 0.375 0.125 0.285714 0 0 0.142857 0 0 0 0 0.142857 0 0.285714 0 0 0 0.142857 0 0.166667 0 0 0.166667 0 0 0 0 0 0 0 0 0 0 0.166667 0 0 0 0 0 0 0 0 0 0 0 0 0 0 0 0 0 0 0 0 0 0 0 0 0 0.166667 0 0.166667 0 0 0 0 0 0 0 0 0 0 0 0 0 0 0 0.166667 0 0 0 0 0 
AAATGGGG 0.375 0 0.5 0.125 0.285714 0 0 0.142857 0 0 0 0 0 0 0.428571 0 0 0 0.142857 0 0.166667 0 0 0.166667 0 0 0 0 0 0 0 0 0 0 0.166667 0 0 0 0 0 0 0 0 0 0 0 0 0 0 0 0 0 0 0 0 0 0 0 0 0 0 0 0.333333 0 0 0 0 0 0 0 0 0 0 0 0 0 0 0 0.166667 0 0 0 0 0 
AAATGGGT 0.375 0 0.375 0.25 0.285714 0 0 0.142857 0 0 0 0 0 0 0.285714 0.142857 0 0 0.142857 0 0.166667 0 0 0.166667 0 0 0 0 0 0 0 0 0 0 0.166667 0 0 0 0 0 0 0 0 0 0 0 0 0 0 0 0 0 0 0 0 0 0 0 0 0 0 0 0.166667 0.166667 0 0 0 0 0 0 0 0 0 0 0 0 0 0 0.166667 0 0 0 0 0 
AAATTAGG 0.5 0 0.25 0.25 0.285714 0 0.142857 0.142857 0 0 0 0 0 0 0.142857 0 0.142857 0 0 0.142857 0.166667 0 0 0.166667 0 0 0 0 0 0 0.166667 0 0 0 0 0.166667 0 0 0 0 0 0 0 0 0 0 0 0 0 0 0 0 0 0 0 0 0 0 0 0 0 0 0 0 0 0 0 0 0 0 0.166667 0 0 0 0 0 0 0 0 0 0.166667 0 0 0 
AAATTAGT 0.5 0 0.125 0.375 0.285714 0 0.142857 0.142857 0 0 0 0 0 0 0 0.142857 0.142857 0 0 0.142857 0.166667 0 0 0.166667 0 0 0 0 0 0 0 0.166667 0 0 0 0.166667 0 0 0 0 0 0 0 0 0 0 0 0 0 0 0 0 0 0 0 0 0 0 0 0 0 0 0 0 0 0 0 0 0 0 0.166667 0 0 0 0 0 0 0 0 0 0.166667 0 0 0 
AACGGAAA 0.625 0.125 0.25 0 0.428571 0.142857 0 0 0 0 0.142857 0 0.142857 0 0.142857 0 0 0 0 0 0.166667 0.166667 0 0 0 0 0.166667 0 0 0 0 0 0 0 0 0 0 0 0 0 0 0 0 0 0 0 0.166667 0 0 0 0 0 0.166667 0 0 0 0 0 0 0 0.166667 0 0 0 0 0 0 0 0 0 0 0 0 0 0 0 0 0 0 0 0 0 0 0 
AACGGGAA 0.5 0.125 0.375 0 0.285714 0.142857 0 0 0 0 0.142857 0 0.142857 0 0.285714 0 0 0 0 0 0 0.166667 0 0 0 0 0.166667 0 0 0 0 0 0 0 0 0 0 0 0 0 0 0 0 0 0 0 0.166667 0 0 0 0 0 0.166667 0 0 0 0 0 0 0 0.166667 0 0.166667 0 0 0 0 0 0 0 0 0 0 0 0 0 0 0 0 0 0 0 0 0 
AAGAGGAA 0.625 0 0.375 0 0.285714 0 0.285714 0 0 0 0 0 0.285714 0 0.142857 0 0 0 0 0 0 0 0.166667 0 0 0 0 0 0.166667 0 0.166667 0 0 0 0 0 0 0 0 0 0 0 0 0 0 0 0 0 0 0 0 0 0.166667 0 0.166667 0 0 0 0 0 0.166667 0 0 0 0 0 0 0 0 0 0 0 0 0 0 0 0 0 0 0 0 0 0 0 
AAGGGAAA 0.625 0 0.375 0 0.428571 0 0.142857 0 0 0 0 0 0.142857 0 0.285714 0 0 0 0 0 0.166667 0 0.166667 0 0 0 0 0 0 0 0.166667 0 0 0 0 0 0 0 0 0 0 0 0 0 0 0 0 0 0 0 0 0 0.166667 0 0 0 0 0 0 0 0.166667 0 0.166667 0 0 0 0 0 0 0 0 0 0 0 0 0 0 0 0 0 0 0 0 0 
AATAGGAA 0.625 0 0.25 0.125 0.285714 0 0.142857 0.142857 0 0 0 0 0.142857 0 0.142857 0 0.142857 0 0 0 0 0 0 0.166667 0 0 0 0 0 0 0.166667 0 0.166667 0 0 0 0 0 0 0 0 0 0 0 0 0 0 0 0 0 0 0 0.166667 0 0 0 0 0 0 0 0.166667 0 0 0 0 0 0 0 0 0 0.166667 0 0 0 0 0 0 0 0 0 0 0 0 0 
AATCCGGA 0.375 0.25 0.25 0.125 0.142857 0 0 0.142857 0 0.142857 0.142857 0 0.142857 0 0.142857 0 0 0.142857 0 0 0 0 0 0.166667 0 0 0 0 0 0 0 0 0 0.166667 0 0 0 0 0 0 0 0 0.166667 0 0 0 0.166667 0 0 0 0 0 0 0 0 0 0 0 0 0 0.166667 0 0 0 0 0 0 0 0 0 0 0 0 0.166667 0 0 0 0 0 0 0 0 0 0 
AATCCGGT 0.25 0.25 0.25 0.25 0.142857 0 0 0.142857 0 0.142857 0.142857 0 0 0 0.142857 0.142857 0 0.142857 0 0 0 0 0 0.166667 0 0 0 0 0 0 0 0 0 0.166667 0 0 0 0 0 0 0 0 0.166667 0 0 0 0.166667 0 0 0 0 0 0 0 0 0 0 0 0 0 0 0 0 0.166667 0 0 0 0 0 0 0 0 0 0.166667 0 0 0 0 0 0 0 0 0 0 
AATCGGGA 0.375 0.125 0.375 0.125 0.142857 0 0 0.142857 0 0 0.142857 0 0.142857 0 0.285714 0 0 0.142857 0 0 0 0 0 0.166667 0 0 0 0 0 0 0 0 0 0.166667 0 0 0 0 0 0 0 0 0 0 0 0 0.166667 0 0 0 0 0 0 0 0 0 0 0 0 0 0.166667 0 0.166667 0 0 0 0 0 0 0 0 0 0 0 0.166667 0 0 0 0 0 0 0 0 0 
AATCGGGC 0.25 0.25 0.375 0.125 0.142857 0 0 0.142857 0 0 0.142857 0 0 0.142857 0.285714 0 0 0.142857 0 0 0 0 0 0.166667 0 0 0 0 0 0 0 0 0 0.166667 0 0 0 0 0 0 0 0 0 0 0 0 0.166667 0 0 0 0 0 0 0 0 0 0 0 0 0 0 0.166667 0.166667 0 0 0 0 0 0 0 0 0 0 0 0.166667 0 0 0 0 0 0 0 0 0 
AATCGGGT 0.25 0.125 0.375 0.25 0.142857 0 0 0.142857 0 0 0.142857 0 0 0 0.285714 0.142857 0 0.142857 0 0 0 0 0 0.166667 0 0 0 0 0 0 0 0 0 0.166667 0 0 0 0 0 0 0 0 0 0 0 0 0.166667 0 0 0 0 0 0 0 0 0 0 0 0 0 0 0 0.166667 0.166667 0 0 0 0 0 0 0 0 0 0 0.166667 0 0 0 0 0 0 0 0 0 
AATGGGGA 0.375 0 0.5 0.125 0.142857 0 0 0.142857 0 0 0 0 0.142857 0 0.428571 0 0 0 0.142857 0 0 0 0 0.166667 0 0 0 0 0 0 0 0 0 0 0.166667 0 0 0 0 0 0 0 0 0 0 0 0 0 0 0 0 0 0 0 0 0 0 0 0 0 0.166667 0 0.333333 0 0 0 0 0 0 0 0 0 0 0 0 0 0 0 0.166667 0 0 0 0 0 
AATGGTAA 0.5 0 0.25 0.25 0.285714 0 0 0.142857 0 0 0 0 0 0 0.142857 0.142857 0.142857 0 0.142857 0 0 0 0 0.166667 0 0 0 0 0 0 0 0 0 0 0.166667 0 0 0 0 0 0 0 0 0 0 0 0 0 0 0 0 0 0 0 0 0 0 0 0 0 0 0 0 0.166667 0.166667 0 0 0 0.166667 0 0 0 0 0 0 0 0 0 0.166667 0 0 0 0 0 
AATTAGGA 0.5 0 0.25 0.25 0.142857 0 0.142857 0.142857 0 0 0 0 0.142857 0 0.142857 0 0.142857 0 0 0.142857 0 0 0 0.166667 0 0 0 0 0 0 0.166667 0 0 0 0 0.166667 0 0 0 0 0 0 0 0 0 0 0 0 0 0 0 0 0 0 0 0 0 0 0 0 0.166667 0 0 0 0 0 0 0 0 0 0.166667 0 0 0 0 0 0 0 0 0 0.166667 0 0 0 
AATTAGGC 0.375 0.125 0.25 0.25 0.142857 0 0.142857 0.142857 0 0 0 0 0 0.142857 0.142857 0 0.142857 0 0 0.142857 0 0 0 0.166667 0 0 0 0 0 0 0.166667 0 0 0 0 0.166667 0 0 0 0 0 0 0 0 0 0 0 0 0 0 0 0 0 0 0 0 0 0 0 0 0 0.166667 0 0 0 0 0 0 0 0 0.166667 0 0 0 0 0 0 0 0 0 0.166667 0 0 0 
AATTAGGT 0.375 0 0.25 0.375 0.142857 0 0.142857 0.142857 0 0 0 0 0 0 0.142857 0.142857 0.142857 0 0 0.142857 0 0 0 0.166667 0 0 0 0 0 0 0.166667 0 0 0 0 0.166667 0 0 0 0 0 0 0 0 0 0 0 0 0 0 0 0 0 0 0 0 0 0 0 0 0 0 0 0.166667 0 0 0 0 0 0 0.166667 0 0 0 0 0 0 0 0 0 0.166667 0 0 0 
AATTCGGA 0.375 0.125 0.25 0.25 0.142857 0 0 0.142857 0 0 0.142857 0 0.142857 0 0.142857 0 0 0.142857 0 0.142857 0 0 0 0.166667 0 0 0 0 0 0 0 0 0 0 0 0.166667 0 0 0 0 0 0 0 0 0 0 0.166667 0 0 0 0 0 0 0 0 0 0 0 0 0 0.166667 0 0 0 0 0 0 0 0 0 0 0 0 0 0.166667 0 0 0 0 0 0 0.166667 0 0 
AATTCGGT 0.25 0.125 0.25 0.375 0.142857 0 0 0.142857 0 0 0.142857 0 0 0 0.142857 0.142857 0 0.142857 0 0.142857 0 0 0 0.166667 0 0 0 0 0 0 0 0 0 0 0 0.166667 0 0 0 0 0 0 0 0 0 0 0.166667 0 0 0 0 0 0 0 0 0 0 0 0 0 0 0 0 0.166667 0 0 0 0 0 0 0 0 0 0 0.166667 0 0 0 0 0 0 0.166667 0 0 
AATTGGGA 0.375 0 0.375 0.25 0.142857 0 0 0.142857 0 0 0 0 0.142857 0 0.285714 0 0 0 0.142857 0.142857 0 0 0 0.166667 0 0 0 0 0 0 0 0 0 0 0 0.166667 0 0 0 0 0 0 0 0 0 0 0 0 0 0 0 0 0 0 0 0 0 0 0 0 0.166667 0 0.166667 0 0 0 0 0 0 0 0 0 0 0 0 0 0 0 0.166667 0 0 0 0.166667 0 
AATTGGGT 0.25 0 0.375 0.375 0.142857 0 0 0.142857 0 0 0 0 0 0 0.285714 0.142857 0 0 0.142857 0.142857 0 0 0 0.166667 0 0 0 0 0 0 0 0 0 0 0 0.166667 0 0 0 0 0 0 0 0 0 0 0 0 0 0 0 0 0 0 0 0 0 0 0 0 0 0 0.166667 0.166667 0 0 0 0 0 0 0 0 0 0 0 0 0 0 0.166667 0 0 0 0.166667 0 
AATTTAGG 0.375 0 0.25 0.375 0.142857 0 0.142857 0.142857 0 0 0 0 0 0 0.142857 0 0.142857 0 0 0.285714 0 0 0 0.166667 0 0 0 0 0 0 0.166667 0 0 0 0 0.166667 0 0 0 0 0 0 0 0 0 0 0 0 0 0 0 0 0 0 0 0 0 0 0 0 0 0 0 0 0 0 0 0 0 0 0.166667 0 0 0 0 0 0 0 0 0 0.166667 0 0 0.166667 
ACCAAAAA 0.75 0.25 0 0 0.571429 0.142857 0 0 0.142857 0.142857 0 0 0 0 0 0 0 0 0 0 0.5 0 0 0 0 0.166667 0 0 0 0 0 0 0 0 0 0 0.166667 0 0 0 0.166667 0 0 0 0 0 0 0 0 0 0 0 0 0 0 0 0 0 0 0 0 0 0 0 0 0 0 0 0 0 0 0 0 0 0 0 0 0 0 0 0 0 0 0 
ACCAATTA 0.5 0.25 0 0.25 0.142857 0.142857 0 0.142857 0.142857 0.142857 0 0 0 0 0 0 0.142857 0 0 0.142857 0 0 0 0.166667 0 0.166667 0 0 0 0 0 0 0 0 0 0.166667 0.166667 0 0 0 0.166667 0 0 0 0 0 0 0 0 0 0 0 0 0 0 0 0 0 0 0 0 0 0 0 0 0 0 0 0 0 0 0 0 0 0 0 0 0 0 0 0.166667 0 0 0 
ACCCAAAA 0.625 0.375 0 0 0.428571 0.142857 0 0 0.142857 0.285714 0 0 0 0 0 0 0 0 0 0 0.333333 0 0 0 0 0.166667 0 0 0 0 0 0 0 0 0 0 0.166667 0 0 0 0.166667 0.166667 0 0 0 0 0 0 0 0 0 0 0 0 0 0 0 0 0 0 0 0 0 0 0 0 0 0 0 0 0 0 0 0 0 0 0 0 0 0 0 0 0 0 
ACCCAGAA 0.5 0.375 0.125 0 0.142857 0.142857 0.142857 0 0.142857 0.285714 0 0 0.142857 0 0 0 0 0 0 0 0 0 0 0 0 0.166667 0 0 0.166667 0 0 0 0 0 0 0 0 0 0.166667 0 0.166667 0.166667 0 0 0 0 0 0 0 0 0 0 0.166667 0 0 0 0 0 0 0 0 0 0 0 0 0 0 0 0 0 0 0 0 0 0 0 0 0 0 0 0 0 0 0 
ACCGAAAA 0.625 0.25 0.125 0 0.428571 0.142857 0 0 0 0.142857 0.142857 0 0.142857 0 0 0 0 0 0 0 0.333333 0 0 0 0 0.166667 0 0 0 0 0 0 0 0 0 0 0 0 0 0 0 0 0.166667 0 0.166667 0 0 0 0 0 0 0 0.166667 0 0 0 0 0 0 0 0 0 0 0 0 0 0 0 0 0 0 0 0 0 0 0 0 0 0 0 0 0 0 0 
AGAAATGG 0.5 0 0.375 0.125 0.285714 0 0.142857 0.142857 0 0 0 0 0.142857 0 0.142857 0 0 0 0.142857 0 0.166667 0 0 0.166667 0 0 0 0 0.166667 0 0 0 0 0 0.166667 0 0 0 0 0 0 0 0 0 0 0 0 0 0 0 0 0 0.166667 0 0 0 0 0 0 0 0 0 0 0 0 0 0 0 0 0 0 0 0 0 0 0 0 0 0.166667 0 0 0 0 0 
AGAGGAAA 0.625 0 0.375 0 0.285714 0 0.285714 0 0 0 0 0 0.285714 0 0.142857 0 0 0 0 0 0.166667 0 0 0 0 0 0 0 0.166667 0 0.166667 0 0 0 0 0 0 0 0 0 0 0 0 0 0 0 0 0 0 0 0 0 0.166667 0 0.166667 0 0 0 0 0 0.166667 0 0 0 0 0 0 0 0 0 0 0 0 0 0 0 0 0 0 0 0 0 0 0 
ATACCTAA 0.5 0.25 0 0.25 0.142857 0.142857 0 0.142857 0 0.142857 0 0.142857 0 0 0 0 0.285714 0 0 0 0 0 0 0 0 0.166667 0 0 0 0 0 0 0.166667 0 0 0 0 0 0 0 0 0 0 0.166667 0 0 0 0 0.166667 0 0 0 0 0 0 0 0 0 0 0 0 0 0 0 0 0 0 0 0.166667 0.166667 0 0 0 0 0 0 0 0 0 0 0 0 0 0 
ATAGGAAA 0.625 0 0.25 0.125 0.285714 0 0.142857 0.142857 0 0 0 0 0.142857 0 0.142857 0 0.142857 0 0 0 0.166667 0 0 0 0 0 0 0 0 0 0.166667 0 0.166667 0 0 0 0 0 0 0 0 0 0 0 0 0 0 0 0 0 0 0 0.166667 0 0 0 0 0 0 0 0.166667 0 0 0 0 0 0 0 0 0 0.166667 0 0 0 0 0 0 0 0 0 0 0 0 0 
ATATGGAA 0.5 0 0.25 0.25 0.142857 0 0 0.285714 0 0 0 0 0.142857 0 0.142857 0 0.142857 0 0.142857 0 0 0 0 0 0 0 0 0 0 0 0 0 0.166667 0 0.166667 0 0 0 0 0 0 0 0 0 0 0 0 0 0 0 0 0 0.166667 0 0 0 0 0 0 0 0.166667 0 0 0 0 0 0 0 0 0 0 0.166667 0 0 0 0 0 0 0.166667 0 0 0 0 0 
ATCCGGAT 0.25 0.25 0.25 0.25 0 0 0 0.285714 0 0.142857 0.142857 0 0.142857 0 0.142857 0 0 0.142857 0 0 0 0 0 0 0 0 0 0 0 0 0 0 0 0.166667 0 0 0 0 0 0 0 0 0.166667 0 0 0 0.166667 0 0 0 0 0 0 0 0 0.166667 0 0 0 0 0.166667 0 0 0 0 0 0 0 0 0 0 0 0 0.166667 0 0 0 0 0 0 0 0 0 0 
ATCGGGAA 0.375 0.125 0.375 0.125 0.142857 0 0 0.142857 0 0 0.142857 0 0.142857 0 0.285714 0 0 0.142857 0 0 0 0 0 0 0 0 0 0 0 0 0 0 0 0.166667 0 0 0 0 0 0 0 0 0 0 0 0 0.166667 0 0 0 0 0 0.166667 0 0 0 0 0 0 0 0.166667 0 0.166667 0 0 0 0 0 0 0 0 0 0 0 0.166667 0 0 0 0 0 0 0 0 0 
ATTAGGAA 0.5 0 0.25 0.25 0.142857 0 0.142857 0.142857 0 0 0 0 0.142857 0 0.142857 0 0.142857 0 0 0.142857 0 0 0 0 0 0 0 0 0 0 0.166667 0 0 0 0 0.166667 0 0 0 0 0 0 0 0 0 0 0 0 0 0 0 0 0.166667 0 0 0 0 0 0 0 0.166667 0 0 0 0 0 0 0 0 0 0.166667 0 0 0 0 0 0 0 0 0 0.166667 0 0 0 
ATTAGGGA 0.375 0 0.375 0.25 0 0 0.142857 0.142857 0 0 0 0 0.142857 0 0.285714 0 0.142857 0 0 0.142857 0 0 0 0 0 0 0 0 0 0 0.166667 0 0 0 0 0.166667 0 0 0 0 0 0 0 0 0 0 0 0 0 0 0 0 0 0 0 0 0 0 0 0 0.166667 0 0.166667 0 0 0 0 0 0 0 0.166667 0 0 0 0 0 0 0 0 0 0.166667 0 0 0 
ATTCGGGA 0.25 0.125 0.375 0.25 0 0 0 0.142857 0 0 0.142857 0 0.142857 0 0.285714 0 0 0.142857 0 0.142857 0 0 0 0 0 0 0 0 0 0 0 0 0 0 0 0.166667 0 0 0 0 0 0 0 0 0 0 0.166667 0 0 0 0 0 0 0 0 0 0 0 0 0 0.166667 0 0.166667 0 0 0 0 0 0 0 0 0 0 0 0.166667 0 0 0 0 0 0 0.166667 0 0 
ATTCGGTA 0.25 0.125 0.25 0.375 0 0 0 0.142857 0 0 0.142857 0 0 0 0.142857 0.142857 0.142857 0.142857 0 0.142857 0 0 0 0 0 0 0 0 0 0 0 0 0 0 0 0.166667 0 0 0 0 0 0 0 0 0 0 0.166667 0 0 0 0 0 0 0 0 0 0 0 0 0 0 0 0 0.166667 0.166667 0 0 0 0 0 0 0 0 0 0.166667 0 0 0 0 0 0 0.166667 0 0 
ATTGGGAA 0.375 0 0.375 0.25 0.142857 0 0 0.142857 0 0 0 0 0.142857 0 0.285714 0 0 0 0.142857 0.142857 0 0 0 0 0 0 0 0 0 0 0 0 0 0 0 0.166667 0 0 0 0 0 0 0 0 0 0 0 0 0 0 0 0 0.166667 0 0 0 0 0 0 0 0.166667 0 0.166667 0 0 0 0 0 0 0 0 0 0 0 0 0 0 0 0.166667 0 0 0 0.166667 0 
ATTGGGAC 0.25 0.125 0.375 0.25 0 0.142857 0 0.142857 0 0 0 0 0.142857 0 0.285714 0 0 0 0.142857 0.142857 0 0 0 0 0 0 0 0 0 0 0 0 0 0 0 0.166667 0 0 0 0 0 0 0 0 0 0 0 0 0 0 0 0 0 0.166667 0 0 0 0 0 0 0.166667 0 0.166667 0 0 0 0 0 0 0 0 0 0 0 0 0 0 0 0.166667 0 0 0 0.166667 0 
ATTGGGTG 0.125 0 0.5 0.375 0 0 0 0.142857 0 0 0 0 0 0 0.285714 0.142857 0 0 0.285714 0.142857 0 0 0 0 0 0 0 0 0 0 0 0 0 0 0 0.166667 0 0 0 0 0 0 0 0 0 0 0 0 0 0 0 0 0 0 0 0 0 0 0 0 0 0 0.166667 0.166667 0 0 0.166667 0 0 0 0 0 0 0 0 0 0 0 0.166667 0 0 0 0.166667 0 
ATTTAATA 0.5 0 0 0.5 0.142857 0 0 0.285714 0 0 0 0 0 0 0 0 0.285714 0 0 0.285714 0 0 0 0.166667 0 0 0 0 0 0 0 0 0.166667 0 0 0.166667 0 0 0 0 0 0 0 0 0 0 0 0 0 0 0 0 0 0 0 0 0 0 0 0 0 0 0 0 0 0 0 0 0.166667 0 0 0 0 0 0 0 0 0 0 0 0.166667 0 0 0.166667 
ATTTAGGA 0.375 0 0.25 0.375 0 0 0.142857 0.142857 0 0 0 0 0.142857 0 0.142857 0 0.142857 0 0 0.285714 0 0 0 0 0 0 0 0 0 0 0.166667 0 0 0 0 0.166667 0 0 0 0 0 0 0 0 0 0 0 0 0 0 0 0 0 0 0 0 0 0 0 0 0.166667 0 0 0 0 0 0 0 0 0 0.166667 0 0 0 0 0 0 0 0 0 0.166667 0 0 0.166667 
ATTTGGGA 0.25 0 0.375 0.375 0 0 0 0.142857 0 0 0 0 0.142857 0 0.285714 0 0 0 0.142857 0.285714 0 0 0 0 0 0 0 0 0 0 0 0 0 0 0 0.166667 0 0 0 0 0 0 0 0 0 0 0 0 0 0 0 0 0 0 0 0 0 0 0 0 0.166667 0 0.166667 0 0 0 0 0 0 0 0 0 0 0 0 0 0 0 0.166667 0 0 0 0.166667 0.166667 
ATTTTCGG 0.125 0.125 0.25 0.5 0 0 0 0.142857 0 0 0.142857 0 0 0 0.142857 0 0 0.142857 0 0.428571 0 0 0 0 0 0 0 0 0 0 0 0 0 0 0 0.166667 0 0 0 0 0 0 0 0 0 0 0.166667 0 0 0 0 0 0 0 0 0 0 0 0 0 0 0 0 0 0 0 0 0 0 0 0 0 0 0 0.166667 0 0 0 0 0 0 0.166667 0 0.333333 
ATTTTGGG 0.125 0 0.375 0.5 0 0 0 0.142857 0 0 0 0 0 0 0.285714 0 0 0 0.142857 0.428571 0 0 0 0 0 0 0 0 0 0 0 0 0 0 0 0.166667 0 0 0 0 0 0 0 0 0 0 0 0 0 0 0 0 0 0 0 0 0 0 0 0 0 0 0.166667 0 0 0 0 0 0 0 0 0 0 0 0 0 0 0 0.166667 0 0 0 0.166667 0.333333 
CAAAAAGG 0.625 0.125 0.25 0 0.571429 0 0.142857 0 0.142857 0 0 0 0 0 0.142857 0 0 0 0 0 0.5 0 0.166667 0 0 0 0 0 0 0 0.166667 0 0 0 0 0 0.166667 0 0 0 0 0 0 0 0 0 0 0 0 0 0 0 0 0 0 0 0 0 0 0 0 0 0 0 0 0 0 0 0 0 0 0 0 0 0 0 0 0 0 0 0 0 0 0 
CAAAAATG 0.625 0.125 0.125 0.125 0.571429 0 0 0.142857 0.142857 0 0 0 0 0 0 0 0 0 0.142857 0 0.5 0 0 0.166667 0 0 0 0 0 0 0 0 0 0 0.166667 0 0.166667 0 0 0 0 0 0 0 0 0 0 0 0 0 0 0 0 0 0 0 0 0 0 0 0 0 0 0 0 0 0 0 0 0 0 0 0 0 0 0 0 0 0 0 0 0 0 0 
CAAAACGG 0.5 0.25 0.25 0 0.428571 0.142857 0 0 0.142857 0 0.142857 0 0 0 0.142857 0 0 0 0 0 0.333333 0.166667 0 0 0 0 0.166667 0 0 0 0 0 0 0 0 0 0.166667 0 0 0 0 0 0 0 0 0 0.166667 0 0 0 0 0 0 0 0 0 0 0 0 0 0 0 0 0 0 0 0 0 0 0 0 0 0 0 0 0 0 0 0 0 0 0 0 0 
CAAAAGGG 0.5 0.125 0.375 0 0.428571 0 0.142857 0 0.142857 0 0 0 0 0 0.285714 0 0 0 0 0 0.333333 0 0.166667 0 0 0 0 0 0 0 0.166667 0 0 0 0 0 0.166667 0 0 0 0 0 0 0 0 0 0 0 0 0 0 0 0 0 0 0 0 0 0 0 0 0 0.166667 0 0 0 0 0 0 0 0 0 0 0 0 0 0 0 0 0 0 0 0 0 
CAAATAGG 0.5 0.125 0.25 0.125 0.285714 0 0.142857 0.142857 0.142857 0 0 0 0 0 0.142857 0 0.142857 0 0 0 0.166667 0 0 0.166667 0 0 0 0 0 0 0.166667 0 0.166667 0 0 0 0.166667 0 0 0 0 0 0 0 0 0 0 0 0 0 0 0 0 0 0 0 0 0 0 0 0 0 0 0 0 0 0 0 0 0 0.166667 0 0 0 0 0 0 0 0 0 0 0 0 0 
CAAATCGG 0.375 0.25 0.25 0.125 0.285714 0 0 0.142857 0.142857 0 0.142857 0 0 0 0.142857 0 0 0.142857 0 0 0.166667 0 0 0.166667 0 0 0 0 0 0 0 0 0 0.166667 0 0 0.166667 0 0 0 0 0 0 0 0 0 0.166667 0 0 0 0 0 0 0 0 0 0 0 0 0 0 0 0 0 0 0 0 0 0 0 0 0 0 0 0.166667 0 0 0 0 0 0 0 0 0 
CAAATGGG 0.375 0.125 0.375 0.125 0.285714 0 0 0.142857 0.142857 0 0 0 0 0 0.285714 0 0 0 0.142857 0 0.166667 0 0 0.166667 0 0 0 0 0 0 0 0 0 0 0.166667 0 0.166667 0 0 0 0 0 0 0 0 0 0 0 0 0 0 0 0 0 0 0 0 0 0 0 0 0 0.166667 0 0 0 0 0 0 0 0 0 0 0 0 0 0 0 0.166667 0 0 0 0 0 
CAAATTAG 0.5 0.125 0.125 0.25 0.285714 0 0.142857 0.142857 0.142857 0 0 0 0 0 0 0 0.142857 0 0 0.142857 0.166667 0 0 0.166667 0 0 0 0 0 0 0 0 0 0 0 0.166667 0.166667 0 0 0 0 0 0 0 0 0 0 0 0 0 0 0 0 0 0 0 0 0 0 0 0 0 0 0 0 0 0 0 0 0 0.166667 0 0 0 0 0 0 0 0 0 0.166667 0 0 0 
CAATCGGG 0.25 0.25 0.375 0.125 0.142857 0 0 0.142857 0.142857 0 0.142857 0 0 0 0.285714 0 0 0.142857 0 0 0 0 0 0.166667 0 0 0 0 0 0 0 0 0 0.166667 0 0 0.166667 0 0 0 0 0 0 0 0 0 0.166667 0 0 0 0 0 0 0 0 0 0 0 0 0 0 0 0.166667 0 0 0 0 0 0 0 0 0 0 0 0.166667 0 0 0 0 0 0 0 0 0 
CAATTAGG 0.375 0.125 0.25 0.25 0.142857 0 0.142857 0.142857 0.142857 0 0 0 0 0 0.142857 0 0.142857 0 0 0.142857 0 0 0 0.166667 0 0 0 0 0 0 0.166667 0 0 0 0 0.166667 0.166667 0 0 0 0 0 0 0 0 0 0 0 0 0 0 0 0 0 0 0 0 0 0 0 0 0 0 0 0 0 0 0 0 0 0.166667 0 0 0 0 0 0 0 0 0 0.166667 0 0 0 
CAATTCGG 0.25 0.25 0.25 0.25 0.142857 0 0 0.142857 0.142857 0 0.142857 0 0 0 0.142857 0 0 0.142857 0 0.142857 0 0 0 0.166667 0 0 0 0 0 0 0 0 0 0 0 0.166667 0.166667 0 0 0 0 0 0 0 0 0 0.166667 0 0 0 0 0 0 0 0 0 0 0 0 0 0 0 0 0 0 0 0 0 0 0 0 0 0 0 0.166667 0 0 0 0 0 0 0.166667 0 0 
CACCCAAA 0.5 0.5 0 0 0.285714 0.142857 0 0 0.285714 0.285714 0 0 0 0 0 0 0 0 0 0 0.166667 0 0 0 0 0.166667 0 0 0 0 0 0 0 0 0 0 0.166667 0.166667 0 0 0.166667 0.166667 0 0 0 0 0 0 0 0 0 0 0 0 0 0 0 0 0 0 0 0 0 0 0 0 0 0 0 0 0 0 0 0 0 0 0 0 0 0 0 0 0 0 
CATTTGGG 0.125 0.125 0.375 0.375 0 0 0 0.142857 0.142857 0 0 0 0 0 0.285714 0 0 0 0.142857 0.285714 0 0 0 0 0 0 0 0 0 0 0 0 0 0 0 0.166667 0 0 0 0.166667 0 0 0 0 0 0 0 0 0 0 0 0 0 0 0 0 0 0 0 0 0 0 0.166667 0 0 0 0 0 0 0 0 0 0 0 0 0 0 0 0.166667 0 0 0 0.166667 0.166667 
CATTTTGG 0.125 0.125 0.25 0.5 0 0 0 0.142857 0.142857 0 0 0 0 0 0.142857 0 0 0 0.142857 0.428571 0 0 0 0 0 0 0 0 0 0 0 0 0 0 0 0.166667 0 0 0 0.166667 0 0 0 0 0 0 0 0 0 0 0 0 0 0 0 0 0 0 0 0 0 0 0 0 0 0 0 0 0 0 0 0 0 0 0 0 0 0 0.166667 0 0 0 0.166667 0.333333 
CCAAAAAA 0.75 0.25 0 0 0.714286 0 0 0 0.142857 0.142857 0 0 0 0 0 0 0 0 0 0 0.666667 0 0 0 0 0 0 0 0 0 0 0 0 0 0 0 0.166667 0 0 0 0.166667 0 0 0 0 0 0 0 0 0 0 0 0 0 0 0 0 0 0 0 0 0 0 0 0 0 0 0 0 0 0 0 0 0 0 0 0 0 0 0 0 0 0 0 
CCAAAAAC 0.625 0.375 0 0 0.571429 0.142857 0 0 0.142857 0.142857 0 0 0 0 0 0 0 0 0 0 0.5 0.166667 0 0 0 0 0 0 0 0 0 0 0 0 0 0 0.166667 0 0 0 0.166667 0 0 0 0 0 0 0 0 0 0 0 0 0 0 0 0 0 0 0 0 0 0 0 0 0 0 0 0 0 0 0 0 0 0 0 0 0 0 0 0 0 0 0 
CCAAAAAG 0.625 0.25 0.125 0 0.571429 0 0.142857 0 0.142857 0.142857 0 0 0 0 0 0 0 0 0 0 0.5 0 0.166667 0 0 0 0 0 0 0 0 0 0 0 0 0 0.166667 0 0 0 0.166667 0 0 0 0 0 0 0 0 0 0 0 0 0 0 0 0 0 0 0 0 0 0 0 0 0 0 0 0 0 0 0 0 0 0 0 0 0 0 0 0 0 0 0 
CCAAAACG 0.5 0.375 0.125 0 0.428571 0.142857 0 0 0.142857 0.142857 0.142857 0 0 0 0 0 0 0 0 0 0.333333 0.166667 0 0 0 0 0.166667 0 0 0 0 0 0 0 0 0 0.166667 0 0 0 0.166667 0 0 0 0 0 0 0 0 0 0 0 0 0 0 0 0 0 0 0 0 0 0 0 0 0 0 0 0 0 0 0 0 0 0 0 0 0 0 0 0 0 0 0 
CCAAAAGA 0.625 0.25 0.125 0 0.428571 0 0.142857 0 0.142857 0.142857 0 0 0.142857 0 0 0 0 0 0 0 0.333333 0 0.166667 0 0 0 0 0 0.166667 0 0 0 0 0 0 0 0.166667 0 0 0 0.166667 0 0 0 0 0 0 0 0 0 0 0 0 0 0 0 0 0 0 0 0 0 0 0 0 0 0 0 0 0 0 0 0 0 0 0 0 0 0 0 0 0 0 0 
CCAAAAGG 0.5 0.25 0.25 0 0.428571 0 0.142857 0 0.142857 0.142857 0 0 0 0 0.142857 0 0 0 0 0 0.333333 0 0.166667 0 0 0 0 0 0 0 0.166667 0 0 0 0 0 0.166667 0 0 0 0.166667 0 0 0 0 0 0 0 0 0 0 0 0 0 0 0 0 0 0 0 0 0 0 0 0 0 0 0 0 0 0 0 0 0 0 0 0 0 0 0 0 0 0 0 
CCAAAATA 0.625 0.25 0 0.125 0.428571 0 0 0.142857 0.142857 0.142857 0 0 0 0 0 0 0.142857 0 0 0 0.333333 0 0 0.166667 0 0 0 0 0 0 0 0 0.166667 0 0 0 0.166667 0 0 0 0.166667 0 0 0 0 0 0 0 0 0 0 0 0 0 0 0 0 0 0 0 0 0 0 0 0 0 0 0 0 0 0 0 0 0 0 0 0 0 0 0 0 0 0 0 
CCAAATAG 0.5 0.25 0.125 0.125 0.285714 0 0.142857 0.142857 0.142857 0.142857 0 0 0 0 0 0 0.142857 0 0 0 0.166667 0 0 0.166667 0 0 0 0 0 0 0 0 0.166667 0 0 0 0.166667 0 0 0 0.166667 0 0 0 0 0 0 0 0 0 0 0 0 0 0 0 0 0 0 0 0 0 0 0 0 0 0 0 0 0 0.166667 0 0 0 0 0 0 0 0 0 0 0 0 0 
CCAAATCG 0.375 0.375 0.125 0.125 0.285714 0 0 0.142857 0.142857 0.142857 0.142857 0 0 0 0 0 0 0.142857 0 0 0.166667 0 0 0.166667 0 0 0 0 0 0 0 0 0 0.166667 0 0 0.166667 0 0 0 0.166667 0 0 0 0 0 0 0 0 0 0 0 0 0 0 0 0 0 0 0 0 0 0 0 0 0 0 0 0 0 0 0 0 0 0.166667 0 0 0 0 0 0 0 0 0 
CCAAATGG 0.375 0.25 0.25 0.125 0.285714 0 0 0.142857 0.142857 0.142857 0 0 0 0 0.142857 0 0 0 0.142857 0 0.166667 0 0 0.166667 0 0 0 0 0 0 0 0 0 0 0.166667 0 0.166667 0 0 0 0.166667 0 0 0 0 0 0 0 0 0 0 0 0 0 0 0 0 0 0 0 0 0 0 0 0 0 0 0 0 0 0 0 0 0 0 0 0 0 0.166667 0 0 0 0 0 
CCAATCCG 0.25 0.5 0.125 0.125 0.142857 0 0 0.142857 0.142857 0.285714 0.142857 0 0 0 0 0 0 0.142857 0 0 0 0 0 0.166667 0 0 0 0 0 0 0 0 0 0.166667 0 0 0.166667 0 0 0 0.166667 0 0.166667 0 0 0 0 0 0 0 0 0 0 0 0 0 0 0 0 0 0 0 0 0 0 0 0 0 0 0 0 0 0 0.166667 0 0 0 0 0 0 0 0 0 0 
CCAATTAG 0.375 0.25 0.125 0.25 0.142857 0 0.142857 0.142857 0.142857 0.142857 0 0 0 0 0 0 0.142857 0 0 0.142857 0 0 0 0.166667 0 0 0 0 0 0 0 0 0 0 0 0.166667 0.166667 0 0 0 0.166667 0 0 0 0 0 0 0 0 0 0 0 0 0 0 0 0 0 0 0 0 0 0 0 0 0 0 0 0 0 0.166667 0 0 0 0 0 0 0 0 0 0.166667 0 0 0 
CCAATTCG 0.25 0.375 0.125 0.25 0.142857 0 0 0.142857 0.142857 0.142857 0.142857 0 0 0 0 0 0 0.142857 0 0.142857 0 0 0 0.166667 0 0 0 0 0 0 0 0 0 0 0 0.166667 0.166667 0 0 0 0.166667 0 0 0 0 0 0 0 0 0 0 0 0 0 0 0 0 0 0 0 0 0 0 0 0 0 0 0 0 0 0 0 0 0 0.166667 0 0 0 0 0 0 0.166667 0 0 
CCAATTGG 0.25 0.25 0.25 0.25 0.142857 0 0 0.142857 0.142857 0.142857 0 0 0 0 0.142857 0 0 0 0.142857 0.142857 0 0 0 0.166667 0 0 0 0 0 0 0 0 0 0 0 0.166667 0.166667 0 0 0 0.166667 0 0 0 0 0 0 0 0 0 0 0 0 0 0 0 0 0 0 0 0 0 0 0 0 0 0 0 0 0 0 0 0 0 0 0 0 0 0.166667 0 0 0 0.166667 0 
CCATTTCC 0.125 0.5 0 0.375 0 0 0 0.142857 0.142857 0.285714 0 0 0 0 0 0 0 0.142857 0 0.285714 0 0 0 0 0 0 0 0 0 0 0 0 0 0 0 0.166667 0 0 0 0.166667 0.166667 0 0 0 0 0 0 0 0 0 0 0 0 0 0 0 0 0 0 0 0 0 0 0 0 0 0 0 0 0 0 0 0 0.166667 0 0 0 0 0 0 0 0.166667 0 0.166667 
CCCAAAAA 0.625 0.375 0 0 0.571429 0 0 0 0.142857 0.285714 0 0 0 0 0 0 0 0 0 0 0.5 0 0 0 0 0 0 0 0 0 0 0 0 0 0 0 0.166667 0 0 0 0.166667 0.166667 0 0 0 0 0 0 0 0 0 0 0 0 0 0 0 0 0 0 0 0 0 0 0 0 0 0 0 0 0 0 0 0 0 0 0 0 0 0 0 0 0 0 
CCCAAAAC 0.5 0.5 0 0 0.428571 0.142857 0 0 0.142857 0.285714 0 0 0 0 0 0 0 0 0 0 0.333333 0.166667 0 0 0 0 0 0 0 0 0 0 0 0 0 0 0.166667 0 0 0 0.166667 0.166667 0 0 0 0 0 0 0 0 0 0 0 0 0 0 0 0 0 0 0 0 0 0 0 0 0 0 0 0 0 0 0 0 0 0 0 0 0 0 0 0 0 0 
CCCAAAAG 0.5 0.375 0.125 0 0.428571 0 0.142857 0 0.142857 0.285714 0 0 0 0 0 0 0 0 0 0 0.333333 0 0.166667 0 0 0 0 0 0 0 0 0 0 0 0 0 0.166667 0 0 0 0.166667 0.166667 0 0 0 0 0 0 0 0 0 0 0 0 0 0 0 0 0 0 0 0 0 0 0 0 0 0 0 0 0 0 0 0 0 0 0 0 0 0 0 0 0 0 
CCCAAACA 0.5 0.5 0 0 0.285714 0.142857 0 0 0.285714 0.285714 0 0 0 0 0 0 0 0 0 0 0.166667 0.166667 0 0 0.166667 0 0 0 0 0 0 0 0 0 0 0 0.166667 0 0 0 0.166667 0.166667 0 0 0 0 0 0 0 0 0 0 0 0 0 0 0 0 0 0 0 0 0 0 0 0 0 0 0 0 0 0 0 0 0 0 0 0 0 0 0 0 0 0 
CCCAAATC 0.375 0.5 0 0.125 0.285714 0 0 0.142857 0.142857 0.285714 0 0 0 0 0 0 0 0.142857 0 0 0.166667 0 0 0.166667 0 0 0 0 0 0 0 0 0 0.166667 0 0 0.166667 0 0 0 0.166667 0.166667 0 0 0 0 0 0 0 0 0 0 0 0 0 0 0 0 0 0 0 0 0 0 0 0 0 0 0 0 0 0 0 0 0 0 0 0 0 0 0 0 0 0 
CCCAATCC 0.25 0.625 0 0.125 0.142857 0 0 0.142857 0.142857 0.428571 0 0 0 0 0 0 0 0.142857 0 0 0 0 0 0.166667 0 0 0 0 0 0 0 0 0 0.166667 0 0 0.166667 0 0 0 0.166667 0.166667 0 0 0 0 0 0 0 0 0 0 0 0 0 0 0 0 0 0 0 0 0 0 0 0 0 0 0 0 0 0 0 0.166667 0 0 0 0 0 0 0 0 0 0 
CCCAATTA 0.375 0.375 0 0.25 0.142857 0 0 0.142857 0.142857 0.285714 0 0 0 0 0 0 0.142857 0 0 0.142857 0 0 0 0.166667 0 0 0 0 0 0 0 0 0 0 0 0.166667 0.166667 0 0 0 0.166667 0.166667 0 0 0 0 0 0 0 0 0 0 0 0 0 0 0 0 0 0 0 0 0 0 0 0 0 0 0 0 0 0 0 0 0 0 0 0 0 0 0.166667 0 0 0 
CCCAATTC 0.25 0.5 0 0.25 0.142857 0 0 0.142857 0.142857 0.285714 0 0 0 0 0 0 0 0.142857 0 0.142857 0 0 0 0.166667 0 0 0 0 0 0 0 0 0 0 0 0.166667 0.166667 0 0 0 0.166667 0.166667 0 0 0 0 0 0 0 0 0 0 0 0 0 0 0 0 0 0 0 0 0 0 0 0 0 0 0 0 0 0 0 0 0 0 0 0 0 0 0 0.166667 0 0 
CCCATTTA 0.25 0.375 0 0.375 0 0 0 0.142857 0.142857 0.285714 0 0 0 0 0 0 0.142857 0 0 0.285714 0 0 0 0 0 0 0 0 0 0 0 0 0 0 0 0.166667 0 0 0 0.166667 0.166667 0.166667 0 0 0 0 0 0 0 0 0 0 0 0 0 0 0 0 0 0 0 0 0 0 0 0 0 0 0 0 0 0 0 0 0 0 0 0 0 0 0.166667 0 0 0.166667 
CCCATTTC 0.125 0.5 0 0.375 0 0 0 0.142857 0.142857 0.285714 0 0 0 0 0 0 0 0.142857 0 0.285714 0 0 0 0 0 0 0 0 0 0 0 0 0 0 0 0.166667 0 0 0 0.166667 0.166667 0.166667 0 0 0 0 0 0 0 0 0 0 0 0 0 0 0 0 0 0 0 0 0 0 0 0 0 0 0 0 0 0 0 0 0 0 0 0 0 0 0 0.166667 0 0.166667 
CCCCAAAA 0.5 0.5 0 0 0.428571 0 0 0 0.142857 0.428571 0 0 0 0 0 0 0 0 0 0 0.333333 0 0 0 0 0 0 0 0 0 0 0 0 0 0 0 0.166667 0 0 0 0.166667 0.333333 0 0 0 0 0 0 0 0 0 0 0 0 0 0 0 0 0 0 0 0 0 0 0 0 0 0 0 0 0 0 0 0 0 0 0 0 0 0 0 0 0 0 
CCCGAAAA 0.5 0.375 0.125 0 0.428571 0 0 0 0 0.285714 0.142857 0 0.142857 0 0 0 0 0 0 0 0.333333 0 0 0 0 0 0 0 0 0 0 0 0 0 0 0 0 0 0 0 0 0.166667 0.166667 0 0.166667 0 0 0 0 0 0 0 0.166667 0 0 0 0 0 0 0 0 0 0 0 0 0 0 0 0 0 0 0 0 0 0 0 0 0 0 0 0 0 0 0 
CCCGAAAC 0.375 0.5 0.125 0 0.285714 0.142857 0 0 0 0.285714 0.142857 0 0.142857 0 0 0 0 0 0 0 0.166667 0.166667 0 0 0 0 0 0 0 0 0 0 0 0 0 0 0 0 0 0 0 0.166667 0.166667 0 0.166667 0 0 0 0 0 0 0 0.166667 0 0 0 0 0 0 0 0 0 0 0 0 0 0 0 0 0 0 0 0 0 0 0 0 0 0 0 0 0 0 0 
CCCGATTC 0.125 0.5 0.125 0.25 0 0 0 0.142857 0 0.285714 0.142857 0 0.142857 0 0 0 0 0.142857 0 0.142857 0 0 0 0 0 0 0 0 0 0 0 0 0 0 0 0.166667 0 0 0 0 0 0.166667 0.166667 0 0.166667 0 0 0 0 0 0 0 0 0 0 0.166667 0 0 0 0 0 0 0 0 0 0 0 0 0 0 0 0 0 0 0 0 0 0 0 0 0 0.166667 0 0 
CCCGTTTA 0.125 0.375 0.125 0.375 0 0 0 0 0 0.285714 0.142857 0 0 0 0 0.142857 0.142857 0 0 0.285714 0 0 0 0 0 0 0 0 0 0 0 0 0 0 0 0 0 0 0 0 0 0.166667 0.166667 0 0 0 0 0.166667 0 0 0 0 0 0 0 0 0 0 0 0 0 0 0 0 0 0 0 0.166667 0 0 0 0 0 0 0 0 0 0 0 0 0.166667 0 0 0.166667 
CCCTAATA 0.375 0.375 0 0.25 0.142857 0 0 0.142857 0 0.285714 0 0.142857 0 0 0 0 0.285714 0 0 0 0 0 0 0.166667 0 0 0 0 0 0 0 0 0.166667 0 0 0 0 0 0 0 0 0.166667 0 0.166667 0 0 0 0 0.166667 0 0 0 0 0 0 0 0 0 0 0 0 0 0 0 0 0 0 0 0.166667 0 0 0 0 0 0 0 0 0 0 0 0 0 0 0 
CCCTATTC 0.125 0.5 0 0.375 0 0 0 0.142857 0 0.285714 0 0.142857 0 0 0 0 0.142857 0.142857 0 0.142857 0 0 0 0 0 0 0 0 0 0 0 0 0 0 0 0.166667 0 0 0 0 0 0.166667 0 0.166667 0 0 0 0 0.166667 0 0 0 0 0 0 0 0 0 0 0 0 0 0 0 0 0 0 0 0 0 0 0.166667 0 0 0 0 0 0 0 0 0 0.166667 0 0 
CCCTTTCG 0 0.5 0.125 0.375 0 0 0 0 0 0.285714 0.142857 0.142857 0 0 0 0 0 0.142857 0 0.285714 0 0 0 0 0 0 0 0 0 0 0 0 0 0 0 0 0 0 0 0 0 0.166667 0 0.166667 0 0 0 0 0 0 0 0.166667 0 0 0 0 0 0 0 0 0 0 0 0 0 0 0 0 0 0 0 0 0 0 0.166667 0 0 0 0 0 0 0.166667 0 0.166667 
CCCTTTTA 0.125 0.375 0 0.5 0 0 0 0 0 0.285714 0 0.142857 0 0 0 0 0.142857 0 0 0.428571 0 0 0 0 0 0 0 0 0 0 0 0 0 0 0 0 0 0 0 0 0 0.166667 0 0.166667 0 0 0 0 0 0 0 0.166667 0 0 0 0 0 0 0 0 0 0 0 0 0 0 0 0 0 0 0 0 0 0 0 0 0 0 0 0 0.166667 0 0 0.333333 
CCGAAAAA 0.625 0.25 0.125 0 0.571429 0 0 0 0 0.142857 0.142857 0 0.142857 0 0 0 0 0 0 0 0.5 0 0 0 0 0 0 0 0 0 0 0 0 0 0 0 0 0 0 0 0 0 0.166667 0 0.166667 0 0 0 0 0 0 0 0.166667 0 0 0 0 0 0 0 0 0 0 0 0 0 0 0 0 0 0 0 0 0 0 0 0 0 0 0 0 0 0 0 
CCGAAAAG 0.5 0.25 0.25 0 0.428571 0 0.142857 0 0 0.142857 0.142857 0 0.142857 0 0 0 0 0 0 0 0.333333 0 0.166667 0 0 0 0 0 0 0 0 0 0 0 0 0 0 0 0 0 0 0 0.166667 0 0.166667 0 0 0 0 0 0 0 0.166667 0 0 0 0 0 0 0 0 0 0 0 0 0 0 0 0 0 0 0 0 0 0 0 0 0 0 0 0 0 0 0 
CCGAAACG 0.375 0.375 0.25 0 0.285714 0.142857 0 0 0 0.142857 0.285714 0 0.142857 0 0 0 0 0 0 0 0.166667 0.166667 0 0 0 0 0.166667 0 0 0 0 0 0 0 0 0 0 0 0 0 0 0 0.166667 0 0.166667 0 0 0 0 0 0 0 0.166667 0 0 0 0 0 0 0 0 0 0 0 0 0 0 0 0 0 0 0 0 0 0 0 0 0 0 0 0 0 0 0 
CCGAATAG 0.375 0.25 0.25 0.125 0.142857 0 0.142857 0.142857 0 0.142857 0.142857 0 0.142857 0 0 0 0.142857 0 0 0 0 0 0 0.166667 0 0 0 0 0 0 0 0 0.166667 0 0 0 0 0 0 0 0 0 0.166667 0 0.166667 0 0 0 0 0 0 0 0.166667 0 0 0 0 0 0 0 0 0 0 0 0 0 0 0 0 0 0.166667 0 0 0 0 0 0 0 0 0 0 0 0 0 
CCGAATCG 0.25 0.375 0.25 0.125 0.142857 0 0 0.142857 0 0.142857 0.285714 0 0.142857 0 0 0 0 0.142857 0 0 0 0 0 0.166667 0 0 0 0 0 0 0 0 0 0.166667 0 0 0 0 0 0 0 0 0.166667 0 0.166667 0 0 0 0 0 0 0 0.166667 0 0 0 0 0 0 0 0 0 0 0 0 0 0 0 0 0 0 0 0 0 0.166667 0 0 0 0 0 0 0 0 0 
CCGAATTA 0.375 0.25 0.125 0.25 0.142857 0 0 0.142857 0 0.142857 0.142857 0 0.142857 0 0 0 0.142857 0 0 0.142857 0 0 0 0.166667 0 0 0 0 0 0 0 0 0 0 0 0.166667 0 0 0 0 0 0 0.166667 0 0.166667 0 0 0 0 0 0 0 0.166667 0 0 0 0 0 0 0 0 0 0 0 0 0 0 0 0 0 0 0 0 0 0 0 0 0 0 0 0.166667 0 0 0 
CCGAATTC 0.25 0.375 0.125 0.25 0.142857 0 0 0.142857 0 0.142857 0.142857 0 0.142857 0 0 0 0 0.142857 0 0.142857 0 0 0 0.166667 0 0 0 0 0 0 0 0 0 0 0 0.166667 0 0 0 0 0 0 0.166667 0 0.166667 0 0 0 0 0 0 0 0.166667 0 0 0 0 0 0 0 0 0 0 0 0 0 0 0 0 0 0 0 0 0 0 0 0 0 0 0 0 0.166667 0 0 
CCGATTCG 0.125 0.375 0.25 0.25 0 0 0 0.142857 0 0.142857 0.285714 0 0.142857 0 0 0 0 0.142857 0 0.142857 0 0 0 0 0 0 0 0 0 0 0 0 0 0 0 0.166667 0 0 0 0 0 0 0.166667 0 0.166667 0 0 0 0 0 0 0 0 0 0 0.166667 0 0 0 0 0 0 0 0 0 0 0 0 0 0 0 0 0 0 0.166667 0 0 0 0 0 0 0.166667 0 0 
CCGGATTC 0.125 0.375 0.25 0.25 0 0 0 0.142857 0 0.142857 0.142857 0 0.142857 0 0.142857 0 0 0.142857 0 0.142857 0 0 0 0 0 0 0 0 0 0 0 0 0 0 0 0.166667 0 0 0 0 0 0 0.166667 0 0 0 0.166667 0 0 0 0 0 0 0 0 0.166667 0 0 0 0 0.166667 0 0 0 0 0 0 0 0 0 0 0 0 0 0 0 0 0 0 0 0 0.166667 0 0 
CCGTATTC 0.125 0.375 0.125 0.375 0 0 0 0.142857 0 0.142857 0.142857 0 0 0 0 0.142857 0.142857 0.142857 0 0.142857 0 0 0 0 0 0 0 0 0 0 0 0 0 0 0 0.166667 0 0 0 0 0 0 0.166667 0 0 0 0 0.166667 0 0 0 0 0 0 0 0 0 0 0 0 0 0 0 0 0.166667 0 0 0 0 0 0 0.166667 0 0 0 0 0 0 0 0 0 0.166667 0 0 
CCTAAAAA 0.625 0.25 0 0.125 0.571429 0 0 0 0 0.142857 0 0.142857 0 0 0 0 0.142857 0 0 0 0.5 0 0 0 0 0 0 0 0 0 0 0 0 0 0 0 0 0 0 0 0 0 0 0.166667 0 0 0 0 0.166667 0 0 0 0 0 0 0 0 0 0 0 0 0 0 0 0 0 0 0 0.166667 0 0 0 0 0 0 0 0 0 0 0 0 0 0 0 
CCTAAAAC 0.5 0.375 0 0.125 0.428571 0.142857 0 0 0 0.142857 0 0.142857 0 0 0 0 0.142857 0 0 0 0.333333 0.166667 0 0 0 0 0 0 0 0 0 0 0 0 0 0 0 0 0 0 0 0 0 0.166667 0 0 0 0 0.166667 0 0 0 0 0 0 0 0 0 0 0 0 0 0 0 0 0 0 0 0.166667 0 0 0 0 0 0 0 0 0 0 0 0 0 0 0 
CCTAATTC 0.25 0.375 0 0.375 0.142857 0 0 0.142857 0 0.142857 0 0.142857 0 0 0 0 0.142857 0.142857 0 0.142857 0 0 0 0.166667 0 0 0 0 0 0 0 0 0 0 0 0.166667 0 0 0 0 0 0 0 0.166667 0 0 0 0 0.166667 0 0 0 0 0 0 0 0 0 0 0 0 0 0 0 0 0 0 0 0.166667 0 0 0 0 0 0 0 0 0 0 0 0 0.166667 0 0 
CCTATTCG 0.125 0.375 0.125 0.375 0 0 0 0.142857 0 0.142857 0.142857 0.142857 0 0 0 0 0.142857 0.142857 0 0.142857 0 0 0 0 0 0 0 0 0 0 0 0 0 0 0 0.166667 0 0 0 0 0 0 0 0.166667 0 0 0 0 0.166667 0 0 0 0 0 0 0 0 0 0 0 0 0 0 0 0 0 0 0 0 0 0 0.166667 0 0 0.166667 0 0 0 0 0 0 0.166667 0 0 
CCTATTTA 0.25 0.25 0 0.5 0 0 0 0.142857 0 0.142857 0 0.142857 0 0 0 0 0.285714 0 0 0.285714 0 0 0 0 0 0 0 0 0 0 0 0 0 0 0 0.166667 0 0 0 0 0 0 0 0.166667 0 0 0 0 0.166667 0 0 0 0 0 0 0 0 0 0 0 0 0 0 0 0 0 0 0 0 0 0 0.166667 0 0 0 0 0 0 0 0 0.166667 0 0 0.166667 
CCTTTTCG 0 0.375 0.125 0.5 0 0 0 0 0 0.142857 0.142857 0.142857 0 0 0 0 0 0.142857 0 0.428571 0 0 0 0 0 0 0 0 0 0 0 0 0 0 0 0 0 0 0 0 0 0 0 0.166667 0 0 0 0 0 0 0 0.166667 0 0 0 0 0 0 0 0 0 0 0 0 0 0 0 0 0 0 0 0 0 0 0.166667 0 0 0 0 0 0 0.166667 0 0.333333 
CCTTTTTA 0.125 0.25 0 0.625 0 0 0 0 0 0.142857 0 0.142857 0 0 0 0 0.142857 0 0 0.571429 0 0 0 0 0 0 0 0 0 0 0 0 0 0 0 0 0 0 0 0 0 0 0 0.166667 0 0 0 0 0 0 0 0.166667 0 0 0 0 0 0 0 0 0 0 0 0 0 0 0 0 0 0 0 0 0 0 0 0 0 0 0 0 0.166667 0 0 0.5 
CCTTTTTC 0 0.375 0 0.625 0 0 0 0 0 0.142857 0 0.142857 0 0 0 0 0 0.142857 0 0.571429 0 0 0 0 0 0 0 0 0 0 0 0 0 0 0 0 0 0 0 0 0 0 0 0.166667 0 0 0 0 0 0 0 0.166667 0 0 0 0 0 0 0 0 0 0 0 0 0 0 0 0 0 0 0 0 0 0 0 0 0 0 0 0 0 0.166667 0 0.5 
CGAAAAAG 0.625 0.125 0.25 0 0.571429 0 0.142857 0 0 0 0.142857 0 0.142857 0 0 0 0 0 0 0 0.5 0 0.166667 0 0 0 0 0 0 0 0 0 0 0 0 0 0 0 0 0 0 0 0 0 0.166667 0 0 0 0 0 0 0 0.166667 0 0 0 0 0 0 0 0 0 0 0 0 0 0 0 0 0 0 0 0 0 0 0 0 0 0 0 0 0 0 0 
CGAAAAGA 0.625 0.125 0.25 0 0.428571 0 0.142857 0 0 0 0.142857 0 0.285714 0 0 0 0 0 0 0 0.333333 0 0.166667 0 0 0 0 0 0.166667 0 0 0 0 0 0 0 0 0 0 0 0 0 0 0 0.166667 0 0 0 0 0 0 0 0.166667 0 0 0 0 0 0 0 0 0 0 0 0 0 0 0 0 0 0 0 0 0 0 0 0 0 0 0 0 0 0 0 
CGAAACGA 0.5 0.25 0.25 0 0.285714 0.142857 0 0 0 0 0.285714 0 0.285714 0 0 0 0 0 0 0 0.166667 0.166667 0 0 0 0 0.166667 0 0 0 0 0 0 0 0 0 0 0 0 0 0 0 0 0 0.333333 0 0 0 0 0 0 0 0.166667 0 0 0 0 0 0 0 0 0 0 0 0 0 0 0 0 0 0 0 0 0 0 0 0 0 0 0 0 0 0 0 
CGAATTAG 0.375 0.125 0.25 0.25 0.142857 0 0.142857 0.142857 0 0 0.142857 0 0.142857 0 0 0 0.142857 0 0 0.142857 0 0 0 0.166667 0 0 0 0 0 0 0 0 0 0 0 0.166667 0 0 0 0 0 0 0 0 0.166667 0 0 0 0 0 0 0 0.166667 0 0 0 0 0 0 0 0 0 0 0 0 0 0 0 0 0 0.166667 0 0 0 0 0 0 0 0 0 0.166667 0 0 0 
CGAATTCG 0.25 0.25 0.25 0.25 0.142857 0 0 0.142857 0 0 0.285714 0 0.142857 0 0 0 0 0.142857 0 0.142857 0 0 0 0.166667 0 0 0 0 0 0 0 0 0 0 0 0.166667 0 0 0 0 0 0 0 0 0.166667 0 0 0 0 0 0 0 0.166667 0 0 0 0 0 0 0 0 0 0 0 0 0 0 0 0 0 0 0 0 0 0.166667 0 0 0 0 0 0 0.166667 0 0 
CGTATTAG 0.25 0.125 0.25 0.375 0 0 0.142857 0.142857 0 0 0.142857 0 0 0 0 0.142857 0.285714 0 0 0.142857 0 0 0 0 0 0 0 0 0 0 0 0 0 0 0 0.166667 0 0 0 0 0 0 0 0 0 0 0 0.166667 0 0 0 0 0 0 0 0 0 0 0 0 0 0 0 0 0.166667 0 0 0 0 0 0.166667 0.166667 0 0 0 0 0 0 0 0 0.166667 0 0 0 
CTAAAAAG 0.625 0.125 0.125 0.125 0.571429 0 0.142857 0 0 0 0 0.142857 0 0 0 0 0.142857 0 0 0 0.5 0 0.166667 0 0 0 0 0 0 0 0 0 0 0 0 0 0 0 0 0 0 0 0 0 0 0 0 0 0.166667 0 0 0 0 0 0 0 0 0 0 0 0 0 0 0 0 0 0 0 0.166667 0 0 0 0 0 0 0 0 0 0 0 0 0 0 0 
CTAATTTA 0.375 0.125 0 0.5 0.142857 0 0 0.142857 0 0 0 0.142857 0 0 0 0 0.285714 0 0 0.285714 0 0 0 0.166667 0 0 0 0 0 0 0 0 0 0 0 0.166667 0 0 0 0 0 0 0 0 0 0 0 0 0.166667 0 0 0 0 0 0 0 0 0 0 0 0 0 0 0 0 0 0 0 0.166667 0 0 0 0 0 0 0 0 0 0 0 0.166667 0 0 0.166667 
CTGTTTTA 0.125 0.125 0.125 0.625 0 0 0 0 0 0 0 0.142857 0 0 0 0.142857 0.142857 0 0.142857 0.428571 0 0 0 0 0 0 0 0 0 0 0 0 0 0 0 0 0 0 0 0 0 0 0 0 0 0 0 0 0 0 0.166667 0 0 0 0 0 0 0 0 0 0 0 0 0 0 0 0 0.166667 0 0 0 0 0 0 0 0 0 0 0 0.166667 0.166667 0 0 0.333333 
GAAAAAGA 0.75 0 0.25 0 0.571429 0 0.142857 0 0 0 0 0 0.285714 0 0 0 0 0 0 0 0.5 0 0.166667 0 0 0 0 0 0.166667 0 0 0 0 0 0 0 0 0 0 0 0 0 0 0 0 0 0 0 0 0 0 0 0.166667 0 0 0 0 0 0 0 0 0 0 0 0 0 0 0 0 0 0 0 0 0 0 0 0 0 0 0 0 0 0 0 
GAATAGGA 0.5 0 0.375 0.125 0.142857 0 0.142857 0.142857 0 0 0 0 0.285714 0 0.142857 0 0.142857 0 0 0 0 0 0 0.166667 0 0 0 0 0 0 0.166667 0 0.166667 0 0 0 0 0 0 0 0 0 0 0 0 0 0 0 0 0 0 0 0.166667 0 0 0 0 0 0 0 0.166667 0 0 0 0 0 0 0 0 0 0.166667 0 0 0 0 0 0 0 0 0 0 0 0 0 
GACCAAAA 0.625 0.25 0.125 0 0.428571 0.142857 0 0 0.142857 0.142857 0 0 0.142857 0 0 0 0 0 0 0 0.333333 0 0 0 0 0.166667 0 0 0 0 0 0 0 0 0 0 0.166667 0 0 0 0.166667 0 0 0 0 0 0 0 0 0 0 0 0 0.166667 0 0 0 0 0 0 0 0 0 0 0 0 0 0 0 0 0 0 0 0 0 0 0 0 0 0 0 0 0 0 
GATTCGGA 0.25 0.125 0.375 0.25 0 0 0 0.142857 0 0 0.142857 0 0.285714 0 0.142857 0 0 0.142857 0 0.142857 0 0 0 0 0 0 0 0 0 0 0 0 0 0 0 0.166667 0 0 0 0 0 0 0 0 0 0 0.166667 0 0 0 0 0 0 0 0 0.166667 0 0 0 0 0.166667 0 0 0 0 0 0 0 0 0 0 0 0 0 0.166667 0 0 0 0 0 0 0.166667 0 0 
GATTGGGA 0.25 0 0.5 0.25 0 0 0 0.142857 0 0 0 0 0.285714 0 0.285714 0 0 0 0.142857 0.142857 0 0 0 0 0 0 0 0 0 0 0 0 0 0 0 0.166667 0 0 0 0 0 0 0 0 0 0 0 0 0 0 0 0 0 0 0 0.166667 0 0 0 0 0.166667 0 0.166667 0 0 0 0 0 0 0 0 0 0 0 0 0 0 0 0.166667 0 0 0 0.166667 0 
GCCCAAAA 0.5 0.375 0.125 0 0.428571 0 0 0 0.142857 0.285714 0 0 0 0.142857 0 0 0 0 0 0 0.333333 0 0 0 0 0 0 0 0 0 0 0 0 0 0 0 0.166667 0 0 0 0.166667 0.166667 0 0 0 0 0 0 0 0 0 0 0 0 0 0 0 0.166667 0 0 0 0 0 0 0 0 0 0 0 0 0 0 0 0 0 0 0 0 0 0 0 0 0 0 
GCCGAAAA 0.5 0.25 0.25 0 0.428571 0 0 0 0 0.142857 0.142857 0 0.142857 0.142857 0 0 0 0 0 0 0.333333 0 0 0 0 0 0 0 0 0 0 0 0 0 0 0 0 0 0 0 0 0 0.166667 0 0.166667 0 0 0 0 0 0 0 0.166667 0 0 0 0 0.166667 0 0 0 0 0 0 0 0 0 0 0 0 0 0 0 0 0 0 0 0 0 0 0 0 0 0 
GCCGTATA 0.25 0.25 0.25 0.25 0 0 0 0.142857 0 0.142857 0.142857 0 0 0.142857 0 0.142857 0.285714 0 0 0 0 0 0 0 0 0 0 0 0 0 0 0 0.166667 0 0 0 0 0 0 0 0 0 0.166667 0 0 0 0 0.166667 0 0 0 0 0 0 0 0 0 0.166667 0 0 0 0 0 0 0.166667 0 0 0 0 0 0 0.166667 0 0 0 0 0 0 0 0 0 0 0 0 
GGGGGAAA 0.375 0 0.625 0 0.285714 0 0 0 0 0 0 0 0.142857 0 0.571429 0 0 0 0 0 0.166667 0 0 0 0 0 0 0 0 0 0 0 0 0 0 0 0 0 0 0 0 0 0 0 0 0 0 0 0 0 0 0 0.166667 0 0 0 0 0 0 0 0.166667 0 0.5 0 0 0 0 0 0 0 0 0 0 0 0 0 0 0 0 0 0 0 0 0 
GTTCCCAA 0.25 0.375 0.125 0.25 0.142857 0 0 0 0.142857 0.285714 0 0 0 0 0 0.142857 0 0.142857 0 0.142857 0 0 0 0 0 0 0 0 0 0 0 0 0 0 0 0 0.166667 0 0 0 0.166667 0.166667 0 0 0 0 0 0 0 0 0 0 0 0 0 0 0 0 0 0 0 0 0 0 0 0 0 0.166667 0 0 0 0 0 0.166667 0 0 0 0 0 0 0 0.166667 0 0 
TACCAAAA 0.625 0.25 0 0.125 0.428571 0.142857 0 0 0.142857 0.142857 0 0 0 0 0 0 0.142857 0 0 0 0.333333 0 0 0 0 0.166667 0 0 0 0 0 0 0 0 0 0 0.166667 0 0 0 0.166667 0 0 0 0 0 0 0 0 0 0 0 0 0 0 0 0 0 0 0 0 0 0 0 0 0 0 0 0 0.166667 0 0 0 0 0 0 0 0 0 0 0 0 0 0 
TACCCAAA 0.5 0.375 0 0.125 0.285714 0.142857 0 0 0.142857 0.285714 0 0 0 0 0 0 0.142857 0 0 0 0.166667 0 0 0 0 0.166667 0 0 0 0 0 0 0 0 0 0 0.166667 0 0 0 0.166667 0.166667 0 0 0 0 0 0 0 0 0 0 0 0 0 0 0 0 0 0 0 0 0 0 0 0 0 0 0 0.166667 0 0 0 0 0 0 0 0 0 0 0 0 0 0 
TCACCCAA 0.375 0.5 0 0.125 0.142857 0.142857 0 0 0.285714 0.285714 0 0 0 0 0 0 0 0.142857 0 0 0 0 0 0 0 0.166667 0 0 0 0 0 0 0 0 0 0 0.166667 0.166667 0 0 0.166667 0.166667 0 0 0 0 0 0 0 0 0 0 0 0 0 0 0 0 0 0 0 0 0 0 0 0 0 0 0 0 0 0 0.166667 0 0 0 0 0 0 0 0 0 0 0 
TCCACAAA 0.5 0.375 0 0.125 0.285714 0.142857 0 0 0.285714 0.142857 0 0 0 0 0 0 0 0.142857 0 0 0.166667 0 0 0 0.166667 0 0 0 0 0 0 0 0 0 0 0 0.166667 0.166667 0 0 0.166667 0 0 0 0 0 0 0 0 0 0 0 0 0 0 0 0 0 0 0 0 0 0 0 0 0 0 0 0 0 0 0 0 0.166667 0 0 0 0 0 0 0 0 0 0 
TCCCAAAA 0.5 0.375 0 0.125 0.428571 0 0 0 0.142857 0.285714 0 0 0 0 0 0 0 0.142857 0 0 0.333333 0 0 0 0 0 0 0 0 0 0 0 0 0 0 0 0.166667 0 0 0 0.166667 0.166667 0 0 0 0 0 0 0 0 0 0 0 0 0 0 0 0 0 0 0 0 0 0 0 0 0 0 0 0 0 0 0 0.166667 0 0 0 0 0 0 0 0 0 0 
TCCCCAAA 0.375 0.5 0 0.125 0.285714 0 0 0 0.142857 0.428571 0 0 0 0 0 0 0 0.142857 0 0 0.166667 0 0 0 0 0 0 0 0 0 0 0 0 0 0 0 0.166667 0 0 0 0.166667 0.333333 0 0 0 0 0 0 0 0 0 0 0 0 0 0 0 0 0 0 0 0 0 0 0 0 0 0 0 0 0 0 0 0.166667 0 0 0 0 0 0 0 0 0 0 
TCCCTAAA 0.375 0.375 0 0.25 0.285714 0 0 0 0 0.285714 0 0.142857 0 0 0 0 0.142857 0.142857 0 0 0.166667 0 0 0 0 0 0 0 0 0 0 0 0 0 0 0 0 0 0 0 0 0.166667 0 0.166667 0 0 0 0 0.166667 0 0 0 0 0 0 0 0 0 0 0 0 0 0 0 0 0 0 0 0.166667 0 0 0 0 0.166667 0 0 0 0 0 0 0 0 0 0 
TCCGGAAA 0.375 0.25 0.25 0.125 0.285714 0 0 0 0 0.142857 0.142857 0 0.142857 0 0.142857 0 0 0.142857 0 0 0.166667 0 0 0 0 0 0 0 0 0 0 0 0 0 0 0 0 0 0 0 0 0 0.166667 0 0 0 0.166667 0 0 0 0 0 0.166667 0 0 0 0 0 0 0 0.166667 0 0 0 0 0 0 0 0 0 0 0 0 0.166667 0 0 0 0 0 0 0 0 0 0 
TCCTAAAA 0.5 0.25 0 0.25 0.428571 0 0 0 0 0.142857 0 0.142857 0 0 0 0 0.142857 0.142857 0 0 0.333333 0 0 0 0 0 0 0 0 0 0 0 0 0 0 0 0 0 0 0 0 0 0 0.166667 0 0 0 0 0.166667 0 0 0 0 0 0 0 0 0 0 0 0 0 0 0 0 0 0 0 0.166667 0 0 0 0 0.166667 0 0 0 0 0 0 0 0 0 0 
TGTCCGAA 0.25 0.25 0.25 0.25 0.142857 0 0 0 0 0.142857 0.142857 0 0.142857 0 0 0.142857 0 0.142857 0.142857 0 0 0 0 0 0 0 0 0 0 0 0 0 0 0 0 0 0 0 0 0 0 0 0.166667 0 0.166667 0 0 0 0 0 0 0 0.166667 0 0 0 0 0 0 0 0 0 0 0 0 0.166667 0 0 0 0 0 0 0 0.166667 0 0 0 0 0 0.166667 0 0 0 0 
TTAGGAAA 0.5 0 0.25 0.25 0.285714 0 0.142857 0 0 0 0 0 0.142857 0 0.142857 0 0.142857 0 0 0.142857 0.166667 0 0 0 0 0 0 0 0 0 0.166667 0 0 0 0 0 0 0 0 0 0 0 0 0 0 0 0 0 0 0 0 0 0.166667 0 0 0 0 0 0 0 0.166667 0 0 0 0 0 0 0 0 0 0.166667 0 0 0 0 0 0 0 0 0 0.166667 0 0 0 
TTAGGGAA 0.375 0 0.375 0.25 0.142857 0 0.142857 0 0 0 0 0 0.142857 0 0.285714 0 0.142857 0 0 0.142857 0 0 0 0 0 0 0 0 0 0 0.166667 0 0 0 0 0 0 0 0 0 0 0 0 0 0 0 0 0 0 0 0 0 0.166667 0 0 0 0 0 0 0 0.166667 0 0.166667 0 0 0 0 0 0 0 0.166667 0 0 0 0 0 0 0 0 0 0.166667 0 0 0 
TTCCAAAA 0.5 0.25 0 0.25 0.428571 0 0 0 0.142857 0.142857 0 0 0 0 0 0 0 0.142857 0 0.142857 0.333333 0 0 0 0 0 0 0 0 0 0 0 0 0 0 0 0.166667 0 0 0 0.166667 0 0 0 0 0 0 0 0 0 0 0 0 0 0 0 0 0 0 0 0 0 0 0 0 0 0 0 0 0 0 0 0 0.166667 0 0 0 0 0 0 0 0.166667 0 0 
TTCCCAAA 0.375 0.375 0 0.25 0.285714 0 0 0 0.142857 0.285714 0 0 0 0 0 0 0 0.142857 0 0.142857 0.166667 0 0 0 0 0 0 0 0 0 0 0 0 0 0 0 0.166667 0 0 0 0.166667 0.166667 0 0 0 0 0 0 0 0 0 0 0 0 0 0 0 0 0 0 0 0 0 0 0 0 0 0 0 0 0 0 0 0.166667 0 0 0 0 0 0 0 0.166667 0 0 
TTCCCGAA 0.25 0.375 0.125 0.25 0.142857 0 0 0 0 0.285714 0.142857 0 0.142857 0 0 0 0 0.142857 0 0.142857 0 0 0 0 0 0 0 0 0 0 0 0 0 0 0 0 0 0 0 0 0 0.166667 0.166667 0 0.166667 0 0 0 0 0 0 0 0.166667 0 0 0 0 0 0 0 0 0 0 0 0 0 0 0 0 0 0 0 0 0.166667 0 0 0 0 0 0 0 0.166667 0 0 
TTCCGGAA 0.25 0.25 0.25 0.25 0.142857 0 0 0 0 0.142857 0.142857 0 0.142857 0 0.142857 0 0 0.142857 0 0.142857 0 0 0 0 0 0 0 0 0 0 0 0 0 0 0 0 0 0 0 0 0 0 0.166667 0 0 0 0.166667 0 0 0 0 0 0.166667 0 0 0 0 0 0 0 0.166667 0 0 0 0 0 0 0 0 0 0 0 0 0.166667 0 0 0 0 0 0 0 0.166667 0 0 
TTCCTAAA 0.375 0.25 0 0.375 0.285714 0 0 0 0 0.142857 0 0.142857 0 0 0 0 0.142857 0.142857 0 0.142857 0.166667 0 0 0 0 0 0 0 0 0 0 0 0 0 0 0 0 0 0 0 0 0 0 0.166667 0 0 0 0 0.166667 0 0 0 0 0 0 0 0 0 0 0 0 0 0 0 0 0 0 0 0.166667 0 0 0 0 0.166667 0 0 0 0 0 0 0 0.166667 0 0 
TTGGGAAA 0.375 0 0.375 0.25 0.285714 0 0 0 0 0 0 0 0.142857 0 0.285714 0 0 0 0.142857 0.142857 0.166667 0 0 0 0 0 0 0 0 0 0 0 0 0 0 0 0 0 0 0 0 0 0 0 0 0 0 0 0 0 0 0 0.166667 0 0 0 0 0 0 0 0.166667 0 0.166667 0 0 0 0 0 0 0 0 0 0 0 0 0 0 0 0.166667 0 0 0 0.166667 0 
TTTCAAAA 0.5 0.125 0 0.375 0.428571 0 0 0 0.142857 0 0 0 0 0 0 0 0 0.142857 0 0.285714 0.333333 0 0 0 0 0 0 0 0 0 0 0 0 0 0 0 0.166667 0 0 0 0 0 0 0 0 0 0 0 0 0 0 0 0 0 0 0 0 0 0 0 0 0 0 0 0 0 0 0 0 0 0 0 0.166667 0 0 0 0 0 0 0 0 0.166667 0 0.166667 
AAAAATAG 0.75 0 0.125 0.125 0.571429 0 0.142857 0.142857 0 0 0 0 0 0 0 0 0.142857 0 0 0 0.5 0 0 0.166667 0 0 0 0 0 0 0 0 0.166667 0 0 0 0 0 0 0 0 0 0 0 0 0 0 0 0 0 0 0 0 0 0 0 0 0 0 0 0 0 0 0 0 0 0 0 0 0 0.166667 0 0 0 0 0 0 0 0 0 0 0 0 0 
AAAATAGA 0.75 0 0.125 0.125 0.428571 0 0.142857 0.142857 0 0 0 0 0.142857 0 0 0 0.142857 0 0 0 0.333333 0 0 0.166667 0 0 0 0 0.166667 0 0 0 0.166667 0 0 0 0 0 0 0 0 0 0 0 0 0 0 0 0 0 0 0 0 0 0 0 0 0 0 0 0 0 0 0 0 0 0 0 0 0 0.166667 0 0 0 0 0 0 0 0 0 0 0 0 0 
AAACCCGA 0.5 0.375 0.125 0 0.285714 0.142857 0 0 0 0.285714 0.142857 0 0.142857 0 0 0 0 0 0 0 0.166667 0.166667 0 0 0 0.166667 0 0 0 0 0 0 0 0 0 0 0 0 0 0 0 0.166667 0.166667 0 0.166667 0 0 0 0 0 0 0 0 0 0 0 0 0 0 0 0 0 0 0 0 0 0 0 0 0 0 0 0 0 0 0 0 0 0 0 0 0 0 0 
AAATATAA 0.75 0 0 0.25 0.428571 0 0 0.285714 0 0 0 0 0 0 0 0 0.285714 0 0 0 0.166667 0 0 0.166667 0 0 0 0 0 0 0 0 0.333333 0 0 0 0 0 0 0 0 0 0 0 0 0 0 0 0 0 0 0 0 0 0 0 0 0 0 0 0 0 0 0 0 0 0 0 0.166667 0 0 0.166667 0 0 0 0 0 0 0 0 0 0 0 0 
AAATTAAT 0.625 0 0 0.375 0.428571 0 0 0.285714 0 0 0 0 0 0 0 0 0.142857 0 0 0.142857 0.166667 0 0 0.333333 0 0 0 0 0 0 0 0 0 0 0 0.166667 0 0 0 0 0 0 0 0 0 0 0 0 0 0 0 0 0 0 0 0 0 0 0 0 0 0 0 0 0 0 0 0 0.166667 0 0 0 0 0 0 0 0 0 0 0 0.166667 0 0 0 
AAATTAGA 0.625 0 0.125 0.25 0.285714 0 0.142857 0.142857 0 0 0 0 0.142857 0 0 0 0.142857 0 0 0.142857 0.166667 0 0 0.166667 0 0 0 0 0.166667 0 0 0 0 0 0 0.166667 0 0 0 0 0 0 0 0 0 0 0 0 0 0 0 0 0 0 0 0 0 0 0 0 0 0 0 0 0 0 0 0 0 0 0.166667 0 0 0 0 0 0 0 0 0 0.166667 0 0 0 
AATAAAAT 0.75 0 0 0.25 0.571429 0 0 0.285714 0 0 0 0 0 0 0 0 0.142857 0 0 0 0.333333 0 0 0.333333 0 0 0 0 0 0 0 0 0.166667 0 0 0 0 0 0 0 0 0 0 0 0 0 0 0 0 0 0 0 0 0 0 0 0 0 0 0 0 0 0 0 0 0 0 0 0.166667 0 0 0 0 0 0 0 0 0 0 0 0 0 0 0 
AATAAATA 0.75 0 0 0.25 0.428571 0 0 0.285714 0 0 0 0 0 0 0 0 0.285714 0 0 0 0.166667 0 0 0.333333 0 0 0 0 0 0 0 0 0.333333 0 0 0 0 0 0 0 0 0 0 0 0 0 0 0 0 0 0 0 0 0 0 0 0 0 0 0 0 0 0 0 0 0 0 0 0.166667 0 0 0 0 0 0 0 0 0 0 0 0 0 0 0 
AATAAATT 0.625 0 0 0.375 0.428571 0 0 0.285714 0 0 0 0 0 0 0 0 0.142857 0 0 0.142857 0.166667 0 0 0.333333 0 0 0 0 0 0 0 0 0.166667 0 0 0.166667 0 0 0 0 0 0 0 0 0 0 0 0 0 0 0 0 0 0 0 0 0 0 0 0 0 0 0 0 0 0 0 0 0.166667 0 0 0 0 0 0 0 0 0 0 0 0 0 0 0 
AATAATTA 0.625 0 0 0.375 0.285714 0 0 0.285714 0 0 0 0 0 0 0 0 0.285714 0 0 0.142857 0 0 0 0.333333 0 0 0 0 0 0 0 0 0.166667 0 0 0.166667 0 0 0 0 0 0 0 0 0 0 0 0 0 0 0 0 0 0 0 0 0 0 0 0 0 0 0 0 0 0 0 0 0.166667 0 0 0 0 0 0 0 0 0 0 0 0.166667 0 0 0 
AATATAAA 0.75 0 0 0.25 0.428571 0 0 0.285714 0 0 0 0 0 0 0 0 0.285714 0 0 0 0.166667 0 0 0.166667 0 0 0 0 0 0 0 0 0.333333 0 0 0 0 0 0 0 0 0 0 0 0 0 0 0 0 0 0 0 0 0 0 0 0 0 0 0 0 0 0 0 0 0 0 0 0.166667 0 0 0.166667 0 0 0 0 0 0 0 0 0 0 0 0 
AATATAAC 0.625 0.125 0 0.25 0.285714 0.142857 0 0.285714 0 0 0 0 0 0 0 0 0.285714 0 0 0 0 0.166667 0 0.166667 0 0 0 0 0 0 0 0 0.333333 0 0 0 0 0 0 0 0 0 0 0 0 0 0 0 0 0 0 0 0 0 0 0 0 0 0 0 0 0 0 0 0 0 0 0 0.166667 0 0 0.166667 0 0 0 0 0 0 0 0 0 0 0 0 
AATATAAG 0.625 0 0.125 0.25 0.285714 0 0.142857 0.285714 0 0 0 0 0 0 0 0 0.285714 0 0 0 0 0 0.166667 0.166667 0 0 0 0 0 0 0 0 0.333333 0 0 0 0 0 0 0 0 0 0 0 0 0 0 0 0 0 0 0 0 0 0 0 0 0 0 0 0 0 0 0 0 0 0 0 0.166667 0 0 0.166667 0 0 0 0 0 0 0 0 0 0 0 0 
AATATATT 0.5 0 0 0.5 0.142857 0 0 0.428571 0 0 0 0 0 0 0 0 0.285714 0 0 0.142857 0 0 0 0.166667 0 0 0 0 0 0 0 0 0.333333 0 0 0.166667 0 0 0 0 0 0 0 0 0 0 0 0 0 0 0 0 0 0 0 0 0 0 0 0 0 0 0 0 0 0 0 0 0 0 0 0.333333 0 0 0 0 0 0 0 0 0 0 0 0 
AATATTAA 0.625 0 0 0.375 0.285714 0 0 0.285714 0 0 0 0 0 0 0 0 0.285714 0 0 0.142857 0 0 0 0.166667 0 0 0 0 0 0 0 0 0.166667 0 0 0.166667 0 0 0 0 0 0 0 0 0 0 0 0 0 0 0 0 0 0 0 0 0 0 0 0 0 0 0 0 0 0 0 0 0.166667 0 0 0.166667 0 0 0 0 0 0 0 0 0.166667 0 0 0 
AATTAATA 0.625 0 0 0.375 0.285714 0 0 0.285714 0 0 0 0 0 0 0 0 0.285714 0 0 0.142857 0 0 0 0.333333 0 0 0 0 0 0 0 0 0.166667 0 0 0.166667 0 0 0 0 0 0 0 0 0 0 0 0 0 0 0 0 0 0 0 0 0 0 0 0 0 0 0 0 0 0 0 0 0.166667 0 0 0 0 0 0 0 0 0 0 0 0.166667 0 0 0 
AATTAATT 0.5 0 0 0.5 0.285714 0 0 0.285714 0 0 0 0 0 0 0 0 0.142857 0 0 0.285714 0 0 0 0.333333 0 0 0 0 0 0 0 0 0 0 0 0.333333 0 0 0 0 0 0 0 0 0 0 0 0 0 0 0 0 0 0 0 0 0 0 0 0 0 0 0 0 0 0 0 0 0.166667 0 0 0 0 0 0 0 0 0 0 0 0.166667 0 0 0 
AATTTAAA 0.625 0 0 0.375 0.428571 0 0 0.142857 0 0 0 0 0 0 0 0 0.142857 0 0 0.285714 0.166667 0 0 0.166667 0 0 0 0 0 0 0 0 0 0 0 0.166667 0 0 0 0 0 0 0 0 0 0 0 0 0 0 0 0 0 0 0 0 0 0 0 0 0 0 0 0 0 0 0 0 0.166667 0 0 0 0 0 0 0 0 0 0 0 0.166667 0 0 0.166667 
AATTTAAT 0.5 0 0 0.5 0.285714 0 0 0.285714 0 0 0 0 0 0 0 0 0.142857 0 0 0.285714 0 0 0 0.333333 0 0 0 0 0 0 0 0 0 0 0 0.166667 0 0 0 0 0 0 0 0 0 0 0 0 0 0 0 0 0 0 0 0 0 0 0 0 0 0 0 0 0 0 0 0 0.166667 0 0 0 0 0 0 0 0 0 0 0 0.166667 0 0 0.166667 
ACCCCGCC 0.125 0.75 0.125 0 0 0.142857 0 0 0 0.571429 0.142857 0 0 0.142857 0 0 0 0 0 0 0 0 0 0 0 0.166667 0 0 0 0 0 0 0 0 0 0 0 0 0 0 0 0.333333 0.166667 0 0 0.166667 0 0 0 0 0 0 0 0 0 0 0 0.166667 0 0 0 0 0 0 0 0 0 0 0 0 0 0 0 0 0 0 0 0 0 0 0 0 0 0 
ACTAATTA 0.5 0.125 0 0.375 0.142857 0.142857 0 0.142857 0 0 0 0.142857 0 0 0 0 0.285714 0 0 0.142857 0 0 0 0.166667 0 0 0 0.166667 0 0 0 0 0 0 0 0.166667 0 0 0 0 0 0 0 0 0 0 0 0 0.166667 0 0 0 0 0 0 0 0 0 0 0 0 0 0 0 0 0 0 0 0.166667 0 0 0 0 0 0 0 0 0 0 0 0.166667 0 0 0 
AGTAATTA 0.5 0 0.125 0.375 0.142857 0 0.142857 0.142857 0 0 0 0 0 0 0 0.142857 0.285714 0 0 0.142857 0 0 0 0.166667 0 0 0 0 0 0 0 0.166667 0 0 0 0.166667 0 0 0 0 0 0 0 0 0 0 0 0 0 0 0 0 0 0 0 0 0 0 0 0 0 0 0 0 0.166667 0 0 0 0.166667 0 0 0 0 0 0 0 0 0 0 0 0.166667 0 0 0 
ATAAATTA 0.625 0 0 0.375 0.285714 0 0 0.285714 0 0 0 0 0 0 0 0 0.285714 0 0 0.142857 0.166667 0 0 0.166667 0 0 0 0 0 0 0 0 0.166667 0 0 0.166667 0 0 0 0 0 0 0 0 0 0 0 0 0 0 0 0 0 0 0 0 0 0 0 0 0 0 0 0 0 0 0 0 0.166667 0 0 0 0 0 0 0 0 0 0 0 0.166667 0 0 0 
ATAATTAA 0.625 0 0 0.375 0.285714 0 0 0.285714 0 0 0 0 0 0 0 0 0.285714 0 0 0.142857 0 0 0 0.166667 0 0 0 0 0 0 0 0 0.166667 0 0 0.166667 0 0 0 0 0 0 0 0 0 0 0 0 0 0 0 0 0 0 0 0 0 0 0 0 0 0 0 0 0 0 0 0 0.333333 0 0 0 0 0 0 0 0 0 0 0 0.166667 0 0 0 
ATAATTAC 0.5 0.125 0 0.375 0.142857 0.142857 0 0.285714 0 0 0 0 0 0 0 0 0.285714 0 0 0.142857 0 0 0 0.166667 0 0 0 0 0 0 0 0 0.166667 0 0 0.166667 0 0 0 0 0 0 0 0 0 0 0 0 0 0 0 0 0 0 0 0 0 0 0 0 0 0 0 0 0 0 0 0 0.166667 0.166667 0 0 0 0 0 0 0 0 0 0 0.166667 0 0 0 
ATAATTAG 0.5 0 0.125 0.375 0.142857 0 0.142857 0.285714 0 0 0 0 0 0 0 0 0.285714 0 0 0.142857 0 0 0 0.166667 0 0 0 0 0 0 0 0 0.166667 0 0 0.166667 0 0 0 0 0 0 0 0 0 0 0 0 0 0 0 0 0 0 0 0 0 0 0 0 0 0 0 0 0 0 0 0 0.166667 0 0.166667 0 0 0 0 0 0 0 0 0 0.166667 0 0 0 
ATAATTTA 0.5 0 0 0.5 0.142857 0 0 0.285714 0 0 0 0 0 0 0 0 0.285714 0 0 0.285714 0 0 0 0.166667 0 0 0 0 0 0 0 0 0.166667 0 0 0.166667 0 0 0 0 0 0 0 0 0 0 0 0 0 0 0 0 0 0 0 0 0 0 0 0 0 0 0 0 0 0 0 0 0.166667 0 0 0 0 0 0 0 0 0 0 0 0.166667 0 0 0.166667 
ATAGATTA 0.5 0 0.125 0.375 0 0 0.142857 0.285714 0 0 0 0 0.142857 0 0 0 0.285714 0 0 0.142857 0 0 0 0 0 0 0 0 0.166667 0 0 0 0.166667 0 0 0.166667 0 0 0 0 0 0 0 0 0 0 0 0 0 0 0 0 0 0 0 0.166667 0 0 0 0 0 0 0 0 0 0 0 0 0 0 0.166667 0 0 0 0 0 0 0 0 0 0.166667 0 0 0 
ATATATTA 0.5 0 0 0.5 0 0 0 0.428571 0 0 0 0 0 0 0 0 0.428571 0 0 0.142857 0 0 0 0 0 0 0 0 0 0 0 0 0.333333 0 0 0.166667 0 0 0 0 0 0 0 0 0 0 0 0 0 0 0 0 0 0 0 0 0 0 0 0 0 0 0 0 0 0 0 0 0 0 0 0.333333 0 0 0 0 0 0 0 0 0.166667 0 0 0 
ATATTAAG 0.5 0 0.125 0.375 0.142857 0 0.142857 0.285714 0 0 0 0 0 0 0 0 0.285714 0 0 0.142857 0 0 0.166667 0 0 0 0 0 0 0 0 0 0.166667 0 0 0.166667 0 0 0 0 0 0 0 0 0 0 0 0 0 0 0 0 0 0 0 0 0 0 0 0 0 0 0 0 0 0 0 0 0.166667 0 0 0.166667 0 0 0 0 0 0 0 0 0.166667 0 0 0 
ATATTAAT 0.5 0 0 0.5 0.142857 0 0 0.428571 0 0 0 0 0 0 0 0 0.285714 0 0 0.142857 0 0 0 0.166667 0 0 0 0 0 0 0 0 0.166667 0 0 0.166667 0 0 0 0 0 0 0 0 0 0 0 0 0 0 0 0 0 0 0 0 0 0 0 0 0 0 0 0 0 0 0 0 0.166667 0 0 0.166667 0 0 0 0 0 0 0 0 0.166667 0 0 0 
ATTAATAA 0.625 0 0 0.375 0.285714 0 0 0.285714 0 0 0 0 0 0 0 0 0.285714 0 0 0.142857 0 0 0 0.166667 0 0 0 0 0 0 0 0 0.166667 0 0 0.166667 0 0 0 0 0 0 0 0 0 0 0 0 0 0 0 0 0 0 0 0 0 0 0 0 0 0 0 0 0 0 0 0 0.333333 0 0 0 0 0 0 0 0 0 0 0 0.166667 0 0 0 
ATTAATAG 0.5 0 0.125 0.375 0.142857 0 0.142857 0.285714 0 0 0 0 0 0 0 0 0.285714 0 0 0.142857 0 0 0 0.166667 0 0 0 0 0 0 0 0 0.166667 0 0 0.166667 0 0 0 0 0 0 0 0 0 0 0 0 0 0 0 0 0 0 0 0 0 0 0 0 0 0 0 0 0 0 0 0 0.166667 0 0.166667 0 0 0 0 0 0 0 0 0 0.166667 0 0 0 
ATTAATGA 0.5 0 0.125 0.375 0.142857 0 0 0.285714 0 0 0 0 0.142857 0 0 0 0.142857 0 0.142857 0.142857 0 0 0 0.166667 0 0 0 0 0 0 0 0 0 0 0.166667 0.166667 0 0 0 0 0 0 0 0 0 0 0 0 0 0 0 0 0 0 0 0 0 0 0 0 0 0 0 0 0 0 0 0 0.166667 0 0 0 0 0 0 0 0.166667 0 0 0 0.166667 0 0 0 
ATTAATTA 0.5 0 0 0.5 0.142857 0 0 0.285714 0 0 0 0 0 0 0 0 0.285714 0 0 0.285714 0 0 0 0.166667 0 0 0 0 0 0 0 0 0 0 0 0.333333 0 0 0 0 0 0 0 0 0 0 0 0 0 0 0 0 0 0 0 0 0 0 0 0 0 0 0 0 0 0 0 0 0.166667 0 0 0 0 0 0 0 0 0 0 0 0.333333 0 0 0 
ATTAATTC 0.375 0.125 0 0.5 0.142857 0 0 0.285714 0 0 0 0 0 0 0 0 0.142857 0.142857 0 0.285714 0 0 0 0.166667 0 0 0 0 0 0 0 0 0 0 0 0.333333 0 0 0 0 0 0 0 0 0 0 0 0 0 0 0 0 0 0 0 0 0 0 0 0 0 0 0 0 0 0 0 0 0.166667 0 0 0 0 0 0 0 0 0 0 0 0.166667 0.166667 0 0 
ATTAGATG 0.375 0 0.25 0.375 0 0 0.142857 0.285714 0 0 0 0 0.142857 0 0 0 0.142857 0 0.142857 0.142857 0 0 0 0 0 0 0 0 0.166667 0 0 0 0 0 0.166667 0.166667 0 0 0 0 0 0 0 0 0 0 0 0 0 0 0 0 0 0 0 0.166667 0 0 0 0 0 0 0 0 0 0 0 0 0 0 0.166667 0 0 0 0 0 0 0 0 0 0.166667 0 0 0 
ATTTAATA 0.5 0 0 0.5 0.142857 0 0 0.285714 0 0 0 0 0 0 0 0 0.285714 0 0 0.285714 0 0 0 0.166667 0 0 0 0 0 0 0 0 0.166667 0 0 0.166667 0 0 0 0 0 0 0 0 0 0 0 0 0 0 0 0 0 0 0 0 0 0 0 0 0 0 0 0 0 0 0 0 0.166667 0 0 0 0 0 0 0 0 0 0 0 0.166667 0 0 0.166667 
ATTTATTA 0.375 0 0 0.625 0 0 0 0.285714 0 0 0 0 0 0 0 0 0.285714 0 0 0.428571 0 0 0 0 0 0 0 0 0 0 0 0 0 0 0 0.333333 0 0 0 0 0 0 0 0 0 0 0 0 0 0 0 0 0 0 0 0 0 0 0 0 0 0 0 0 0 0 0 0 0 0 0 0.166667 0 0 0 0 0 0 0 0 0.333333 0 0 0.166667 
ATTTTAAA 0.5 0 0 0.5 0.285714 0 0 0.142857 0 0 0 0 0 0 0 0 0.142857 0 0 0.428571 0.166667 0 0 0 0 0 0 0 0 0 0 0 0 0 0 0.166667 0 0 0 0 0 0 0 0 0 0 0 0 0 0 0 0 0 0 0 0 0 0 0 0 0 0 0 0 0 0 0 0 0.166667 0 0 0 0 0 0 0 0 0 0 0 0.166667 0 0 0.333333 
CAAAAATA 0.75 0.125 0 0.125 0.571429 0 0 0.142857 0.142857 0 0 0 0 0 0 0 0.142857 0 0 0 0.5 0 0 0.166667 0 0 0 0 0 0 0 0 0.166667 0 0 0 0.166667 0 0 0 0 0 0 0 0 0 0 0 0 0 0 0 0 0 0 0 0 0 0 0 0 0 0 0 0 0 0 0 0 0 0 0 0 0 0 0 0 0 0 0 0 0 0 0 
CAATATAA 0.625 0.125 0 0.25 0.285714 0 0 0.285714 0.142857 0 0 0 0 0 0 0 0.285714 0 0 0 0 0 0 0.166667 0 0 0 0 0 0 0 0 0.333333 0 0 0 0.166667 0 0 0 0 0 0 0 0 0 0 0 0 0 0 0 0 0 0 0 0 0 0 0 0 0 0 0 0 0 0 0 0.166667 0 0 0.166667 0 0 0 0 0 0 0 0 0 0 0 0 
CCAAAATA 0.625 0.25 0 0.125 0.428571 0 0 0.142857 0.142857 0.142857 0 0 0 0 0 0 0.142857 0 0 0 0.333333 0 0 0.166667 0 0 0 0 0 0 0 0 0.166667 0 0 0 0.166667 0 0 0 0.166667 0 0 0 0 0 0 0 0 0 0 0 0 0 0 0 0 0 0 0 0 0 0 0 0 0 0 0 0 0 0 0 0 0 0 0 0 0 0 0 0 0 0 0 
CCCACCCG 0.125 0.75 0.125 0 0 0.142857 0 0 0.142857 0.571429 0.142857 0 0 0 0 0 0 0 0 0 0 0 0 0 0 0.166667 0 0 0 0 0 0 0 0 0 0 0 0.166667 0 0 0.166667 0.333333 0.166667 0 0 0 0 0 0 0 0 0 0 0 0 0 0 0 0 0 0 0 0 0 0 0 0 0 0 0 0 0 0 0 0 0 0 0 0 0 0 0 0 0 
CCCCACCC 0.125 0.875 0 0 0 0.142857 0 0 0.142857 0.714286 0 0 0 0 0 0 0 0 0 0 0 0 0 0 0 0.166667 0 0 0 0 0 0 0 0 0 0 0 0.166667 0 0 0.166667 0.5 0 0 0 0 0 0 0 0 0 0 0 0 0 0 0 0 0 0 0 0 0 0 0 0 0 0 0 0 0 0 0 0 0 0 0 0 0 0 0 0 0 0 
CCCCCCTC 0 0.875 0 0.125 0 0 0 0 0 0.714286 0 0.142857 0 0 0 0 0 0.142857 0 0 0 0 0 0 0 0 0 0 0 0 0 0 0 0 0 0 0 0 0 0 0 0.666667 0 0.166667 0 0 0 0 0 0.166667 0 0 0 0 0 0 0 0 0 0 0 0 0 0 0 0 0 0 0 0 0 0 0 0 0 0 0 0 0 0 0 0 0 0 
CCCCGCCC 0 0.875 0.125 0 0 0 0 0 0 0.714286 0.142857 0 0 0.142857 0 0 0 0 0 0 0 0 0 0 0 0 0 0 0 0 0 0 0 0 0 0 0 0 0 0 0 0.5 0.166667 0 0 0.166667 0 0 0 0 0 0 0 0 0 0 0 0.166667 0 0 0 0 0 0 0 0 0 0 0 0 0 0 0 0 0 0 0 0 0 0 0 0 0 0 
CCCGCCCC 0 0.875 0.125 0 0 0 0 0 0 0.714286 0.142857 0 0 0.142857 0 0 0 0 0 0 0 0 0 0 0 0 0 0 0 0 0 0 0 0 0 0 0 0 0 0 0 0.5 0.166667 0 0 0.166667 0 0 0 0 0 0 0 0 0 0 0 0.166667 0 0 0 0 0 0 0 0 0 0 0 0 0 0 0 0 0 0 0 0 0 0 0 0 0 0 
CCCGCCCG 0 0.75 0.25 0 0 0 0 0 0 0.571429 0.285714 0 0 0.142857 0 0 0 0 0 0 0 0 0 0 0 0 0 0 0 0 0 0 0 0 0 0 0 0 0 0 0 0.333333 0.333333 0 0 0.166667 0 0 0 0 0 0 0 0 0 0 0 0.166667 0 0 0 0 0 0 0 0 0 0 0 0 0 0 0 0 0 0 0 0 0 0 0 0 0 0 
CGGAAATA 0.5 0.125 0.25 0.125 0.285714 0 0 0.142857 0 0 0.142857 0 0.142857 0 0.142857 0 0.142857 0 0 0 0.166667 0 0 0.166667 0 0 0 0 0 0 0 0 0.166667 0 0 0 0 0 0 0 0 0 0 0 0 0 0.166667 0 0 0 0 0 0.166667 0 0 0 0 0 0 0 0.166667 0 0 0 0 0 0 0 0 0 0 0 0 0 0 0 0 0 0 0 0 0 0 0 
CTAATATA 0.5 0.125 0 0.375 0.142857 0 0 0.285714 0 0 0 0.142857 0 0 0 0 0.428571 0 0 0 0 0 0 0.166667 0 0 0 0 0 0 0 0 0.333333 0 0 0 0 0 0 0 0 0 0 0 0 0 0 0 0.166667 0 0 0 0 0 0 0 0 0 0 0 0 0 0 0 0 0 0 0 0.166667 0 0 0.166667 0 0 0 0 0 0 0 0 0 0 0 0 
CTAATTAA 0.5 0.125 0 0.375 0.285714 0 0 0.142857 0 0 0 0.142857 0 0 0 0 0.285714 0 0 0.142857 0 0 0 0.166667 0 0 0 0 0 0 0 0 0 0 0 0.166667 0 0 0 0 0 0 0 0 0 0 0 0 0.166667 0 0 0 0 0 0 0 0 0 0 0 0 0 0 0 0 0 0 0 0.333333 0 0 0 0 0 0 0 0 0 0 0 0.166667 0 0 0 
CTAATTTA 0.375 0.125 0 0.5 0.142857 0 0 0.142857 0 0 0 0.142857 0 0 0 0 0.285714 0 0 0.285714 0 0 0 0.166667 0 0 0 0 0 0 0 0 0 0 0 0.166667 0 0 0 0 0 0 0 0 0 0 0 0 0.166667 0 0 0 0 0 0 0 0 0 0 0 0 0 0 0 0 0 0 0 0.166667 0 0 0 0 0 0 0 0 0 0 0 0.166667 0 0 0.166667 
CTATTTTA 0.25 0.125 0 0.625 0 0 0 0.142857 0 0 0 0.142857 0 0 0 0 0.285714 0 0 0.428571 0 0 0 0 0 0 0 0 0 0 0 0 0 0 0 0.166667 0 0 0 0 0 0 0 0 0 0 0 0 0.166667 0 0 0 0 0 0 0 0 0 0 0 0 0 0 0 0 0 0 0 0 0 0 0.166667 0 0 0 0 0 0 0 0 0.166667 0 0 0.333333 
CTTAATAA 0.5 0.125 0 0.375 0.285714 0 0 0.142857 0 0 0 0.142857 0 0 0 0 0.285714 0 0 0.142857 0 0 0 0.166667 0 0 0 0 0 0 0 0 0.166667 0 0 0 0 0 0 0 0 0 0 0 0 0 0 0 0 0 0 0.166667 0 0 0 0 0 0 0 0 0 0 0 0 0 0 0 0 0.333333 0 0 0 0 0 0 0 0 0 0 0 0.166667 0 0 0 
GGGCGGGA 0.125 0.125 0.75 0 0 0 0 0 0 0 0.142857 0 0.142857 0.142857 0.571429 0 0 0 0 0 0 0 0 0 0 0 0 0 0 0 0 0 0 0 0 0 0 0 0 0 0 0 0 0 0 0 0.166667 0 0 0 0 0 0 0 0 0 0 0 0.166667 0 0.166667 0.166667 0.333333 0 0 0 0 0 0 0 0 0 0 0 0 0 0 0 0 0 0 0 0 0 
GGGGGAGA 0.25 0 0.75 0 0 0 0.142857 0 0 0 0 0 0.285714 0 0.571429 0 0 0 0 0 0 0 0 0 0 0 0 0 0.166667 0 0 0 0 0 0 0 0 0 0 0 0 0 0 0 0 0 0 0 0 0 0 0 0 0 0.166667 0 0 0 0 0 0.166667 0 0.5 0 0 0 0 0 0 0 0 0 0 0 0 0 0 0 0 0 0 0 0 0 
GTAATAAA 0.625 0 0.125 0.25 0.428571 0 0 0.142857 0 0 0 0 0 0 0 0.142857 0.285714 0 0 0 0.166667 0 0 0.166667 0 0 0 0 0 0 0 0 0.166667 0 0 0 0 0 0 0 0 0 0 0 0 0 0 0 0 0 0 0 0 0 0 0 0 0 0 0 0 0 0 0 0.166667 0 0 0 0.333333 0 0 0 0 0 0 0 0 0 0 0 0 0 0 0 
GTAATATA 0.5 0 0.125 0.375 0.142857 0 0 0.285714 0 0 0 0 0 0 0 0.142857 0.428571 0 0 0 0 0 0 0.166667 0 0 0 0 0 0 0 0 0.333333 0 0 0 0 0 0 0 0 0 0 0 0 0 0 0 0 0 0 0 0 0 0 0 0 0 0 0 0 0 0 0 0.166667 0 0 0 0.166667 0 0 0.166667 0 0 0 0 0 0 0 0 0 0 0 0 
GTAATTTA 0.375 0 0.125 0.5 0.142857 0 0 0.142857 0 0 0 0 0 0 0 0.142857 0.285714 0 0 0.285714 0 0 0 0.166667 0 0 0 0 0 0 0 0 0 0 0 0.166667 0 0 0 0 0 0 0 0 0 0 0 0 0 0 0 0 0 0 0 0 0 0 0 0 0 0 0 0 0.166667 0 0 0 0.166667 0 0 0 0 0 0 0 0 0 0 0 0.166667 0 0 0.166667 
GTATATTA 0.375 0 0.125 0.5 0 0 0 0.285714 0 0 0 0 0 0 0 0.142857 0.428571 0 0 0.142857 0 0 0 0 0 0 0 0 0 0 0 0 0.166667 0 0 0.166667 0 0 0 0 0 0 0 0 0 0 0 0 0 0 0 0 0 0 0 0 0 0 0 0 0 0 0 0 0.166667 0 0 0 0 0 0 0.333333 0 0 0 0 0 0 0 0 0.166667 0 0 0 
GTTAATTA 0.375 0 0.125 0.5 0.142857 0 0 0.142857 0 0 0 0 0 0 0 0.142857 0.285714 0 0 0.285714 0 0 0 0.166667 0 0 0 0 0 0 0 0 0 0 0 0.166667 0 0 0 0 0 0 0 0 0 0 0 0 0 0 0 0 0 0 0 0 0 0 0 0 0 0 0 0 0 0 0 0.166667 0.166667 0 0 0 0 0 0 0 0 0 0 0 0.333333 0 0 0 
GTTTATTA 0.25 0 0.125 0.625 0 0 0 0.142857 0 0 0 0 0 0 0 0.142857 0.285714 0 0 0.428571 0 0 0 0 0 0 0 0 0 0 0 0 0 0 0 0.166667 0 0 0 0 0 0 0 0 0 0 0 0 0 0 0 0 0 0 0 0 0 0 0 0 0 0 0 0 0 0 0 0.166667 0 0 0 0.166667 0 0 0 0 0 0 0 0 0.333333 0 0 0.166667 
TAAATTAA 0.625 0 0 0.375 0.428571 0 0 0.142857 0 0 0 0 0 0 0 0 0.285714 0 0 0.142857 0.166667 0 0 0.166667 0 0 0 0 0 0 0 0 0 0 0 0.166667 0 0 0 0 0 0 0 0 0 0 0 0 0 0 0 0 0 0 0 0 0 0 0 0 0 0 0 0 0 0 0 0 0.333333 0 0 0 0 0 0 0 0 0 0 0 0.166667 0 0 0 
TAATAAAA 0.75 0 0 0.25 0.571429 0 0 0.142857 0 0 0 0 0 0 0 0 0.285714 0 0 0 0.333333 0 0 0.166667 0 0 0 0 0 0 0 0 0.166667 0 0 0 0 0 0 0 0 0 0 0 0 0 0 0 0 0 0 0 0 0 0 0 0 0 0 0 0 0 0 0 0 0 0 0 0.333333 0 0 0 0 0 0 0 0 0 0 0 0 0 0 0 
TAATAATA 0.625 0 0 0.375 0.285714 0 0 0.285714 0 0 0 0 0 0 0 0 0.428571 0 0 0 0 0 0 0.333333 0 0 0 0 0 0 0 0 0.333333 0 0 0 0 0 0 0 0 0 0 0 0 0 0 0 0 0 0 0 0 0 0 0 0 0 0 0 0 0 0 0 0 0 0 0 0.333333 0 0 0 0 0 0 0 0 0 0 0 0 0 0 0 
TAATATAA 0.625 0 0 0.375 0.285714 0 0 0.285714 0 0 0 0 0 0 0 0 0.428571 0 0 0 0 0 0 0.166667 0 0 0 0 0 0 0 0 0.333333 0 0 0 0 0 0 0 0 0 0 0 0 0 0 0 0 0 0 0 0 0 0 0 0 0 0 0 0 0 0 0 0 0 0 0 0.333333 0 0 0.166667 0 0 0 0 0 0 0 0 0 0 0 0 
TAATATTA 0.5 0 0 0.5 0.142857 0 0 0.285714 0 0 0 0 0 0 0 0 0.428571 0 0 0.142857 0 0 0 0.166667 0 0 0 0 0 0 0 0 0.166667 0 0 0.166667 0 0 0 0 0 0 0 0 0 0 0 0 0 0 0 0 0 0 0 0 0 0 0 0 0 0 0 0 0 0 0 0 0.166667 0 0 0.166667 0 0 0 0 0 0 0 0 0.166667 0 0 0 
TAATTAAA 0.625 0 0 0.375 0.428571 0 0 0.142857 0 0 0 0 0 0 0 0 0.285714 0 0 0.142857 0.166667 0 0 0.166667 0 0 0 0 0 0 0 0 0 0 0 0.166667 0 0 0 0 0 0 0 0 0 0 0 0 0 0 0 0 0 0 0 0 0 0 0 0 0 0 0 0 0 0 0 0 0.333333 0 0 0 0 0 0 0 0 0 0 0 0.166667 0 0 0 
TAATTATA 0.5 0 0 0.5 0.142857 0 0 0.285714 0 0 0 0 0 0 0 0 0.428571 0 0 0.142857 0 0 0 0.166667 0 0 0 0 0 0 0 0 0.166667 0 0 0.166667 0 0 0 0 0 0 0 0 0 0 0 0 0 0 0 0 0 0 0 0 0 0 0 0 0 0 0 0 0 0 0 0 0.166667 0 0 0.166667 0 0 0 0 0 0 0 0 0.166667 0 0 0 
TAATTTAA 0.5 0 0 0.5 0.285714 0 0 0.142857 0 0 0 0 0 0 0 0 0.285714 0 0 0.285714 0 0 0 0.166667 0 0 0 0 0 0 0 0 0 0 0 0.166667 0 0 0 0 0 0 0 0 0 0 0 0 0 0 0 0 0 0 0 0 0 0 0 0 0 0 0 0 0 0 0 0 0.333333 0 0 0 0 0 0 0 0 0 0 0 0.166667 0 0 0.166667 
TATATTAA 0.5 0 0 0.5 0.142857 0 0 0.285714 0 0 0 0 0 0 0 0 0.428571 0 0 0.142857 0 0 0 0 0 0 0 0 0 0 0 0 0.166667 0 0 0.166667 0 0 0 0 0 0 0 0 0 0 0 0 0 0 0 0 0 0 0 0 0 0 0 0 0 0 0 0 0 0 0 0 0.166667 0 0 0.333333 0 0 0 0 0 0 0 0 0.166667 0 0 0 
TATTAATA 0.5 0 0 0.5 0.142857 0 0 0.285714 0 0 0 0 0 0 0 0 0.428571 0 0 0.142857 0 0 0 0.166667 0 0 0 0 0 0 0 0 0.166667 0 0 0.166667 0 0 0 0 0 0 0 0 0 0 0 0 0 0 0 0 0 0 0 0 0 0 0 0 0 0 0 0 0 0 0 0 0.166667 0 0 0.166667 0 0 0 0 0 0 0 0 0.166667 0 0 0 
TGTAATAA 0.5 0 0.125 0.375 0.285714 0 0 0.142857 0 0 0 0 0 0 0 0.142857 0.285714 0 0.142857 0 0 0 0 0.166667 0 0 0 0 0 0 0 0 0.166667 0 0 0 0 0 0 0 0 0 0 0 0 0 0 0 0 0 0 0 0 0 0 0 0 0 0 0 0 0 0 0 0.166667 0 0 0 0.333333 0 0 0 0 0 0 0 0 0 0 0.166667 0 0 0 0 
TTAATAAA 0.625 0 0 0.375 0.428571 0 0 0.142857 0 0 0 0 0 0 0 0 0.285714 0 0 0.142857 0.166667 0 0 0.166667 0 0 0 0 0 0 0 0 0.166667 0 0 0 0 0 0 0 0 0 0 0 0 0 0 0 0 0 0 0 0 0 0 0 0 0 0 0 0 0 0 0 0 0 0 0 0.333333 0 0 0 0 0 0 0 0 0 0 0 0.166667 0 0 0 
TTAATTAA 0.5 0 0 0.5 0.285714 0 0 0.142857 0 0 0 0 0 0 0 0 0.285714 0 0 0.285714 0 0 0 0.166667 0 0 0 0 0 0 0 0 0 0 0 0.166667 0 0 0 0 0 0 0 0 0 0 0 0 0 0 0 0 0 0 0 0 0 0 0 0 0 0 0 0 0 0 0 0 0.333333 0 0 0 0 0 0 0 0 0 0 0 0.333333 0 0 0 
TTATTAAA 0.5 0 0 0.5 0.285714 0 0 0.142857 0 0 0 0 0 0 0 0 0.285714 0 0 0.285714 0.166667 0 0 0 0 0 0 0 0 0 0 0 0 0 0 0.166667 0 0 0 0 0 0 0 0 0 0 0 0 0 0 0 0 0 0 0 0 0 0 0 0 0 0 0 0 0 0 0 0 0.166667 0 0 0.166667 0 0 0 0 0 0 0 0 0.333333 0 0 0 
