AAAAAGGG 0.5 0 0.333333 0 0 0 0 0 0 0 0.166667 0 0 0 0 0 0.4 0 0.6 0 0 0 0 0 0 0 0 0 0 0 0 0 0.25 0 0.75 0 0 0 0 0 0 0 0 0 0 0 0 0 0 0 1 0 0 0 0 0 0 0 0 0 0 0 0 0 
AAAACGGG 0.333333 0.166667 0.166667 0 0 0 0.166667 0 0 0 0.166667 0 0 0 0 0 0.2 0.2 0.4 0 0 0 0.2 0 0 0 0 0 0 0 0 0 0 0.25 0.75 0 0 0 0 0 0 0 0 0 0 0 0 0 0 0 1 0 0 0 0 0 0 0 0 0 0 0 0 0 
AAAAGGGA 0.333333 0 0.333333 0 0 0 0 0 0.166667 0 0.166667 0 0 0 0 0 0.2 0 0.6 0 0 0 0 0 0.2 0 0 0 0 0 0 0 0.25 0 0.75 0 0 0 0 0 0 0 0 0 0 0 0 0 0.333333 0 0.666667 0 0 0 0 0 0 0 0 0 0 0 0 0 
AAACGGGA 0.166667 0.166667 0.166667 0 0 0 0.166667 0 0.166667 0 0.166667 0 0 0 0 0 0 0.2 0.4 0 0 0 0.2 0 0.2 0 0 0 0 0 0 0 0 0 0.75 0 0.25 0 0 0 0 0 0 0 0 0 0 0 0.333333 0 0.666667 0 0 0 0 0 0 0 0 0 0 0 0 0 
AAAGGGAA 0.166667 0 0.333333 0 0 0 0 0 0.333333 0 0.166667 0 0 0 0 0 0 0 0.6 0 0 0 0 0 0.4 0 0 0 0 0 0 0 0.25 0 0.5 0 0 0 0 0 0.25 0 0 0 0 0 0 0 0.666667 0 0.333333 0 0 0 0 0 0 0 0 0 0 0 0 0 
AAAGGGAT 0.166667 0 0.333333 0 0 0 0 0 0.166667 0 0.166667 0.166667 0 0 0 0 0 0 0.6 0 0 0 0 0 0.2 0 0 0.2 0 0 0 0 0.25 0 0.5 0 0 0 0 0 0 0 0 0.25 0 0 0 0 0.333333 0 0.333333 0.333333 0 0 0 0 0 0 0 0 0 0 0 0 
AAAGGGGG 0.166667 0 0.333333 0 0 0 0 0 0 0 0.5 0 0 0 0 0 0 0 0.6 0 0 0 0 0 0 0 0.4 0 0 0 0 0 0 0 0.75 0 0 0 0 0 0 0 0.25 0 0 0 0 0 0 0 1 0 0 0 0 0 0 0 0 0 0 0 0 0 
AAATCGGG 0.166667 0.166667 0 0.166667 0 0 0.166667 0 0 0 0.166667 0 0 0 0.166667 0 0 0.2 0.2 0.2 0 0 0.2 0 0 0 0 0 0 0 0.2 0 0 0.25 0.5 0 0 0 0 0 0 0 0 0 0 0 0.25 0 0 0 1 0 0 0 0 0 0 0 0 0 0 0 0 0 
AACGGGAA 0 0.166667 0.166667 0 0 0 0.166667 0 0.333333 0 0.166667 0 0 0 0 0 0 0 0.4 0 0 0 0.2 0 0.4 0 0 0 0 0 0 0 0 0 0.5 0 0.25 0 0 0 0.25 0 0 0 0 0 0 0 0.333333 0 0.333333 0 0.333333 0 0 0 0 0 0 0 0 0 0 0 
AAGGGGGA 0 0 0.333333 0 0 0 0 0 0.166667 0 0.5 0 0 0 0 0 0 0 0.4 0 0 0 0 0 0.2 0 0.4 0 0 0 0 0 0 0 0.5 0 0 0 0 0 0.25 0 0.25 0 0 0 0 0 0 0 0.666667 0 0 0 0 0 0.333333 0 0 0 0 0 0 0 
AATAGGAA 0.166667 0 0.166667 0.166667 0 0 0 0 0.333333 0 0 0 0 0 0.166667 0 0.4 0 0.2 0 0 0 0 0 0.2 0 0 0 0 0 0.2 0 0.25 0 0.5 0 0 0 0 0 0 0 0 0 0.25 0 0 0 0.333333 0 0.333333 0 0 0 0 0 0 0 0 0 0.333333 0 0 0 
AATCGGGG 0 0.166667 0 0.166667 0 0 0.166667 0 0 0 0.333333 0 0 0 0.166667 0 0 0.2 0.2 0 0 0 0.2 0 0 0 0.2 0 0 0 0.2 0 0 0 0.5 0 0 0 0.25 0 0 0 0 0 0 0 0.25 0 0 0 0.666667 0 0 0 0 0 0 0 0 0 0 0 0.333333 0 
AATGGGGA 0 0 0.166667 0.166667 0 0 0 0 0.166667 0 0.333333 0 0 0 0.166667 0 0 0 0.4 0 0 0 0 0 0.2 0 0.2 0 0 0 0.2 0 0 0 0.5 0 0 0 0 0 0.25 0 0 0 0 0 0.25 0 0 0 0.666667 0 0 0 0 0 0 0 0 0 0.333333 0 0 0 
AATTCGGG 0 0 0 0.333333 0 0 0.166667 0 0 0 0.166667 0 0 0.166667 0.166667 0 0 0.2 0 0.2 0 0 0.2 0 0 0 0 0 0 0 0.4 0 0 0.25 0.25 0 0 0 0 0 0 0 0 0 0 0 0.5 0 0 0 0.666667 0 0 0 0 0 0 0 0 0 0 0 0.333333 0 
AATTGGAA 0 0 0 0.333333 0 0 0 0 0.333333 0 0 0 0 0 0.333333 0 0 0 0.2 0.2 0 0 0 0 0.2 0 0 0 0.2 0 0.2 0 0 0 0.5 0 0 0 0 0 0 0 0 0 0.5 0 0 0 0.333333 0 0.333333 0 0 0 0 0 0 0 0 0 0.333333 0 0 0 
AGGGGGAA 0 0 0.166667 0 0 0 0 0 0.333333 0 0.5 0 0 0 0 0 0 0 0.2 0 0 0 0 0 0.4 0 0.4 0 0 0 0 0 0 0 0.25 0 0 0 0 0 0.5 0 0.25 0 0 0 0 0 0 0 0.333333 0 0 0 0 0 0.666667 0 0 0 0 0 0 0 
AGGGGGAG 0 0 0.166667 0 0 0 0 0 0.166667 0 0.666667 0 0 0 0 0 0 0 0.2 0 0 0 0 0 0.2 0 0.6 0 0 0 0 0 0 0 0.25 0 0 0 0 0 0.25 0 0.5 0 0 0 0 0 0 0 0.333333 0 0 0 0 0 0.333333 0 0.333333 0 0 0 0 0 
AGGGGGCA 0 0 0.166667 0 0 0 0 0 0.166667 0.166667 0.5 0 0 0 0 0 0 0 0.2 0 0 0 0 0 0.2 0.2 0.4 0 0 0 0 0 0 0 0.25 0 0 0 0 0 0.25 0.25 0.25 0 0 0 0 0 0 0 0.333333 0 0 0 0 0 0.333333 0.333333 0 0 0 0 0 0 
ATCCGGAA 0 0.166667 0 0 0 0 0.333333 0 0.333333 0 0 0 0 0.166667 0 0 0 0.2 0 0 0.2 0 0.2 0 0.2 0 0 0 0 0 0.2 0 0 0 0.25 0 0.5 0 0 0 0 0 0 0 0 0 0.25 0 0 0 0.333333 0 0.333333 0 0 0 0 0 0 0 0.333333 0 0 0 
ATTCGGGA 0 0 0 0.166667 0 0 0.166667 0 0.166667 0 0.166667 0 0 0.166667 0.166667 0 0 0.2 0 0 0 0 0.2 0 0.2 0 0 0 0 0 0.4 0 0 0 0.25 0 0.25 0 0 0 0 0 0 0 0 0 0.5 0 0 0 0.333333 0 0 0 0 0 0 0 0 0 0.333333 0 0.333333 0 
ATTCGGGC 0 0 0 0.166667 0 0 0.166667 0 0 0.166667 0.166667 0 0 0.166667 0.166667 0 0 0.2 0 0 0 0 0.2 0 0 0.2 0 0 0 0 0.4 0 0 0 0.25 0 0 0.25 0 0 0 0 0 0 0 0 0.5 0 0 0 0.333333 0 0 0 0 0 0 0 0 0 0 0.333333 0.333333 0 
ATTTCGGG 0 0 0 0.166667 0 0 0.166667 0 0 0 0.166667 0 0 0.166667 0.166667 0.166667 0 0 0 0.2 0 0 0.2 0 0 0 0 0 0 0.2 0.4 0 0 0.25 0 0 0 0 0 0 0 0 0 0 0 0 0.75 0 0 0 0.333333 0 0 0 0 0 0 0 0 0 0 0 0.666667 0 
CAAAAGGG 0.333333 0 0.333333 0 0.166667 0 0 0 0 0 0.166667 0 0 0 0 0 0.2 0 0.6 0 0.2 0 0 0 0 0 0 0 0 0 0 0 0 0 0.75 0 0.25 0 0 0 0 0 0 0 0 0 0 0 0 0 0.666667 0 0 0 0.333333 0 0 0 0 0 0 0 0 0 
CAAATCGG 0.166667 0.166667 0 0.166667 0.166667 0 0.166667 0 0 0 0 0 0 0 0.166667 0 0 0.2 0.2 0.2 0.2 0 0 0 0 0 0 0 0 0 0.2 0 0 0.25 0.5 0 0 0 0 0.25 0 0 0 0 0 0 0 0 0 0 0.666667 0 0 0.333333 0 0 0 0 0 0 0 0 0 0 
CCAAAAAG 0.5 0 0.166667 0 0.333333 0 0 0 0 0 0 0 0 0 0 0 0.4 0 0.2 0 0.4 0 0 0 0 0 0 0 0 0 0 0 0.25 0 0.25 0 0.5 0 0 0 0 0 0 0 0 0 0 0 0 0 0.333333 0 0.666667 0 0 0 0 0 0 0 0 0 0 0 
CCAAAAGG 0.333333 0 0.333333 0 0.333333 0 0 0 0 0 0 0 0 0 0 0 0.2 0 0.4 0 0.4 0 0 0 0 0 0 0 0 0 0 0 0 0 0.5 0 0.5 0 0 0 0 0 0 0 0 0 0 0 0 0 0.333333 0 0.333333 0 0.333333 0 0 0 0 0 0 0 0 0 
CCATTTTA 0 0 0 0.166667 0.166667 0 0 0.166667 0 0 0 0 0.166667 0 0 0.333333 0 0 0 0.2 0 0 0 0.4 0 0 0 0 0.2 0 0 0.2 0 0 0 0.25 0 0 0 0.5 0 0 0 0 0.25 0 0 0 0.333333 0 0 0 0 0 0 0.666667 0 0 0 0 0 0 0 0 
CCCAAAAA 0.5 0 0 0 0.333333 0.166667 0 0 0 0 0 0 0 0 0 0 0.4 0 0 0 0.6 0 0 0 0 0 0 0 0 0 0 0 0.25 0 0 0 0.75 0 0 0 0 0 0 0 0 0 0 0 0 0 0 0 1 0 0 0 0 0 0 0 0 0 0 0 
CCCCTTCC 0 0 0 0 0 0.333333 0 0.333333 0 0 0 0 0 0.333333 0 0 0 0 0 0 0 0.4 0 0.4 0 0 0 0 0 0.2 0 0 0 0 0 0 0 0.5 0 0.5 0 0 0 0 0 0 0 0 0 0 0 0 0 0.666667 0 0.333333 0 0 0 0 0 0 0 0 
CCCGAAAA 0.333333 0 0 0 0.166667 0.166667 0.166667 0 0.166667 0 0 0 0 0 0 0 0.2 0 0 0 0.4 0 0.2 0 0.2 0 0 0 0 0 0 0 0 0 0 0 0.75 0 0 0 0.25 0 0 0 0 0 0 0 0 0 0 0 1 0 0 0 0 0 0 0 0 0 0 0 
CCCGATTA 0 0 0 0.166667 0.166667 0.166667 0.166667 0 0 0 0 0.166667 0.166667 0 0 0 0.2 0 0 0 0.2 0 0.2 0.2 0 0 0 0.2 0 0 0 0 0 0 0 0 0.25 0 0 0.5 0.25 0 0 0 0 0 0 0 0 0 0 0 0.333333 0 0 0.666667 0 0 0 0 0 0 0 0 
CCCGTTTC 0 0 0 0 0 0.166667 0.166667 0.166667 0 0 0 0.166667 0 0.166667 0 0.166667 0 0 0 0 0 0 0.2 0.4 0 0 0 0.2 0 0.2 0 0 0 0 0 0 0 0 0 0.75 0 0.25 0 0 0 0 0 0 0 0 0 0 0 0.333333 0 0.666667 0 0 0 0 0 0 0 0 
CCGAAAAA 0.5 0 0 0 0.166667 0 0.166667 0 0.166667 0 0 0 0 0 0 0 0.4 0 0 0 0.4 0 0 0 0.2 0 0 0 0 0 0 0 0.25 0 0 0 0.5 0 0 0 0.25 0 0 0 0 0 0 0 0 0 0 0 0.666667 0 0 0 0.333333 0 0 0 0 0 0 0 
CCGAATTA 0 0 0 0.333333 0.166667 0 0.166667 0 0.166667 0 0 0 0.166667 0 0 0 0.2 0 0 0.2 0.4 0 0 0 0 0 0 0.2 0 0 0 0 0.25 0 0 0 0.25 0 0 0.25 0 0 0 0.25 0 0 0 0 0 0 0 0 0 0 0 0.666667 0.333333 0 0 0 0 0 0 0 
CCGATTAG 0 0 0 0.166667 0.166667 0 0.166667 0 0 0 0 0.166667 0.166667 0 0.166667 0 0.2 0 0 0 0.2 0 0 0.2 0 0 0 0.2 0 0 0.2 0 0 0 0.25 0 0 0 0 0.5 0.25 0 0 0 0 0 0 0 0 0 0 0 0.333333 0 0 0.333333 0 0 0.333333 0 0 0 0 0 
CCGTTTAG 0 0 0 0 0 0 0.166667 0.166667 0 0 0 0.166667 0.166667 0 0.166667 0.166667 0 0 0 0 0 0 0 0.4 0 0 0 0.2 0.2 0 0.2 0 0 0 0 0 0 0 0 0.5 0.25 0 0 0 0 0 0.25 0 0 0 0 0 0.333333 0 0 0.333333 0 0 0.333333 0 0 0 0 0 
CCGTTTCG 0 0 0 0 0 0 0.166667 0.166667 0 0 0 0.166667 0 0.166667 0.166667 0.166667 0 0 0 0 0 0 0 0.4 0 0 0 0.2 0 0.2 0.2 0 0 0 0 0 0 0 0 0.5 0 0.25 0 0 0 0 0.25 0 0 0 0 0 0 0.333333 0 0.333333 0 0 0.333333 0 0 0 0 0 
CCTAATTC 0 0 0 0.333333 0.166667 0 0 0.166667 0 0 0 0 0.166667 0.166667 0 0 0 0.2 0 0.2 0.4 0 0 0 0 0 0 0 0 0 0 0.2 0 0.25 0 0 0.25 0 0 0.25 0 0 0 0 0 0 0 0.25 0 0 0 0 0 0 0 0.666667 0 0 0 0 0 0.333333 0 0 
CCTTTTTC 0 0 0 0 0 0 0 0.333333 0 0 0 0 0 0.166667 0 0.5 0 0 0 0 0 0 0 0.4 0 0 0 0 0 0.2 0 0.4 0 0 0 0 0 0 0 0.5 0 0 0 0 0 0.25 0 0.25 0 0 0 0 0 0 0 0.666667 0 0 0 0 0 0.333333 0 0 
CGAATTAG 0 0 0 0.333333 0.166667 0 0 0 0.166667 0 0 0 0.166667 0 0.166667 0 0.2 0 0 0.2 0.2 0 0 0 0 0 0 0.2 0 0 0.2 0 0.25 0 0.25 0 0 0 0 0.25 0 0 0 0.25 0 0 0 0 0 0 0.333333 0 0 0 0 0.333333 0.333333 0 0 0 0 0 0 0 
CGGGGGAA 0 0 0 0 0 0 0.166667 0 0.333333 0 0.5 0 0 0 0 0 0 0 0 0 0 0 0.2 0 0.4 0 0.4 0 0 0 0 0 0 0 0 0 0 0 0.25 0 0.5 0 0.25 0 0 0 0 0 0 0 0 0 0 0 0.333333 0 0.666667 0 0 0 0 0 0 0 
CTCAAAAG 0.333333 0 0.166667 0 0.166667 0.166667 0 0 0 0 0 0 0.166667 0 0 0 0.2 0 0.2 0 0.4 0 0 0 0 0 0 0 0.2 0 0 0 0 0 0.25 0 0.5 0 0 0 0 0 0 0 0.25 0 0 0 0 0 0 0 0.333333 0 0.333333 0 0 0 0 0 0.333333 0 0 0 
CTGCTTTC 0 0 0 0 0 0 0.166667 0.166667 0 0 0 0.166667 0 0.333333 0 0.166667 0 0 0 0 0 0.2 0 0.2 0 0 0 0.2 0 0.2 0 0.2 0 0 0 0 0 0.25 0 0.25 0 0 0 0.25 0 0 0 0.25 0 0 0 0 0 0 0 0.333333 0 0.333333 0 0 0 0 0 0.333333 
GAAAATGA 0.333333 0 0.166667 0.166667 0 0 0 0 0.166667 0 0 0 0.166667 0 0 0 0.4 0 0.2 0.2 0 0 0 0 0.2 0 0 0 0 0 0 0 0.25 0 0.25 0.25 0 0 0 0 0.25 0 0 0 0 0 0 0 0.333333 0 0.333333 0 0 0 0 0 0 0 0 0.333333 0 0 0 0 
GACCAAAA 0.333333 0.166667 0 0 0.333333 0 0 0 0 0.166667 0 0 0 0 0 0 0.4 0 0 0 0.4 0 0 0 0 0.2 0 0 0 0 0 0 0.25 0 0 0 0.5 0 0 0 0.25 0 0 0 0 0 0 0 0.333333 0 0 0 0.333333 0 0 0 0.333333 0 0 0 0 0 0 0 
GATTTGGA 0 0 0 0.166667 0 0 0 0 0.166667 0 0 0.166667 0 0 0.333333 0.166667 0 0 0 0.2 0 0 0 0 0 0 0 0.2 0.2 0 0.4 0 0 0 0.25 0 0 0 0 0 0 0 0 0.25 0.25 0 0.25 0 0 0 0.333333 0 0 0 0 0 0 0 0.333333 0 0.333333 0 0 0 
GGCAAATA 0.333333 0 0 0.166667 0.166667 0 0 0 0.166667 0.166667 0 0 0 0 0 0 0.2 0 0 0.2 0.2 0 0 0 0.4 0 0 0 0 0 0 0 0.25 0 0 0 0 0 0 0.25 0.5 0 0 0 0 0 0 0 0 0 0 0 0.333333 0 0 0 0.333333 0 0 0.333333 0 0 0 0 
GGGGGAAA 0.166667 0 0 0 0 0 0 0 0.333333 0 0.5 0 0 0 0 0 0 0 0 0 0 0 0 0 0.6 0 0.4 0 0 0 0 0 0 0 0 0 0 0 0 0 0.75 0 0.25 0 0 0 0 0 0 0 0 0 0 0 0 0 1 0 0 0 0 0 0 0 
GGGGGAGA 0.166667 0 0 0 0 0 0 0 0.166667 0 0.666667 0 0 0 0 0 0 0 0 0 0 0 0 0 0.4 0 0.6 0 0 0 0 0 0 0 0 0 0 0 0 0 0.5 0 0.5 0 0 0 0 0 0 0 0 0 0 0 0 0 0.666667 0 0.333333 0 0 0 0 0 
GTTTAGGA 0 0 0.166667 0 0 0 0 0 0.166667 0 0 0.166667 0.166667 0 0.166667 0.166667 0.2 0 0 0 0 0 0 0 0 0 0 0.2 0.2 0 0.4 0 0 0 0 0 0 0 0 0 0.25 0 0 0 0.25 0 0.5 0 0 0 0 0 0 0 0 0 0 0 0.333333 0 0.333333 0 0.333333 0 
TATCCGAA 0 0.166667 0 0 0.166667 0 0.166667 0 0.166667 0 0 0 0 0.166667 0 0.166667 0 0.2 0 0 0.4 0 0 0 0 0 0 0 0 0.2 0.2 0 0 0 0.25 0 0.25 0 0 0 0 0 0 0 0.25 0.25 0 0 0.333333 0 0 0 0 0 0 0 0 0 0 0 0.333333 0 0.333333 0 
TCCAAAAA 0.5 0 0 0 0.333333 0 0 0 0 0 0 0 0 0.166667 0 0 0.4 0 0 0 0.4 0 0 0 0 0 0 0 0.2 0 0 0 0.25 0 0 0 0.5 0 0 0 0 0 0 0 0.25 0 0 0 0 0 0 0 0.666667 0 0 0 0 0 0 0 0.333333 0 0 0 
TCCCAAAA 0.333333 0 0 0 0.333333 0.166667 0 0 0 0 0 0 0 0.166667 0 0 0.2 0 0 0 0.6 0 0 0 0 0 0 0 0 0.2 0 0 0 0 0 0 0.75 0 0 0 0 0 0 0 0.25 0 0 0 0 0 0 0 0.666667 0 0 0 0 0 0 0 0.333333 0 0 0 
TCCCCAAA 0.166667 0 0 0 0.333333 0.333333 0 0 0 0 0 0 0 0.166667 0 0 0 0 0 0 0.6 0.2 0 0 0 0 0 0 0 0.2 0 0 0 0 0 0 0.75 0 0 0 0 0 0 0 0 0.25 0 0 0 0 0 0 0.666667 0 0 0 0 0 0 0 0.333333 0 0 0 
TCCCGAAA 0.166667 0 0 0 0.166667 0.166667 0.166667 0 0.166667 0 0 0 0 0.166667 0 0 0 0 0 0 0.4 0 0.2 0 0.2 0 0 0 0 0.2 0 0 0 0 0 0 0.75 0 0 0 0 0 0 0 0 0 0.25 0 0 0 0 0 0.666667 0 0 0 0 0 0 0 0.333333 0 0 0 
TGAAAACA 0.5 0.166667 0 0 0 0 0 0 0.166667 0 0 0 0.166667 0 0 0 0.4 0.2 0 0 0 0 0 0 0.2 0 0 0 0.2 0 0 0 0.25 0.25 0 0 0 0 0 0 0.25 0 0 0 0.25 0 0 0 0.333333 0 0 0 0 0 0 0 0 0.333333 0 0 0.333333 0 0 0 
TTACGGAA 0 0 0.166667 0 0 0 0.166667 0 0.333333 0 0 0 0.166667 0.166667 0 0 0 0 0.2 0 0.2 0 0 0 0.2 0 0 0 0 0.2 0.2 0 0.25 0 0 0 0.25 0 0 0 0 0 0 0 0 0 0.5 0 0.333333 0 0 0 0 0 0 0 0 0 0 0 0.333333 0 0.333333 0 
TTCCCAAA 0.166667 0 0 0 0.333333 0.166667 0 0 0 0 0 0 0 0.333333 0 0 0 0 0 0 0.6 0 0 0 0 0 0 0 0 0.4 0 0 0 0 0 0 0.5 0 0 0 0 0 0 0 0.25 0.25 0 0 0 0 0 0 0.333333 0 0 0 0 0 0 0 0.666667 0 0 0 
TTCCCGAA 0 0 0 0 0.166667 0.166667 0.166667 0 0.166667 0 0 0 0 0.333333 0 0 0 0 0 0 0.4 0 0.2 0 0 0 0 0 0 0.4 0 0 0 0 0 0 0.5 0 0 0 0 0 0 0 0 0.25 0.25 0 0 0 0 0 0.333333 0 0 0 0 0 0 0 0.333333 0 0.333333 0 
TTCCTAAA 0.166667 0 0 0 0.166667 0 0 0.166667 0 0 0 0 0.166667 0.333333 0 0 0 0 0 0 0.4 0 0 0 0 0 0 0 0.2 0.2 0 0.2 0 0 0 0 0.5 0 0 0 0 0 0 0 0.25 0 0 0.25 0 0 0 0 0.333333 0 0 0 0 0 0 0 0.666667 0 0 0 
TTGGGAAA 0.166667 0 0 0 0 0 0 0 0.333333 0 0.166667 0 0 0 0.333333 0 0 0 0 0 0 0 0 0 0.6 0 0 0 0 0 0.4 0 0 0 0 0 0 0 0 0 0.5 0 0 0 0.25 0 0.25 0 0 0 0 0 0 0 0 0 0.333333 0 0 0 0.666667 0 0 0 
AAAAAGGA 0.5 0 0.333333 0 0 0 0 0 0.166667 0 0 0 0 0 0 0 0.6 0 0.4 0 0 0 0 0 0 0 0 0 0 0 0 0 0.5 0 0.5 0 0 0 0 0 0 0 0 0 0 0 0 0 0.333333 0 0.666667 0 0 0 0 0 0 0 0 0 0 0 0 0 
AAAAAGGG 0.5 0 0.333333 0 0 0 0 0 0 0 0.166667 0 0 0 0 0 0.4 0 0.6 0 0 0 0 0 0 0 0 0 0 0 0 0 0.25 0 0.75 0 0 0 0 0 0 0 0 0 0 0 0 0 0 0 1 0 0 0 0 0 0 0 0 0 0 0 0 0 
AAAACAGT 0.5 0.166667 0 0.166667 0 0 0.166667 0 0 0 0 0 0 0 0 0 0.4 0.2 0.2 0 0 0 0 0.2 0 0 0 0 0 0 0 0 0.25 0.25 0.25 0.25 0 0 0 0 0 0 0 0 0 0 0 0 0.333333 0 0.333333 0.333333 0 0 0 0 0 0 0 0 0 0 0 0 
AAAACGGA 0.333333 0.166667 0.166667 0 0 0 0.166667 0 0.166667 0 0 0 0 0 0 0 0.2 0.2 0.4 0 0.2 0 0 0 0 0 0 0 0 0 0 0 0.25 0.25 0.5 0 0 0 0 0 0 0 0 0 0 0 0 0 0.333333 0 0.666667 0 0 0 0 0 0 0 0 0 0 0 0 0 
AAAACGGG 0.333333 0.166667 0.166667 0 0 0 0.166667 0 0 0 0.166667 0 0 0 0 0 0.2 0.2 0.4 0 0 0 0.2 0 0 0 0 0 0 0 0 0 0 0.25 0.75 0 0 0 0 0 0 0 0 0 0 0 0 0 0 0 1 0 0 0 0 0 0 0 0 0 0 0 0 0 
AAAAGAGG 0.5 0 0.333333 0 0 0 0 0 0 0 0.166667 0 0 0 0 0 0.4 0 0.4 0 0 0 0 0 0 0 0.2 0 0 0 0 0 0.25 0 0.75 0 0 0 0 0 0 0 0 0 0 0 0 0 0.333333 0 0.666667 0 0 0 0 0 0 0 0 0 0 0 0 0 
AAAAGGAA 0.333333 0 0.333333 0 0 0 0 0 0.333333 0 0 0 0 0 0 0 0.4 0 0.4 0 0 0 0 0 0.2 0 0 0 0 0 0 0 0.5 0 0.5 0 0 0 0 0 0 0 0 0 0 0 0 0 0.666667 0 0.333333 0 0 0 0 0 0 0 0 0 0 0 0 0 
AAAAGGAG 0.333333 0 0.333333 0 0 0 0 0 0.166667 0 0.166667 0 0 0 0 0 0.4 0 0.4 0 0 0 0 0 0 0 0.2 0 0 0 0 0 0.25 0 0.75 0 0 0 0 0 0 0 0 0 0 0 0 0 0.333333 0 0.666667 0 0 0 0 0 0 0 0 0 0 0 0 0 
AAAAGGGA 0.333333 0 0.333333 0 0 0 0 0 0.166667 0 0.166667 0 0 0 0 0 0.2 0 0.6 0 0 0 0 0 0.2 0 0 0 0 0 0 0 0.25 0 0.75 0 0 0 0 0 0 0 0 0 0 0 0 0 0.333333 0 0.666667 0 0 0 0 0 0 0 0 0 0 0 0 0 
AAAAGGGG 0.333333 0 0.333333 0 0 0 0 0 0 0 0.333333 0 0 0 0 0 0.2 0 0.6 0 0 0 0 0 0 0 0.2 0 0 0 0 0 0 0 1 0 0 0 0 0 0 0 0 0 0 0 0 0 0 0 1 0 0 0 0 0 0 0 0 0 0 0 0 0 
AAAAGGGT 0.333333 0 0.333333 0 0 0 0 0 0 0 0.166667 0.166667 0 0 0 0 0.2 0 0.6 0 0 0 0 0 0 0 0 0.2 0 0 0 0 0 0 0.75 0.25 0 0 0 0 0 0 0 0 0 0 0 0 0 0 0.666667 0.333333 0 0 0 0 0 0 0 0 0 0 0 0 
AAAATGGA 0.333333 0 0.166667 0.166667 0 0 0 0 0.166667 0 0 0 0 0 0.166667 0 0.2 0 0.4 0.2 0 0 0 0 0 0 0 0 0.2 0 0 0 0.25 0 0.5 0.25 0 0 0 0 0 0 0 0 0 0 0 0 0.333333 0 0.666667 0 0 0 0 0 0 0 0 0 0 0 0 0 
AAACGGAA 0.166667 0.166667 0.166667 0 0 0 0.166667 0 0.333333 0 0 0 0 0 0 0 0 0.2 0.4 0 0.2 0 0 0 0.2 0 0 0 0 0 0 0 0.25 0 0.5 0 0.25 0 0 0 0 0 0 0 0 0 0 0 0.666667 0 0.333333 0 0 0 0 0 0 0 0 0 0 0 0 0 
AAACGGGA 0.166667 0.166667 0.166667 0 0 0 0.166667 0 0.166667 0 0.166667 0 0 0 0 0 0 0.2 0.4 0 0 0 0.2 0 0.2 0 0 0 0 0 0 0 0 0 0.75 0 0.25 0 0 0 0 0 0 0 0 0 0 0 0.333333 0 0.666667 0 0 0 0 0 0 0 0 0 0 0 0 0 
AAACGGTA 0.166667 0.166667 0.166667 0 0 0 0.166667 0 0.166667 0 0 0.166667 0 0 0 0 0 0.2 0.4 0 0 0 0 0.2 0.2 0 0 0 0 0 0 0 0 0 0.5 0.25 0.25 0 0 0 0 0 0 0 0 0 0 0 0.333333 0 0.333333 0.333333 0 0 0 0 0 0 0 0 0 0 0 0 
AAAGGAAA 0.333333 0 0.333333 0 0 0 0 0 0.333333 0 0 0 0 0 0 0 0.2 0 0.4 0 0 0 0 0 0.4 0 0 0 0 0 0 0 0.5 0 0.25 0 0 0 0 0 0.25 0 0 0 0 0 0 0 1 0 0 0 0 0 0 0 0 0 0 0 0 0 0 0 
AAAGGAAG 0.166667 0 0.5 0 0 0 0 0 0.333333 0 0 0 0 0 0 0 0.2 0 0.4 0 0 0 0 0 0.2 0 0.2 0 0 0 0 0 0.5 0 0.25 0 0 0 0 0 0 0 0.25 0 0 0 0 0 0.666667 0 0.333333 0 0 0 0 0 0 0 0 0 0 0 0 0 
AAAGGGAA 0.166667 0 0.333333 0 0 0 0 0 0.333333 0 0.166667 0 0 0 0 0 0 0 0.6 0 0 0 0 0 0.4 0 0 0 0 0 0 0 0.25 0 0.5 0 0 0 0 0 0.25 0 0 0 0 0 0 0 0.666667 0 0.333333 0 0 0 0 0 0 0 0 0 0 0 0 0 
AAAGGGAT 0.166667 0 0.333333 0 0 0 0 0 0.166667 0 0.166667 0.166667 0 0 0 0 0 0 0.6 0 0 0 0 0 0.2 0 0 0.2 0 0 0 0 0.25 0 0.5 0 0 0 0 0 0 0 0 0.25 0 0 0 0 0.333333 0 0.333333 0.333333 0 0 0 0 0 0 0 0 0 0 0 0 
AAAGGGGA 0.166667 0 0.333333 0 0 0 0 0 0.166667 0 0.333333 0 0 0 0 0 0 0 0.6 0 0 0 0 0 0.2 0 0.2 0 0 0 0 0 0 0 0.75 0 0 0 0 0 0.25 0 0 0 0 0 0 0 0.333333 0 0.666667 0 0 0 0 0 0 0 0 0 0 0 0 0 
AAAGGGGG 0.166667 0 0.333333 0 0 0 0 0 0 0 0.5 0 0 0 0 0 0 0 0.6 0 0 0 0 0 0 0 0.4 0 0 0 0 0 0 0 0.75 0 0 0 0 0 0 0 0.25 0 0 0 0 0 0 0 1 0 0 0 0 0 0 0 0 0 0 0 0 0 
AAATAGAG 0.5 0 0 0.166667 0 0 0 0 0 0 0.166667 0 0 0 0.166667 0 0.2 0 0.4 0.2 0 0 0 0 0 0 0 0 0.2 0 0 0 0.5 0 0.25 0 0 0 0 0 0 0 0 0 0 0 0.25 0 0.333333 0 0.666667 0 0 0 0 0 0 0 0 0 0 0 0 0 
AAATAGGA 0.333333 0 0.166667 0.166667 0 0 0 0 0.166667 0 0 0 0 0 0.166667 0 0.4 0 0.2 0.2 0 0 0 0 0 0 0 0 0 0 0.2 0 0.25 0 0.5 0 0 0 0 0 0 0 0 0 0.25 0 0 0 0.333333 0 0.666667 0 0 0 0 0 0 0 0 0 0 0 0 0 
AAATCGGA 0.166667 0.166667 0 0.166667 0 0 0.166667 0 0.166667 0 0 0 0 0 0.166667 0 0 0.2 0.2 0.2 0.2 0 0 0 0 0 0 0 0 0 0.2 0 0 0.25 0.5 0 0 0 0 0 0 0 0 0 0.25 0 0 0 0.333333 0 0.666667 0 0 0 0 0 0 0 0 0 0 0 0 0 
AAATCGGG 0.166667 0.166667 0 0.166667 0 0 0.166667 0 0 0 0.166667 0 0 0 0.166667 0 0 0.2 0.2 0.2 0 0 0.2 0 0 0 0 0 0 0 0.2 0 0 0.25 0.5 0 0 0 0 0 0 0 0 0 0 0 0.25 0 0 0 1 0 0 0 0 0 0 0 0 0 0 0 0 0 
AAATGGAA 0.166667 0 0.166667 0.166667 0 0 0 0 0.333333 0 0 0 0 0 0.166667 0 0 0 0.4 0.2 0 0 0 0 0.2 0 0 0 0.2 0 0 0 0.25 0 0.5 0 0 0 0 0 0 0 0 0 0.25 0 0 0 0.666667 0 0.333333 0 0 0 0 0 0 0 0 0 0 0 0 0 
AAATGGGA 0.166667 0 0.166667 0.166667 0 0 0 0 0.166667 0 0.166667 0 0 0 0.166667 0 0 0 0.4 0.2 0 0 0 0 0.2 0 0 0 0 0 0.2 0 0 0 0.75 0 0 0 0 0 0 0 0 0 0.25 0 0 0 0.333333 0 0.666667 0 0 0 0 0 0 0 0 0 0 0 0 0 
AAATGGGG 0.166667 0 0.166667 0.166667 0 0 0 0 0 0 0.333333 0 0 0 0.166667 0 0 0 0.4 0.2 0 0 0 0 0 0 0.2 0 0 0 0.2 0 0 0 0.75 0 0 0 0 0 0 0 0 0 0 0 0.25 0 0 0 1 0 0 0 0 0 0 0 0 0 0 0 0 0 
AAATGGGT 0.166667 0 0.166667 0.166667 0 0 0 0 0 0 0.166667 0.166667 0 0 0.166667 0 0 0 0.4 0.2 0 0 0 0 0 0 0 0.2 0 0 0.2 0 0 0 0.75 0 0 0 0 0 0 0 0 0 0 0 0 0.25 0 0 0.666667 0.333333 0 0 0 0 0 0 0 0 0 0 0 0 
AAATTAGG 0.166667 0 0.166667 0.333333 0 0 0 0 0 0 0 0 0.166667 0 0.166667 0 0.2 0 0 0.4 0 0 0 0 0 0 0 0 0 0 0.4 0 0.25 0 0.25 0.25 0 0 0 0 0 0 0 0 0 0 0.25 0 0.333333 0 0.666667 0 0 0 0 0 0 0 0 0 0 0 0 0 
AAATTAGT 0.166667 0 0 0.5 0 0 0 0 0 0 0 0 0.166667 0 0.166667 0 0.2 0 0 0.4 0 0 0 0 0 0 0 0 0 0 0.2 0.2 0.25 0 0.25 0.25 0 0 0 0 0 0 0 0 0 0 0 0.25 0.333333 0 0.333333 0.333333 0 0 0 0 0 0 0 0 0 0 0 0 
AACGGAAA 0.166667 0.166667 0.166667 0 0 0 0.166667 0 0.333333 0 0 0 0 0 0 0 0 0 0.4 0 0.2 0 0 0 0.4 0 0 0 0 0 0 0 0.25 0 0.25 0 0.25 0 0 0 0.25 0 0 0 0 0 0 0 0.666667 0 0 0 0.333333 0 0 0 0 0 0 0 0 0 0 0 
AACGGGAA 0 0.166667 0.166667 0 0 0 0.166667 0 0.333333 0 0.166667 0 0 0 0 0 0 0 0.4 0 0 0 0.2 0 0.4 0 0 0 0 0 0 0 0 0 0.5 0 0.25 0 0 0 0.25 0 0 0 0 0 0 0 0.333333 0 0.333333 0 0.333333 0 0 0 0 0 0 0 0 0 0 0 
AAGAGGAA 0.166667 0 0.333333 0 0 0 0 0 0.333333 0 0.166667 0 0 0 0 0 0.4 0 0.2 0 0 0 0 0 0.2 0 0.2 0 0 0 0 0 0.25 0 0.5 0 0 0 0 0 0.25 0 0 0 0 0 0 0 0.333333 0 0.333333 0 0 0 0 0 0.333333 0 0 0 0 0 0 0 
AAGGGAAA 0.166667 0 0.333333 0 0 0 0 0 0.333333 0 0.166667 0 0 0 0 0 0 0 0.4 0 0 0 0 0 0.6 0 0 0 0 0 0 0 0.25 0 0.25 0 0 0 0 0 0.5 0 0 0 0 0 0 0 0.666667 0 0 0 0 0 0 0 0.333333 0 0 0 0 0 0 0 
AATAGGAA 0.166667 0 0.166667 0.166667 0 0 0 0 0.333333 0 0 0 0 0 0.166667 0 0.4 0 0.2 0 0 0 0 0 0.2 0 0 0 0 0 0.2 0 0.25 0 0.5 0 0 0 0 0 0 0 0 0 0.25 0 0 0 0.333333 0 0.333333 0 0 0 0 0 0 0 0 0 0.333333 0 0 0 
AATCCGGA 0 0.166667 0 0.166667 0 0 0.333333 0 0.166667 0 0 0 0 0.166667 0 0 0 0.4 0 0 0.2 0 0.2 0 0 0 0 0 0 0 0.2 0 0 0.25 0.25 0 0.25 0 0 0 0 0 0 0 0 0 0.25 0 0 0 0.666667 0 0 0 0 0 0 0 0 0 0.333333 0 0 0 
AATCCGGT 0 0.166667 0 0.166667 0 0 0.333333 0 0 0 0 0.166667 0 0.166667 0 0 0 0.4 0 0 0 0 0.2 0.2 0 0 0 0 0 0 0.2 0 0 0.25 0.25 0 0 0 0 0.25 0 0 0 0 0 0 0.25 0 0 0 0.666667 0 0 0 0 0 0 0 0 0 0 0 0 0.333333 
AATCGGGA 0 0.166667 0 0.166667 0 0 0.166667 0 0.166667 0 0.166667 0 0 0 0.166667 0 0 0.2 0.2 0 0 0 0.2 0 0.2 0 0 0 0 0 0.2 0 0 0 0.5 0 0.25 0 0 0 0 0 0 0 0 0 0.25 0 0 0 0.666667 0 0 0 0 0 0 0 0 0 0.333333 0 0 0 
AATCGGGC 0 0.166667 0 0.166667 0 0 0.166667 0 0 0.166667 0.166667 0 0 0 0.166667 0 0 0.2 0.2 0 0 0 0.2 0 0 0.2 0 0 0 0 0.2 0 0 0 0.5 0 0 0.25 0 0 0 0 0 0 0 0 0.25 0 0 0 0.666667 0 0 0 0 0 0 0 0 0 0 0.333333 0 0 
AATCGGGT 0 0.166667 0 0.166667 0 0 0.166667 0 0 0 0.166667 0.166667 0 0 0.166667 0 0 0.2 0.2 0 0 0 0.2 0 0 0 0 0.2 0 0 0.2 0 0 0 0.5 0 0 0 0 0.25 0 0 0 0 0 0 0.25 0 0 0 0.666667 0 0 0 0 0 0 0 0 0 0 0 0 0.333333 
AATGGGGA 0 0 0.166667 0.166667 0 0 0 0 0.166667 0 0.333333 0 0 0 0.166667 0 0 0 0.4 0 0 0 0 0 0.2 0 0.2 0 0 0 0.2 0 0 0 0.5 0 0 0 0 0 0.25 0 0 0 0 0 0.25 0 0 0 0.666667 0 0 0 0 0 0 0 0 0 0.333333 0 0 0 
AATGGTAA 0 0 0.166667 0.166667 0 0 0 0 0.166667 0 0 0.166667 0.166667 0 0.166667 0 0 0 0.4 0 0 0 0 0 0.4 0 0 0 0 0 0 0.2 0 0 0.25 0.25 0 0 0 0 0.25 0 0 0 0.25 0 0 0 0.333333 0 0 0.333333 0 0 0 0 0 0 0 0 0.333333 0 0 0 
AATTAGGA 0 0 0.166667 0.333333 0 0 0 0 0.166667 0 0 0 0.166667 0 0.166667 0 0.4 0 0 0.2 0 0 0 0 0 0 0 0 0 0 0.4 0 0.25 0 0.25 0 0 0 0 0 0 0 0 0 0.25 0 0.25 0 0 0 0.666667 0 0 0 0 0 0 0 0 0 0.333333 0 0 0 
AATTAGGC 0 0 0.166667 0.333333 0 0 0 0 0 0.166667 0 0 0.166667 0 0.166667 0 0.2 0.2 0 0.2 0 0 0 0 0 0 0 0 0 0 0.4 0 0.25 0 0.25 0 0 0 0 0 0 0 0 0 0 0.25 0.25 0 0 0 0.666667 0 0 0 0 0 0 0 0 0 0 0.333333 0 0 
AATTAGGT 0 0 0.166667 0.333333 0 0 0 0 0 0 0 0.166667 0.166667 0 0.166667 0 0.2 0 0 0.4 0 0 0 0 0 0 0 0 0 0 0.4 0 0.25 0 0.25 0 0 0 0 0 0 0 0 0 0 0 0.25 0.25 0 0 0.666667 0 0 0 0 0 0 0 0 0 0 0 0 0.333333 
AATTCGGA 0 0 0 0.333333 0 0 0.166667 0 0.166667 0 0 0 0 0.166667 0.166667 0 0 0.2 0 0.2 0.2 0 0 0 0 0 0 0 0 0 0.4 0 0 0.25 0.25 0 0 0 0 0 0 0 0 0 0.25 0 0.25 0 0 0 0.666667 0 0 0 0 0 0 0 0 0 0.333333 0 0 0 
AATTCGGT 0 0 0 0.333333 0 0 0.166667 0 0 0 0 0.166667 0 0.166667 0.166667 0 0 0.2 0 0.2 0 0 0 0.2 0 0 0 0 0 0 0.4 0 0 0.25 0.25 0 0 0 0 0 0 0 0 0 0 0 0.25 0.25 0 0 0.666667 0 0 0 0 0 0 0 0 0 0 0 0 0.333333 
AATTGGGA 0 0 0 0.333333 0 0 0 0 0.166667 0 0.166667 0 0 0 0.333333 0 0 0 0.2 0.2 0 0 0 0 0.2 0 0 0 0 0 0.4 0 0 0 0.5 0 0 0 0 0 0 0 0 0 0.25 0 0.25 0 0 0 0.666667 0 0 0 0 0 0 0 0 0 0.333333 0 0 0 
AATTGGGT 0 0 0 0.333333 0 0 0 0 0 0 0.166667 0.166667 0 0 0.333333 0 0 0 0.2 0.2 0 0 0 0 0 0 0 0.2 0 0 0.4 0 0 0 0.5 0 0 0 0 0 0 0 0 0 0 0 0.25 0.25 0 0 0.666667 0 0 0 0 0 0 0 0 0 0 0 0 0.333333 
AATTTAGG 0 0 0.166667 0.333333 0 0 0 0 0 0 0 0 0.166667 0 0.166667 0.166667 0 0 0 0.4 0 0 0 0 0 0 0 0 0.2 0 0.4 0 0.25 0 0 0.25 0 0 0 0 0 0 0 0 0 0 0.5 0 0.333333 0 0.333333 0 0 0 0 0 0 0 0 0 0 0 0.333333 0 
ACCAAAAA 0.5 0.166667 0 0 0.333333 0 0 0 0 0 0 0 0 0 0 0 0.6 0 0 0 0.4 0 0 0 0 0 0 0 0 0 0 0 0.5 0 0 0 0.5 0 0 0 0 0 0 0 0 0 0 0 0.333333 0 0 0 0.666667 0 0 0 0 0 0 0 0 0 0 0 
ACCAATTA 0 0.166667 0 0.333333 0.333333 0 0 0 0 0 0 0 0.166667 0 0 0 0.4 0 0 0.2 0.2 0 0 0.2 0 0 0 0 0 0 0 0 0.5 0 0 0 0 0 0 0.5 0 0 0 0 0 0 0 0 0 0 0 0.333333 0.333333 0 0 0.333333 0 0 0 0 0 0 0 0 
ACCCAAAA 0.333333 0.166667 0 0 0.333333 0.166667 0 0 0 0 0 0 0 0 0 0 0.2 0.2 0 0 0.6 0 0 0 0 0 0 0 0 0 0 0 0.25 0 0 0 0.75 0 0 0 0 0 0 0 0 0 0 0 0.333333 0 0 0 0.666667 0 0 0 0 0 0 0 0 0 0 0 
ACCCAGAA 0.166667 0.166667 0 0 0.166667 0.166667 0.166667 0 0.166667 0 0 0 0 0 0 0 0.2 0.2 0 0 0.4 0 0.2 0 0 0 0 0 0 0 0 0 0.25 0 0 0 0.5 0 0.25 0 0 0 0 0 0 0 0 0 0 0 0.333333 0 0.666667 0 0 0 0 0 0 0 0 0 0 0 
ACCGAAAA 0.333333 0.166667 0 0 0.166667 0 0.166667 0 0.166667 0 0 0 0 0 0 0 0.2 0 0.2 0 0.4 0 0 0 0.2 0 0 0 0 0 0 0 0.25 0 0 0 0.5 0 0 0 0.25 0 0 0 0 0 0 0 0.333333 0 0 0 0.666667 0 0 0 0 0 0 0 0 0 0 0 
AGAAATGG 0.333333 0 0.166667 0.166667 0 0 0 0 0.166667 0 0 0 0 0 0.166667 0 0.2 0 0.4 0.2 0 0 0 0 0.2 0 0 0 0 0 0 0 0.25 0 0.5 0 0 0 0 0 0 0 0 0.25 0 0 0 0 0 0 0.333333 0.333333 0 0 0 0 0 0 0.333333 0 0 0 0 0 
AGAGGAAA 0.333333 0 0.166667 0 0 0 0 0 0.333333 0 0.166667 0 0 0 0 0 0.2 0 0.2 0 0 0 0 0 0.4 0 0.2 0 0 0 0 0 0.25 0 0.25 0 0 0 0 0 0.5 0 0 0 0 0 0 0 0.666667 0 0 0 0 0 0 0 0.333333 0 0 0 0 0 0 0 
ATACCTAA 0.166667 0.166667 0 0 0.166667 0 0 0.166667 0 0 0 0 0.166667 0.166667 0 0 0 0.2 0 0.2 0.4 0 0 0 0 0 0 0 0 0.2 0 0 0.25 0.25 0 0 0.25 0 0 0 0 0 0 0 0 0 0 0.25 0.333333 0 0 0.333333 0 0 0 0 0 0 0 0 0.333333 0 0 0 
ATAGGAAA 0.333333 0 0.166667 0 0 0 0 0 0.333333 0 0 0 0 0 0.166667 0 0.2 0 0.2 0 0 0 0 0 0.4 0 0 0 0 0 0.2 0 0.25 0 0.25 0 0 0 0 0 0.25 0 0 0 0.25 0 0 0 0.666667 0 0 0 0 0 0 0 0 0 0 0 0.333333 0 0 0 
ATATGGAA 0.166667 0 0.166667 0 0 0 0 0 0.333333 0 0 0 0 0 0.166667 0.166667 0 0 0.2 0.2 0 0 0 0 0.2 0 0 0 0.2 0 0.2 0 0.25 0 0.25 0 0 0 0 0 0 0 0 0 0.25 0 0.25 0 0.333333 0 0.333333 0 0 0 0 0 0 0 0 0 0.333333 0 0 0 
ATCCGGAT 0 0.166667 0 0 0 0 0.333333 0 0.166667 0 0 0.166667 0 0.166667 0 0 0 0.2 0 0 0.2 0 0.2 0 0 0 0 0.2 0 0 0.2 0 0 0 0.25 0 0.25 0 0 0.25 0 0 0 0 0 0 0.25 0 0 0 0.333333 0 0 0 0 0.333333 0 0 0 0 0.333333 0 0 0 
ATCGGGAA 0 0.166667 0 0 0 0 0.166667 0 0.333333 0 0.166667 0 0 0 0.166667 0 0 0 0.2 0 0 0 0.2 0 0.4 0 0 0 0 0 0.2 0 0 0 0.25 0 0.25 0 0 0 0.25 0 0 0 0 0 0.25 0 0 0 0.333333 0 0.333333 0 0 0 0 0 0 0 0.333333 0 0 0 
ATTAGGAA 0 0 0.166667 0.166667 0 0 0 0 0.333333 0 0 0 0.166667 0 0.166667 0 0.4 0 0 0 0 0 0 0 0.2 0 0 0 0 0 0.4 0 0.25 0 0.25 0 0 0 0 0 0 0 0 0 0.25 0 0.25 0 0 0 0.333333 0 0 0 0 0 0 0 0 0 0.666667 0 0 0 
ATTAGGGA 0 0 0.166667 0.166667 0 0 0 0 0.166667 0 0.166667 0 0.166667 0 0.166667 0 0.2 0 0.2 0 0 0 0 0 0.2 0 0 0 0 0 0.4 0 0.25 0 0.25 0 0 0 0 0 0 0 0 0 0 0 0.5 0 0 0 0.333333 0 0 0 0 0 0 0 0 0 0.333333 0 0.333333 0 
ATTCGGGA 0 0 0 0.166667 0 0 0.166667 0 0.166667 0 0.166667 0 0 0.166667 0.166667 0 0 0.2 0 0 0 0 0.2 0 0.2 0 0 0 0 0 0.4 0 0 0 0.25 0 0.25 0 0 0 0 0 0 0 0 0 0.5 0 0 0 0.333333 0 0 0 0 0 0 0 0 0 0.333333 0 0.333333 0 
ATTCGGTA 0 0 0 0.166667 0 0 0.166667 0 0.166667 0 0 0.166667 0 0.166667 0.166667 0 0 0.2 0 0 0 0 0 0.2 0.2 0 0 0 0 0 0.4 0 0 0 0.25 0 0.25 0 0 0 0 0 0 0 0 0 0.25 0.25 0 0 0.333333 0 0 0 0 0 0 0 0 0 0.333333 0 0 0.333333 
ATTGGGAA 0 0 0 0.166667 0 0 0 0 0.333333 0 0.166667 0 0 0 0.333333 0 0 0 0.2 0 0 0 0 0 0.4 0 0 0 0 0 0.4 0 0 0 0.25 0 0 0 0 0 0.25 0 0 0 0.25 0 0.25 0 0 0 0.333333 0 0 0 0 0 0 0 0 0 0.666667 0 0 0 
ATTGGGAC 0 0 0 0.166667 0 0 0 0 0.166667 0.166667 0.166667 0 0 0 0.333333 0 0 0 0.2 0 0 0 0 0 0.2 0.2 0 0 0 0 0.4 0 0 0 0.25 0 0 0 0 0 0 0.25 0 0 0.25 0 0.25 0 0 0 0.333333 0 0 0 0 0 0 0 0 0 0.333333 0.333333 0 0 
ATTGGGTG 0 0 0 0.166667 0 0 0 0 0 0 0.333333 0.166667 0 0 0.333333 0 0 0 0.2 0 0 0 0 0 0 0 0.2 0.2 0 0 0.4 0 0 0 0.25 0 0 0 0 0 0 0 0.25 0 0 0 0.25 0.25 0 0 0.333333 0 0 0 0 0 0 0 0 0 0 0 0.333333 0.333333 
ATTTAATA 0.166667 0 0 0.333333 0 0 0 0 0 0 0 0 0.333333 0 0 0.166667 0.2 0 0 0.2 0 0 0 0 0 0 0 0 0.4 0 0 0.2 0.25 0 0 0 0 0 0 0 0 0 0 0 0.5 0 0 0.25 0.333333 0 0 0 0 0 0 0 0 0 0 0 0.333333 0 0 0.333333 
ATTTAGGA 0 0 0.166667 0.166667 0 0 0 0 0.166667 0 0 0 0.166667 0 0.166667 0.166667 0.2 0 0 0.2 0 0 0 0 0 0 0 0 0.2 0 0.4 0 0.25 0 0 0 0 0 0 0 0 0 0 0 0.25 0 0.5 0 0 0 0.333333 0 0 0 0 0 0 0 0 0 0.333333 0 0.333333 0 
ATTTGGGA 0 0 0 0.166667 0 0 0 0 0.166667 0 0.166667 0 0 0 0.333333 0.166667 0 0 0 0.2 0 0 0 0 0.2 0 0 0 0 0 0.6 0 0 0 0.25 0 0 0 0 0 0 0 0 0 0.25 0 0.5 0 0 0 0.333333 0 0 0 0 0 0 0 0 0 0.333333 0 0.333333 0 
ATTTTCGG 0 0 0 0.166667 0 0 0.166667 0 0 0 0 0 0 0.166667 0.166667 0.333333 0 0 0 0.2 0 0 0 0 0 0 0 0 0 0.2 0.4 0.2 0 0 0 0.25 0 0 0 0 0 0 0 0 0 0.25 0.5 0 0 0.333333 0 0 0 0 0 0 0 0 0 0 0 0 0.666667 0 
ATTTTGGG 0 0 0 0.166667 0 0 0 0 0 0 0.166667 0 0 0 0.333333 0.333333 0 0 0 0.2 0 0 0 0 0 0 0 0 0 0 0.6 0.2 0 0 0 0.25 0 0 0 0 0 0 0 0 0 0 0.75 0 0 0 0.333333 0 0 0 0 0 0 0 0 0 0 0 0.666667 0 
CAAAAAGG 0.5 0 0.333333 0 0.166667 0 0 0 0 0 0 0 0 0 0 0 0.4 0 0.4 0 0.2 0 0 0 0 0 0 0 0 0 0 0 0.25 0 0.5 0 0.25 0 0 0 0 0 0 0 0 0 0 0 0 0 0.666667 0 0.333333 0 0 0 0 0 0 0 0 0 0 0 
CAAAAATG 0.5 0 0.166667 0.166667 0.166667 0 0 0 0 0 0 0 0 0 0 0 0.4 0 0.2 0.2 0.2 0 0 0 0 0 0 0 0 0 0 0 0.25 0 0.25 0.25 0.25 0 0 0 0 0 0 0 0 0 0 0 0 0 0.333333 0.333333 0.333333 0 0 0 0 0 0 0 0 0 0 0 
CAAAACGG 0.333333 0.166667 0.166667 0 0.166667 0 0.166667 0 0 0 0 0 0 0 0 0 0.2 0.2 0.4 0 0.2 0 0 0 0 0 0 0 0 0 0 0 0 0.25 0.5 0 0.25 0 0 0 0 0 0 0 0 0 0 0 0 0 0.666667 0 0 0.333333 0 0 0 0 0 0 0 0 0 0 
CAAAAGGG 0.333333 0 0.333333 0 0.166667 0 0 0 0 0 0.166667 0 0 0 0 0 0.2 0 0.6 0 0.2 0 0 0 0 0 0 0 0 0 0 0 0 0 0.75 0 0.25 0 0 0 0 0 0 0 0 0 0 0 0 0 0.666667 0 0 0 0.333333 0 0 0 0 0 0 0 0 0 
CAAATAGG 0.333333 0 0.166667 0.166667 0.166667 0 0 0 0 0 0 0 0 0 0.166667 0 0.2 0 0.2 0.2 0.2 0 0 0 0 0 0 0 0 0 0.2 0 0.25 0 0.5 0 0 0 0 0.25 0 0 0 0 0 0 0 0 0 0 0.666667 0 0.333333 0 0 0 0 0 0 0 0 0 0 0 
CAAATCGG 0.166667 0.166667 0 0.166667 0.166667 0 0.166667 0 0 0 0 0 0 0 0.166667 0 0 0.2 0.2 0.2 0.2 0 0 0 0 0 0 0 0 0 0.2 0 0 0.25 0.5 0 0 0 0 0.25 0 0 0 0 0 0 0 0 0 0 0.666667 0 0 0.333333 0 0 0 0 0 0 0 0 0 0 
CAAATGGG 0.166667 0 0.166667 0.166667 0.166667 0 0 0 0 0 0.166667 0 0 0 0.166667 0 0 0 0.4 0.2 0.2 0 0 0 0 0 0 0 0 0 0.2 0 0 0 0.75 0 0 0 0 0.25 0 0 0 0 0 0 0 0 0 0 0.666667 0 0 0 0.333333 0 0 0 0 0 0 0 0 0 
CAAATTAG 0.166667 0 0 0.333333 0.166667 0 0 0 0 0 0 0 0.166667 0 0.166667 0 0.2 0 0 0.4 0.2 0 0 0 0 0 0 0 0 0 0.2 0 0.25 0 0.25 0.25 0 0 0 0.25 0 0 0 0 0 0 0 0 0.333333 0 0.333333 0 0 0 0 0.333333 0 0 0 0 0 0 0 0 
CAATCGGG 0 0.166667 0 0.166667 0.166667 0 0.166667 0 0 0 0.166667 0 0 0 0.166667 0 0 0.2 0.2 0 0 0 0.2 0.2 0 0 0 0 0 0 0.2 0 0 0 0.5 0 0 0.25 0 0 0 0 0 0 0 0 0.25 0 0 0 0.666667 0 0 0 0.333333 0 0 0 0 0 0 0 0 0 
CAATTAGG 0 0 0.166667 0.333333 0.166667 0 0 0 0 0 0 0 0.166667 0 0.166667 0 0.2 0 0 0.2 0 0 0 0.2 0 0 0 0 0 0 0.4 0 0.25 0 0.25 0 0 0 0 0.25 0 0 0 0 0 0 0.25 0 0 0 0.666667 0 0.333333 0 0 0 0 0 0 0 0 0 0 0 
CAATTCGG 0 0 0 0.333333 0.166667 0 0.166667 0 0 0 0 0 0 0.166667 0.166667 0 0 0.2 0 0.2 0 0 0 0.2 0 0 0 0 0 0 0.4 0 0 0.25 0.25 0 0 0 0 0.25 0 0 0 0 0 0 0.25 0 0 0 0.666667 0 0 0.333333 0 0 0 0 0 0 0 0 0 0 
CACCCAAA 0.166667 0.166667 0 0 0.333333 0.333333 0 0 0 0 0 0 0 0 0 0 0 0.2 0 0 0.6 0.2 0 0 0 0 0 0 0 0 0 0 0.25 0 0 0 0.5 0.25 0 0 0 0 0 0 0 0 0 0 0.333333 0 0 0 0.666667 0 0 0 0 0 0 0 0 0 0 0 
CATTTGGG 0 0 0 0.166667 0 0 0 0.166667 0 0 0.166667 0 0 0 0.333333 0.166667 0 0 0 0.2 0 0 0 0.2 0 0 0 0 0 0 0.6 0 0 0 0.25 0 0 0 0 0.25 0 0 0 0 0 0 0.5 0 0 0 0.333333 0 0 0 0.333333 0 0 0 0 0 0 0 0.333333 0 
CATTTTGG 0 0 0 0.166667 0 0 0 0.166667 0 0 0 0 0 0 0.333333 0.333333 0 0 0 0.2 0 0 0 0.2 0 0 0 0 0 0 0.4 0.2 0 0 0 0.25 0 0 0 0.25 0 0 0 0 0 0 0.5 0 0 0 0.333333 0 0 0 0 0.333333 0 0 0 0 0 0 0.333333 0 
CCAAAAAA 0.666667 0 0 0 0.333333 0 0 0 0 0 0 0 0 0 0 0 0.6 0 0 0 0.4 0 0 0 0 0 0 0 0 0 0 0 0.5 0 0 0 0.5 0 0 0 0 0 0 0 0 0 0 0 0.333333 0 0 0 0.666667 0 0 0 0 0 0 0 0 0 0 0 
CCAAAAAC 0.5 0.166667 0 0 0.333333 0 0 0 0 0 0 0 0 0 0 0 0.4 0.2 0 0 0.4 0 0 0 0 0 0 0 0 0 0 0 0.25 0.25 0 0 0.5 0 0 0 0 0 0 0 0 0 0 0 0 0.333333 0 0 0.666667 0 0 0 0 0 0 0 0 0 0 0 
CCAAAAAG 0.5 0 0.166667 0 0.333333 0 0 0 0 0 0 0 0 0 0 0 0.4 0 0.2 0 0.4 0 0 0 0 0 0 0 0 0 0 0 0.25 0 0.25 0 0.5 0 0 0 0 0 0 0 0 0 0 0 0 0 0.333333 0 0.666667 0 0 0 0 0 0 0 0 0 0 0 
CCAAAACG 0.333333 0.166667 0.166667 0 0.333333 0 0 0 0 0 0 0 0 0 0 0 0.2 0.2 0.2 0 0.4 0 0 0 0 0 0 0 0 0 0 0 0 0.25 0.25 0 0.5 0 0 0 0 0 0 0 0 0 0 0 0 0 0.333333 0 0.333333 0.333333 0 0 0 0 0 0 0 0 0 0 
CCAAAAGA 0.5 0 0.166667 0 0.333333 0 0 0 0 0 0 0 0 0 0 0 0.4 0 0.2 0 0.4 0 0 0 0 0 0 0 0 0 0 0 0.25 0 0.25 0 0.5 0 0 0 0 0 0 0 0 0 0 0 0.333333 0 0 0 0.333333 0 0.333333 0 0 0 0 0 0 0 0 0 
CCAAAAGG 0.333333 0 0.333333 0 0.333333 0 0 0 0 0 0 0 0 0 0 0 0.2 0 0.4 0 0.4 0 0 0 0 0 0 0 0 0 0 0 0 0 0.5 0 0.5 0 0 0 0 0 0 0 0 0 0 0 0 0 0.333333 0 0.333333 0 0.333333 0 0 0 0 0 0 0 0 0 
CCAAAATA 0.5 0 0 0.166667 0.333333 0 0 0 0 0 0 0 0 0 0 0 0.4 0 0 0.2 0.4 0 0 0 0 0 0 0 0 0 0 0 0.25 0 0 0.25 0.5 0 0 0 0 0 0 0 0 0 0 0 0.333333 0 0 0 0.333333 0 0 0.333333 0 0 0 0 0 0 0 0 
CCAAATAG 0.333333 0 0 0.166667 0.333333 0 0 0 0 0 0 0 0 0 0.166667 0 0.2 0 0.2 0.2 0.4 0 0 0 0 0 0 0 0 0 0 0 0.25 0 0.25 0 0.25 0 0 0.25 0 0 0 0 0 0 0 0 0 0 0.333333 0 0.333333 0 0 0.333333 0 0 0 0 0 0 0 0 
CCAAATCG 0.166667 0.166667 0 0.166667 0.333333 0 0 0 0 0 0 0 0 0 0.166667 0 0 0.2 0.2 0.2 0.4 0 0 0 0 0 0 0 0 0 0 0 0 0.25 0.25 0 0.25 0 0 0.25 0 0 0 0 0 0 0 0 0 0 0.333333 0 0 0.333333 0 0.333333 0 0 0 0 0 0 0 0 
CCAAATGG 0.166667 0 0.166667 0.166667 0.333333 0 0 0 0 0 0 0 0 0 0.166667 0 0 0 0.4 0.2 0.4 0 0 0 0 0 0 0 0 0 0 0 0 0 0.5 0 0.25 0 0 0.25 0 0 0 0 0 0 0 0 0 0 0.333333 0 0 0 0.333333 0.333333 0 0 0 0 0 0 0 0 
CCAATCCG 0 0.166667 0 0.166667 0.333333 0 0.166667 0 0 0 0 0 0 0.166667 0 0 0 0.4 0 0 0.2 0 0 0.2 0 0 0 0 0 0 0.2 0 0 0.25 0.25 0 0 0.25 0 0.25 0 0 0 0 0 0 0 0 0 0 0.333333 0 0 0.666667 0 0 0 0 0 0 0 0 0 0 
CCAATTAG 0 0 0 0.333333 0.333333 0 0 0 0 0 0 0 0.166667 0 0.166667 0 0.2 0 0 0.2 0.2 0 0 0.2 0 0 0 0 0 0 0.2 0 0.25 0 0.25 0 0 0 0 0.5 0 0 0 0 0 0 0 0 0 0 0.333333 0 0.333333 0 0 0.333333 0 0 0 0 0 0 0 0 
CCAATTCG 0 0 0 0.333333 0.333333 0 0 0 0 0 0 0 0 0.166667 0.166667 0 0 0.2 0 0.2 0.2 0 0 0.2 0 0 0 0 0 0 0.2 0 0 0.25 0.25 0 0 0 0 0.5 0 0 0 0 0 0 0 0 0 0 0.333333 0 0 0.333333 0 0.333333 0 0 0 0 0 0 0 0 
CCAATTGG 0 0 0 0.333333 0.333333 0 0 0 0 0 0 0 0 0 0.333333 0 0 0 0.2 0.2 0.2 0 0 0.2 0 0 0 0 0 0 0.2 0 0 0 0.5 0 0 0 0 0.5 0 0 0 0 0 0 0 0 0 0 0.333333 0 0 0 0.333333 0.333333 0 0 0 0 0 0 0 0 
CCATTTCC 0 0 0 0.166667 0.166667 0 0 0.166667 0 0 0 0 0 0.333333 0 0.166667 0 0 0 0.2 0 0 0 0.4 0 0 0 0 0 0.4 0 0 0 0.25 0 0 0 0 0 0.5 0 0 0 0 0 0.25 0 0 0 0.333333 0 0 0 0.333333 0 0.333333 0 0 0 0 0 0 0 0 
CCCAAAAA 0.5 0 0 0 0.333333 0.166667 0 0 0 0 0 0 0 0 0 0 0.4 0 0 0 0.6 0 0 0 0 0 0 0 0 0 0 0 0.25 0 0 0 0.75 0 0 0 0 0 0 0 0 0 0 0 0 0 0 0 1 0 0 0 0 0 0 0 0 0 0 0 
CCCAAAAC 0.333333 0.166667 0 0 0.333333 0.166667 0 0 0 0 0 0 0 0 0 0 0.2 0.2 0 0 0.6 0 0 0 0 0 0 0 0 0 0 0 0 0.25 0 0 0.75 0 0 0 0 0 0 0 0 0 0 0 0 0 0 0 0.666667 0.333333 0 0 0 0 0 0 0 0 0 0 
CCCAAAAG 0.333333 0 0.166667 0 0.333333 0.166667 0 0 0 0 0 0 0 0 0 0 0.2 0 0.2 0 0.6 0 0 0 0 0 0 0 0 0 0 0 0 0 0.25 0 0.75 0 0 0 0 0 0 0 0 0 0 0 0 0 0 0 0.666667 0 0.333333 0 0 0 0 0 0 0 0 0 
CCCAAACA 0.333333 0.166667 0 0 0.333333 0.166667 0 0 0 0 0 0 0 0 0 0 0.2 0.2 0 0 0.6 0 0 0 0 0 0 0 0 0 0 0 0.25 0 0 0 0.5 0.25 0 0 0 0 0 0 0 0 0 0 0 0 0 0 0.666667 0.333333 0 0 0 0 0 0 0 0 0 0 
CCCAAATC 0.166667 0.166667 0 0.166667 0.333333 0.166667 0 0 0 0 0 0 0 0 0 0 0 0.2 0 0.2 0.6 0 0 0 0 0 0 0 0 0 0 0 0 0.25 0 0 0.5 0 0 0.25 0 0 0 0 0 0 0 0 0 0 0 0 0.333333 0.333333 0 0.333333 0 0 0 0 0 0 0 0 
CCCAATCC 0 0.166667 0 0.166667 0.333333 0.166667 0 0 0 0 0 0 0 0.166667 0 0 0 0.4 0 0 0.4 0 0 0.2 0 0 0 0 0 0 0 0 0 0.25 0 0 0.25 0.25 0 0.25 0 0 0 0 0 0 0 0 0 0 0 0 0 0.666667 0 0.333333 0 0 0 0 0 0 0 0 
CCCAATTA 0 0 0 0.333333 0.333333 0.166667 0 0 0 0 0 0 0.166667 0 0 0 0.2 0 0 0.2 0.4 0 0 0.2 0 0 0 0 0 0 0 0 0.25 0 0 0 0.25 0 0 0.5 0 0 0 0 0 0 0 0 0 0 0 0 0.333333 0 0 0.666667 0 0 0 0 0 0 0 0 
CCCAATTC 0 0 0 0.333333 0.333333 0.166667 0 0 0 0 0 0 0 0.166667 0 0 0 0.2 0 0.2 0.4 0 0 0.2 0 0 0 0 0 0 0 0 0 0.25 0 0 0.25 0 0 0.5 0 0 0 0 0 0 0 0 0 0 0 0 0 0.333333 0 0.666667 0 0 0 0 0 0 0 0 
CCCATTTA 0 0 0 0.166667 0.166667 0.166667 0 0.166667 0 0 0 0 0.166667 0 0 0.166667 0 0 0 0.2 0.2 0 0 0.4 0 0 0 0 0.2 0 0 0 0.25 0 0 0 0 0 0 0.75 0 0 0 0 0 0 0 0 0 0 0 0 0.333333 0 0 0.666667 0 0 0 0 0 0 0 0 
CCCATTTC 0 0 0 0.166667 0.166667 0.166667 0 0.166667 0 0 0 0 0 0.166667 0 0.166667 0 0 0 0.2 0.2 0 0 0.4 0 0 0 0 0 0.2 0 0 0 0.25 0 0 0 0 0 0.75 0 0 0 0 0 0 0 0 0 0 0 0 0 0.333333 0 0.666667 0 0 0 0 0 0 0 0 
CCCCAAAA 0.333333 0 0 0 0.333333 0.333333 0 0 0 0 0 0 0 0 0 0 0.2 0 0 0 0.6 0.2 0 0 0 0 0 0 0 0 0 0 0 0 0 0 1 0 0 0 0 0 0 0 0 0 0 0 0 0 0 0 1 0 0 0 0 0 0 0 0 0 0 0 
CCCGAAAA 0.333333 0 0 0 0.166667 0.166667 0.166667 0 0.166667 0 0 0 0 0 0 0 0.2 0 0 0 0.4 0 0.2 0 0.2 0 0 0 0 0 0 0 0 0 0 0 0.75 0 0 0 0.25 0 0 0 0 0 0 0 0 0 0 0 1 0 0 0 0 0 0 0 0 0 0 0 
CCCGAAAC 0.166667 0.166667 0 0 0.166667 0.166667 0.166667 0 0.166667 0 0 0 0 0 0 0 0 0.2 0 0 0.4 0 0.2 0 0.2 0 0 0 0 0 0 0 0 0 0 0 0.75 0 0 0 0 0.25 0 0 0 0 0 0 0 0 0 0 0.666667 0.333333 0 0 0 0 0 0 0 0 0 0 
CCCGATTC 0 0 0 0.166667 0.166667 0.166667 0.166667 0 0 0 0 0.166667 0 0.166667 0 0 0 0.2 0 0 0.2 0 0.2 0.2 0 0 0 0.2 0 0 0 0 0 0 0 0 0.25 0 0 0.5 0 0.25 0 0 0 0 0 0 0 0 0 0 0 0.333333 0 0.666667 0 0 0 0 0 0 0 0 
CCCGTTTA 0 0 0 0 0 0.166667 0.166667 0.166667 0 0 0 0.166667 0.166667 0 0 0.166667 0 0 0 0 0 0 0.2 0.4 0 0 0 0.2 0.2 0 0 0 0 0 0 0 0 0 0 0.75 0.25 0 0 0 0 0 0 0 0 0 0 0 0.333333 0 0 0.666667 0 0 0 0 0 0 0 0 
CCCTAATA 0.166667 0 0 0.166667 0.166667 0.166667 0 0.166667 0 0 0 0 0.166667 0 0 0 0.2 0 0 0 0.4 0 0 0.2 0 0 0 0 0 0 0 0.2 0 0 0 0 0.5 0 0 0.25 0 0 0 0 0.25 0 0 0 0 0 0 0 0.666667 0 0 0.333333 0 0 0 0 0 0 0 0 
CCCTATTC 0 0 0 0.166667 0.166667 0.166667 0 0.166667 0 0 0 0 0 0.166667 0 0.166667 0 0.2 0 0 0.2 0 0 0.4 0 0 0 0 0 0 0 0.2 0 0 0 0 0.25 0 0 0.5 0 0 0 0 0 0.25 0 0 0 0 0 0 0 0.333333 0 0.666667 0 0 0 0 0 0 0 0 
CCCTTTCG 0 0 0 0 0 0.166667 0 0.333333 0 0 0 0 0 0.166667 0.166667 0.166667 0 0 0 0 0 0 0 0.6 0 0 0 0 0 0.2 0.2 0 0 0 0 0 0 0.25 0 0.5 0 0 0 0 0 0 0.25 0 0 0 0 0 0 0.333333 0.333333 0.333333 0 0 0 0 0 0 0 0 
CCCTTTTA 0 0 0 0 0 0.166667 0 0.333333 0 0 0 0 0.166667 0 0 0.333333 0 0 0 0 0 0 0 0.6 0 0 0 0 0.2 0 0 0.2 0 0 0 0 0 0 0 0.75 0 0 0 0 0.25 0 0 0 0 0 0 0 0.333333 0 0 0.666667 0 0 0 0 0 0 0 0 
CCGAAAAA 0.5 0 0 0 0.166667 0 0.166667 0 0.166667 0 0 0 0 0 0 0 0.4 0 0 0 0.4 0 0 0 0.2 0 0 0 0 0 0 0 0.25 0 0 0 0.5 0 0 0 0.25 0 0 0 0 0 0 0 0 0 0 0 0.666667 0 0 0 0.333333 0 0 0 0 0 0 0 
CCGAAAAG 0.333333 0 0.166667 0 0.166667 0 0.166667 0 0.166667 0 0 0 0 0 0 0 0.2 0 0.2 0 0.4 0 0 0 0.2 0 0 0 0 0 0 0 0 0 0.25 0 0.5 0 0 0 0.25 0 0 0 0 0 0 0 0 0 0 0 0.666667 0 0 0 0 0 0.333333 0 0 0 0 0 
CCGAAACG 0.166667 0.166667 0.166667 0 0.166667 0 0.166667 0 0.166667 0 0 0 0 0 0 0 0 0.2 0.2 0 0.4 0 0 0 0.2 0 0 0 0 0 0 0 0 0 0.25 0 0.5 0 0 0 0 0.25 0 0 0 0 0 0 0 0 0 0 0.333333 0.333333 0 0 0 0 0.333333 0 0 0 0 0 
CCGAATAG 0.166667 0 0 0.166667 0.166667 0 0.166667 0 0.166667 0 0 0 0 0 0.166667 0 0.2 0 0.2 0 0.4 0 0 0 0 0 0 0.2 0 0 0 0 0 0 0.25 0 0.25 0 0 0.25 0.25 0 0 0 0 0 0 0 0 0 0 0 0.333333 0 0 0.333333 0 0 0.333333 0 0 0 0 0 
CCGAATCG 0 0.166667 0 0.166667 0.166667 0 0.166667 0 0.166667 0 0 0 0 0 0.166667 0 0 0.2 0.2 0 0.4 0 0 0 0 0 0 0.2 0 0 0 0 0 0 0.25 0 0.25 0 0 0.25 0 0.25 0 0 0 0 0 0 0 0 0 0 0 0.333333 0 0.333333 0 0 0.333333 0 0 0 0 0 
CCGAATTA 0 0 0 0.333333 0.166667 0 0.166667 0 0.166667 0 0 0 0.166667 0 0 0 0.2 0 0 0.2 0.4 0 0 0 0 0 0 0.2 0 0 0 0 0.25 0 0 0 0.25 0 0 0.25 0 0 0 0.25 0 0 0 0 0 0 0 0 0 0 0 0.666667 0.333333 0 0 0 0 0 0 0 
CCGAATTC 0 0 0 0.333333 0.166667 0 0.166667 0 0.166667 0 0 0 0 0.166667 0 0 0 0.2 0 0.2 0.4 0 0 0 0 0 0 0.2 0 0 0 0 0 0.25 0 0 0.25 0 0 0.25 0 0 0 0.25 0 0 0 0 0 0 0 0 0 0 0 0.666667 0 0.333333 0 0 0 0 0 0 
CCGATTCG 0 0 0 0.166667 0.166667 0 0.166667 0 0 0 0 0.166667 0 0.166667 0.166667 0 0 0.2 0 0 0.2 0 0 0.2 0 0 0 0.2 0 0 0.2 0 0 0 0.25 0 0 0 0 0.5 0 0.25 0 0 0 0 0 0 0 0 0 0 0 0.333333 0 0.333333 0 0 0.333333 0 0 0 0 0 
CCGGATTC 0 0 0 0.166667 0 0 0.333333 0 0.166667 0 0 0.166667 0 0.166667 0 0 0 0.2 0 0 0.2 0 0.2 0 0 0 0 0.4 0 0 0 0 0 0 0 0 0.25 0 0 0.25 0 0.25 0 0.25 0 0 0 0 0 0 0 0 0 0 0 0.666667 0 0.333333 0 0 0 0 0 0 
CCGTATTC 0 0 0 0.166667 0 0 0.166667 0.166667 0.166667 0 0 0 0 0.166667 0 0.166667 0 0.2 0 0 0.2 0 0 0.2 0 0 0 0.2 0 0 0 0.2 0 0 0 0 0.25 0 0 0.25 0 0 0 0.25 0 0.25 0 0 0 0 0 0 0 0 0 0.666667 0 0.333333 0 0 0 0 0 0 
CCTAAAAA 0.5 0 0 0 0.166667 0 0 0.166667 0 0 0 0 0.166667 0 0 0 0.4 0 0 0 0.4 0 0 0 0 0 0 0 0.2 0 0 0 0.25 0 0 0 0.5 0 0 0 0 0 0 0 0.25 0 0 0 0 0 0 0 0.666667 0 0 0 0 0 0 0 0.333333 0 0 0 
CCTAAAAC 0.333333 0.166667 0 0 0.166667 0 0 0.166667 0 0 0 0 0.166667 0 0 0 0.2 0.2 0 0 0.4 0 0 0 0 0 0 0 0.2 0 0 0 0 0.25 0 0 0.5 0 0 0 0 0 0 0 0.25 0 0 0 0 0 0 0 0.666667 0 0 0 0 0 0 0 0 0.333333 0 0 
CCTAATTC 0 0 0 0.333333 0.166667 0 0 0.166667 0 0 0 0 0.166667 0.166667 0 0 0 0.2 0 0.2 0.4 0 0 0 0 0 0 0 0 0 0 0.2 0 0.25 0 0 0.25 0 0 0.25 0 0 0 0 0 0 0 0.25 0 0 0 0 0 0 0 0.666667 0 0 0 0 0 0.333333 0 0 
CCTATTCG 0 0 0 0.166667 0.166667 0 0 0.166667 0 0 0 0 0 0.166667 0.166667 0.166667 0 0.2 0 0 0.2 0 0 0.2 0 0 0 0 0 0 0.2 0.2 0 0 0.25 0 0 0 0 0.5 0 0 0 0 0 0.25 0 0 0 0 0 0 0 0.333333 0 0.333333 0 0 0 0 0 0 0.333333 0 
CCTATTTA 0 0 0 0.166667 0.166667 0 0 0.166667 0 0 0 0 0.166667 0 0 0.333333 0 0 0 0.2 0.2 0 0 0.2 0 0 0 0 0.2 0 0 0.2 0.25 0 0 0 0 0 0 0.5 0 0 0 0 0 0 0 0.25 0 0 0 0 0 0 0 0.666667 0 0 0 0 0.333333 0 0 0 
CCTTTTCG 0 0 0 0 0 0 0 0.333333 0 0 0 0 0 0.166667 0.166667 0.333333 0 0 0 0 0 0 0 0.4 0 0 0 0 0 0.2 0.2 0.2 0 0 0 0 0 0 0 0.5 0 0 0 0 0 0.25 0.25 0 0 0 0 0 0 0.333333 0 0.333333 0 0 0 0 0 0 0.333333 0 
CCTTTTTA 0 0 0 0 0 0 0 0.333333 0 0 0 0 0.166667 0 0 0.5 0 0 0 0 0 0 0 0.4 0 0 0 0 0.2 0 0 0.4 0 0 0 0 0 0 0 0.5 0 0 0 0 0.25 0 0 0.25 0 0 0 0 0 0 0 0.666667 0 0 0 0 0.333333 0 0 0 
CCTTTTTC 0 0 0 0 0 0 0 0.333333 0 0 0 0 0 0.166667 0 0.5 0 0 0 0 0 0 0 0.4 0 0 0 0 0 0.2 0 0.4 0 0 0 0 0 0 0 0.5 0 0 0 0 0 0.25 0 0.25 0 0 0 0 0 0 0 0.666667 0 0 0 0 0 0.333333 0 0 
CGAAAAAG 0.5 0 0.166667 0 0.166667 0 0 0 0.166667 0 0 0 0 0 0 0 0.4 0 0.2 0 0.2 0 0 0 0.2 0 0 0 0 0 0 0 0.25 0 0.25 0 0.25 0 0 0 0.25 0 0 0 0 0 0 0 0 0 0.333333 0 0.333333 0 0 0 0.333333 0 0 0 0 0 0 0 
CGAAAAGA 0.5 0 0.166667 0 0.166667 0 0 0 0.166667 0 0 0 0 0 0 0 0.4 0 0.2 0 0.2 0 0 0 0.2 0 0 0 0 0 0 0 0.25 0 0.25 0 0.25 0 0 0 0.25 0 0 0 0 0 0 0 0.333333 0 0 0 0.333333 0 0 0 0 0 0.333333 0 0 0 0 0 
CGAAACGA 0.166667 0.166667 0.166667 0 0.333333 0 0 0 0.166667 0 0 0 0 0 0 0 0.2 0.2 0.2 0 0.2 0 0 0 0.2 0 0 0 0 0 0 0 0.25 0 0.25 0 0.25 0 0 0 0 0.25 0 0 0 0 0 0 0.333333 0 0 0 0 0.333333 0 0 0 0 0.333333 0 0 0 0 0 
CGAATTAG 0 0 0 0.333333 0.166667 0 0 0 0.166667 0 0 0 0.166667 0 0.166667 0 0.2 0 0 0.2 0.2 0 0 0 0 0 0 0.2 0 0 0.2 0 0.25 0 0.25 0 0 0 0 0.25 0 0 0 0.25 0 0 0 0 0 0 0.333333 0 0 0 0 0.333333 0.333333 0 0 0 0 0 0 0 
CGAATTCG 0 0 0 0.333333 0.166667 0 0 0 0.166667 0 0 0 0 0.166667 0.166667 0 0 0.2 0 0.2 0.2 0 0 0 0 0 0 0.2 0 0 0.2 0 0 0.25 0.25 0 0 0 0 0.25 0 0 0 0.25 0 0 0 0 0 0 0.333333 0 0 0 0 0.333333 0 0.333333 0 0 0 0 0 0 
CGTATTAG 0 0 0 0.166667 0 0 0 0.166667 0.166667 0 0 0 0.166667 0 0.166667 0.166667 0.2 0 0 0 0.2 0 0 0 0 0 0 0.2 0 0 0.2 0.2 0 0 0.25 0 0 0 0 0.25 0 0 0 0.25 0.25 0 0 0 0 0 0 0 0 0 0 0.333333 0.333333 0 0 0 0 0 0.333333 0 
CTAAAAAG 0.5 0 0.166667 0 0.166667 0 0 0 0 0 0 0 0.166667 0 0 0 0.4 0 0.2 0 0.2 0 0 0 0 0 0 0 0.2 0 0 0 0.25 0 0.25 0 0.25 0 0 0 0 0 0 0 0.25 0 0 0 0 0 0.333333 0 0.333333 0 0 0 0 0 0 0 0.333333 0 0 0 
CTAATTTA 0 0 0 0.333333 0.166667 0 0 0 0 0 0 0 0.333333 0 0 0.166667 0 0 0 0.4 0.2 0 0 0 0 0 0 0 0.2 0 0 0.2 0.25 0 0 0.25 0 0 0 0.25 0 0 0 0 0 0 0 0.25 0.333333 0 0 0 0 0 0 0.333333 0 0 0 0 0 0 0 0.333333 
CTGTTTTA 0 0 0 0 0 0 0.166667 0 0 0 0 0.166667 0.166667 0 0 0.5 0 0 0 0 0 0 0 0.2 0 0 0 0.2 0.2 0 0 0.4 0 0 0 0 0 0 0 0.25 0 0 0 0.25 0.25 0 0 0.25 0 0 0 0 0 0 0 0.333333 0.333333 0 0 0 0 0 0 0.333333 
GAAAAAGA 0.666667 0 0.166667 0 0 0 0 0 0.166667 0 0 0 0 0 0 0 0.6 0 0.2 0 0 0 0 0 0.2 0 0 0 0 0 0 0 0.5 0 0.25 0 0 0 0 0 0.25 0 0 0 0 0 0 0 0.333333 0 0.333333 0 0 0 0 0 0.333333 0 0 0 0 0 0 0 
GAATAGGA 0.166667 0 0.166667 0.166667 0 0 0 0 0.333333 0 0 0 0 0 0.166667 0 0.4 0 0.2 0 0 0 0 0 0 0 0 0.2 0 0 0.2 0 0 0 0.5 0 0 0 0 0 0.25 0 0 0 0.25 0 0 0 0.333333 0 0.333333 0 0 0 0 0 0 0 0.333333 0 0 0 0 0 
GACCAAAA 0.333333 0.166667 0 0 0.333333 0 0 0 0 0.166667 0 0 0 0 0 0 0.4 0 0 0 0.4 0 0 0 0 0.2 0 0 0 0 0 0 0.25 0 0 0 0.5 0 0 0 0.25 0 0 0 0 0 0 0 0.333333 0 0 0 0.333333 0 0 0 0.333333 0 0 0 0 0 0 0 
GATTCGGA 0 0 0 0.166667 0 0 0.166667 0 0.166667 0 0 0.166667 0 0.166667 0.166667 0 0 0.2 0 0 0.2 0 0 0 0 0 0 0.2 0 0 0.4 0 0 0 0.25 0 0 0 0 0 0 0.25 0 0 0.25 0 0.25 0 0 0 0.333333 0 0 0 0 0 0 0 0.333333 0 0.333333 0 0 0 
GATTGGGA 0 0 0 0.166667 0 0 0 0 0.166667 0 0.166667 0.166667 0 0 0.333333 0 0 0 0.2 0 0 0 0 0 0.2 0 0 0.2 0 0 0.4 0 0 0 0.25 0 0 0 0 0 0 0 0.25 0 0.25 0 0.25 0 0 0 0.333333 0 0 0 0 0 0 0 0.333333 0 0.333333 0 0 0 
GCCCAAAA 0.333333 0 0 0 0.333333 0.166667 0 0 0 0.166667 0 0 0 0 0 0 0.2 0 0 0 0.6 0 0 0 0 0.2 0 0 0 0 0 0 0 0 0 0 0.75 0 0 0 0.25 0 0 0 0 0 0 0 0 0 0 0 0.666667 0 0 0 0.333333 0 0 0 0 0 0 0 
GCCGAAAA 0.333333 0 0 0 0.166667 0 0.166667 0 0.166667 0.166667 0 0 0 0 0 0 0.2 0 0 0 0.4 0 0 0 0.2 0 0.2 0 0 0 0 0 0 0 0 0 0.5 0 0 0 0.5 0 0 0 0 0 0 0 0 0 0 0 0.666667 0 0 0 0.333333 0 0 0 0 0 0 0 
GCCGTATA 0.166667 0 0 0 0 0 0.166667 0.166667 0.166667 0.166667 0 0 0 0 0 0.166667 0 0 0 0 0.2 0 0 0.2 0 0 0.2 0.2 0.2 0 0 0 0 0 0 0 0.25 0 0 0.25 0.25 0 0 0.25 0 0 0 0 0 0 0 0 0.333333 0 0 0.333333 0.333333 0 0 0 0 0 0 0 
GGGGGAAA 0.166667 0 0 0 0 0 0 0 0.333333 0 0.5 0 0 0 0 0 0 0 0 0 0 0 0 0 0.6 0 0.4 0 0 0 0 0 0 0 0 0 0 0 0 0 0.75 0 0.25 0 0 0 0 0 0 0 0 0 0 0 0 0 1 0 0 0 0 0 0 0 
GTTCCCAA 0 0 0 0 0.333333 0.166667 0 0 0 0 0 0.166667 0 0.333333 0 0 0 0 0 0 0.4 0 0 0 0 0.2 0 0 0 0.4 0 0 0 0 0 0 0.25 0 0 0 0 0.25 0 0 0.25 0.25 0 0 0 0 0 0 0 0 0 0 0 0.333333 0 0 0.666667 0 0 0 
TACCAAAA 0.333333 0.166667 0 0 0.333333 0 0 0 0 0 0 0 0 0.166667 0 0 0.4 0 0 0 0.4 0 0 0 0 0 0 0 0 0.2 0 0 0.25 0 0 0 0.5 0 0 0 0 0 0 0 0.25 0 0 0 0.333333 0 0 0 0.333333 0 0 0 0 0 0 0 0.333333 0 0 0 
TACCCAAA 0.166667 0.166667 0 0 0.333333 0.166667 0 0 0 0 0 0 0 0.166667 0 0 0 0.2 0 0 0.6 0 0 0 0 0 0 0 0 0.2 0 0 0.25 0 0 0 0.5 0 0 0 0 0 0 0 0 0.25 0 0 0.333333 0 0 0 0.333333 0 0 0 0 0 0 0 0.333333 0 0 0 
TCACCCAA 0 0.166667 0 0 0.333333 0.333333 0 0 0 0 0 0 0.166667 0 0 0 0 0.2 0 0 0.4 0.2 0 0 0 0 0 0 0 0.2 0 0 0.25 0 0 0 0.25 0.25 0 0 0 0 0 0 0 0.25 0 0 0.333333 0 0 0 0.333333 0 0 0 0 0 0 0 0 0.333333 0 0 
TCCACAAA 0.333333 0 0 0 0.333333 0.166667 0 0 0 0 0 0 0 0.166667 0 0 0.2 0 0 0 0.4 0.2 0 0 0 0 0 0 0.2 0 0 0 0.25 0 0 0 0.5 0 0 0 0 0 0 0 0 0.25 0 0 0 0 0 0 0.666667 0 0 0 0 0 0 0 0.333333 0 0 0 
TCCCAAAA 0.333333 0 0 0 0.333333 0.166667 0 0 0 0 0 0 0 0.166667 0 0 0.2 0 0 0 0.6 0 0 0 0 0 0 0 0 0.2 0 0 0 0 0 0 0.75 0 0 0 0 0 0 0 0.25 0 0 0 0 0 0 0 0.666667 0 0 0 0 0 0 0 0.333333 0 0 0 
TCCCCAAA 0.166667 0 0 0 0.333333 0.333333 0 0 0 0 0 0 0 0.166667 0 0 0 0 0 0 0.6 0.2 0 0 0 0 0 0 0 0.2 0 0 0 0 0 0 0.75 0 0 0 0 0 0 0 0 0.25 0 0 0 0 0 0 0.666667 0 0 0 0 0 0 0 0.333333 0 0 0 
TCCCTAAA 0.166667 0 0 0 0.166667 0.166667 0 0.166667 0 0 0 0 0.166667 0.166667 0 0 0 0 0 0 0.4 0 0 0.2 0 0 0 0 0.2 0.2 0 0 0 0 0 0 0.75 0 0 0 0 0 0 0 0 0 0 0.25 0 0 0 0 0.666667 0 0 0 0 0 0 0 0.333333 0 0 0 
TCCGGAAA 0.166667 0 0 0 0 0 0.333333 0 0.333333 0 0 0 0 0.166667 0 0 0 0 0 0 0.2 0 0.2 0 0.4 0 0 0 0 0 0.2 0 0 0 0 0 0.5 0 0 0 0.25 0 0 0 0 0 0.25 0 0 0 0 0 0.666667 0 0 0 0 0 0 0 0.333333 0 0 0 
TCCTAAAA 0.333333 0 0 0 0.166667 0 0 0.166667 0 0 0 0 0.166667 0.166667 0 0 0.2 0 0 0 0.4 0 0 0 0 0 0 0 0.2 0 0 0.2 0 0 0 0 0.5 0 0 0 0 0 0 0 0.5 0 0 0 0 0 0 0 0.666667 0 0 0 0 0 0 0 0.333333 0 0 0 
TGTCCGAA 0 0 0 0 0.166667 0 0.166667 0 0.166667 0.166667 0 0 0 0.166667 0 0.166667 0 0 0 0 0.4 0 0 0 0 0.2 0 0 0 0.2 0.2 0 0 0 0 0 0.25 0 0 0 0 0 0.25 0 0.25 0.25 0 0 0 0 0 0 0 0 0 0 0.333333 0 0 0 0.333333 0 0.333333 0 
TTAGGAAA 0.166667 0 0.166667 0 0 0 0 0 0.333333 0 0 0 0.166667 0 0.166667 0 0.2 0 0 0 0 0 0 0 0.4 0 0 0 0 0 0.4 0 0.25 0 0 0 0 0 0 0 0.25 0 0 0 0.25 0 0.25 0 0.333333 0 0 0 0 0 0 0 0 0 0 0 0.666667 0 0 0 
TTAGGGAA 0 0 0.166667 0 0 0 0 0 0.333333 0 0.166667 0 0.166667 0 0.166667 0 0 0 0.2 0 0 0 0 0 0.4 0 0 0 0 0 0.4 0 0.25 0 0 0 0 0 0 0 0.25 0 0 0 0 0 0.5 0 0.333333 0 0 0 0 0 0 0 0 0 0 0 0.333333 0 0.333333 0 
TTCCAAAA 0.333333 0 0 0 0.333333 0 0 0 0 0 0 0 0 0.333333 0 0 0.2 0 0 0 0.4 0 0 0 0 0 0 0 0.2 0.2 0 0 0 0 0 0 0.5 0 0 0 0 0 0 0 0.5 0 0 0 0 0 0 0 0.333333 0 0 0 0 0 0 0 0.666667 0 0 0 
TTCCCAAA 0.166667 0 0 0 0.333333 0.166667 0 0 0 0 0 0 0 0.333333 0 0 0 0 0 0 0.6 0 0 0 0 0 0 0 0 0.4 0 0 0 0 0 0 0.5 0 0 0 0 0 0 0 0.25 0.25 0 0 0 0 0 0 0.333333 0 0 0 0 0 0 0 0.666667 0 0 0 
TTCCCGAA 0 0 0 0 0.166667 0.166667 0.166667 0 0.166667 0 0 0 0 0.333333 0 0 0 0 0 0 0.4 0 0.2 0 0 0 0 0 0 0.4 0 0 0 0 0 0 0.5 0 0 0 0 0 0 0 0 0.25 0.25 0 0 0 0 0 0.333333 0 0 0 0 0 0 0 0.333333 0 0.333333 0 
TTCCGGAA 0 0 0 0 0 0 0.333333 0 0.333333 0 0 0 0 0.333333 0 0 0 0 0 0 0.2 0 0.2 0 0.2 0 0 0 0 0.2 0.2 0 0 0 0 0 0.5 0 0 0 0 0 0 0 0 0 0.5 0 0 0 0 0 0.333333 0 0 0 0 0 0 0 0.333333 0 0.333333 0 
TTCCTAAA 0.166667 0 0 0 0.166667 0 0 0.166667 0 0 0 0 0.166667 0.333333 0 0 0 0 0 0 0.4 0 0 0 0 0 0 0 0.2 0.2 0 0.2 0 0 0 0 0.5 0 0 0 0 0 0 0 0.25 0 0 0.25 0 0 0 0 0.333333 0 0 0 0 0 0 0 0.666667 0 0 0 
TTGGGAAA 0.166667 0 0 0 0 0 0 0 0.333333 0 0.166667 0 0 0 0.333333 0 0 0 0 0 0 0 0 0 0.6 0 0 0 0 0 0.4 0 0 0 0 0 0 0 0 0 0.5 0 0 0 0.25 0 0.25 0 0 0 0 0 0 0 0 0 0.333333 0 0 0 0.666667 0 0 0 
TTTCAAAA 0.333333 0 0 0 0.166667 0 0 0 0 0 0 0 0.166667 0.166667 0 0.166667 0.2 0 0 0 0.2 0 0 0 0 0 0 0 0.4 0.2 0 0 0 0 0 0 0.25 0 0 0 0 0 0 0 0.75 0 0 0 0 0 0 0 0 0 0 0 0 0 0 0 1 0 0 0 
AAAAATAG 0.666667 0 0 0.166667 0 0 0 0 0 0 0 0 0 0 0.166667 0 0.6 0 0.2 0.2 0 0 0 0 0 0 0 0 0 0 0 0 0.5 0 0.25 0.25 0 0 0 0 0 0 0 0 0 0 0 0 0.333333 0 0.333333 0.333333 0 0 0 0 0 0 0 0 0 0 0 0 
AAAATAGA 0.666667 0 0 0.166667 0 0 0 0 0 0 0 0 0 0 0.166667 0 0.4 0 0.2 0.2 0 0 0 0 0 0 0 0 0.2 0 0 0 0.5 0 0.25 0.25 0 0 0 0 0 0 0 0 0 0 0 0 0.666667 0 0.333333 0 0 0 0 0 0 0 0 0 0 0 0 0 
AAACCCGA 0.166667 0.333333 0 0 0.166667 0.166667 0.166667 0 0 0 0 0 0 0 0 0 0 0.6 0 0 0.2 0 0.2 0 0 0 0 0 0 0 0 0 0 0.5 0.25 0 0.25 0 0 0 0 0 0 0 0 0 0 0 0.333333 0.333333 0.333333 0 0 0 0 0 0 0 0 0 0 0 0 0 
AAATATAA 0.5 0 0 0.166667 0 0 0 0 0 0 0 0 0.166667 0 0 0.166667 0.4 0 0 0.4 0 0 0 0 0 0 0 0 0.2 0 0 0 0.5 0 0 0.25 0 0 0 0 0 0 0 0 0.25 0 0 0 0.666667 0 0 0.333333 0 0 0 0 0 0 0 0 0 0 0 0 
AAATTAAT 0.166667 0 0 0.5 0 0 0 0 0 0 0 0 0.333333 0 0 0 0.2 0 0 0.4 0 0 0 0 0 0 0 0 0.2 0 0 0.2 0.5 0 0 0.25 0 0 0 0 0 0 0 0 0 0 0 0.25 0.666667 0 0 0.333333 0 0 0 0 0 0 0 0 0 0 0 0 
AAATTAGA 0.333333 0 0 0.333333 0 0 0 0 0 0 0 0 0.166667 0 0.166667 0 0.2 0 0 0.4 0 0 0 0 0 0 0 0 0.2 0 0.2 0 0.25 0 0.25 0.25 0 0 0 0 0 0 0 0 0.25 0 0 0 0.666667 0 0.333333 0 0 0 0 0 0 0 0 0 0 0 0 0 
AATAAAAT 0.5 0 0 0.333333 0 0 0 0 0 0 0 0 0.166667 0 0 0 0.6 0 0 0.2 0 0 0 0 0 0 0 0 0.2 0 0 0 0.5 0 0 0.25 0 0 0 0 0 0 0 0 0.25 0 0 0 0.666667 0 0 0 0 0 0 0 0 0 0 0 0 0 0 0.333333 
AATAAATA 0.5 0 0 0.333333 0 0 0 0 0 0 0 0 0.166667 0 0 0 0.6 0 0 0.2 0 0 0 0 0 0 0 0 0.2 0 0 0 0.75 0 0 0 0 0 0 0 0 0 0 0 0 0 0 0.25 0.333333 0 0 0.333333 0 0 0 0 0 0 0 0 0.333333 0 0 0 
AATAAATT 0.333333 0 0 0.5 0 0 0 0 0 0 0 0 0.166667 0 0 0 0.4 0 0 0.4 0 0 0 0 0 0 0 0 0.2 0 0 0 0.5 0 0 0.25 0 0 0 0 0 0 0 0 0 0 0 0.25 0.333333 0 0 0.333333 0 0 0 0 0 0 0 0 0 0 0 0.333333 
AATAATTA 0.166667 0 0 0.5 0 0 0 0 0 0 0 0 0.333333 0 0 0 0.6 0 0 0.2 0 0 0 0 0 0 0 0 0 0 0 0.2 0.5 0 0 0.25 0 0 0 0 0 0 0 0 0 0 0 0.25 0 0 0 0.666667 0 0 0 0 0 0 0 0 0.333333 0 0 0 
AATATAAA 0.5 0 0 0.166667 0 0 0 0 0 0 0 0 0.166667 0 0 0.166667 0.4 0 0 0.2 0 0 0 0 0 0 0 0 0.4 0 0 0 0.5 0 0 0.25 0 0 0 0 0 0 0 0 0.25 0 0 0 0.666667 0 0 0 0 0 0 0 0 0 0 0 0.333333 0 0 0 
AATATAAC 0.333333 0.166667 0 0.166667 0 0 0 0 0 0 0 0 0.166667 0 0 0.166667 0.4 0 0 0.2 0 0 0 0 0 0 0 0 0.2 0.2 0 0 0.25 0.25 0 0.25 0 0 0 0 0 0 0 0 0.25 0 0 0 0.666667 0 0 0 0 0 0 0 0 0 0 0 0 0.333333 0 0 
AATATAAG 0.333333 0 0.166667 0.166667 0 0 0 0 0 0 0 0 0.166667 0 0 0.166667 0.4 0 0 0.2 0 0 0 0 0 0 0 0 0.2 0 0.2 0 0.25 0 0.25 0.25 0 0 0 0 0 0 0 0 0.25 0 0 0 0.666667 0 0 0 0 0 0 0 0 0 0 0 0 0 0.333333 0 
AATATATT 0.333333 0 0 0.333333 0 0 0 0 0 0 0 0 0 0 0 0.333333 0.2 0 0 0.4 0 0 0 0 0 0 0 0 0.2 0 0 0.2 0.25 0 0 0.5 0 0 0 0 0 0 0 0 0 0 0 0.25 0.333333 0 0 0.333333 0 0 0 0 0 0 0 0 0 0 0 0.333333 
AATATTAA 0.166667 0 0 0.333333 0 0 0 0 0 0 0 0 0.333333 0 0 0.166667 0.4 0 0 0.2 0 0 0 0 0 0 0 0 0.2 0 0 0.2 0.25 0 0 0.5 0 0 0 0 0 0 0 0 0.25 0 0 0 0.333333 0 0 0.333333 0 0 0 0 0 0 0 0 0.333333 0 0 0 
AATTAATA 0.166667 0 0 0.5 0 0 0 0 0 0 0 0 0.333333 0 0 0 0.4 0 0 0.2 0 0 0 0 0 0 0 0 0.2 0 0 0.2 0.5 0 0 0 0 0 0 0 0 0 0 0 0.25 0 0 0.25 0.333333 0 0 0.333333 0 0 0 0 0 0 0 0 0.333333 0 0 0 
AATTAATT 0 0 0 0.666667 0 0 0 0 0 0 0 0 0.333333 0 0 0 0.2 0 0 0.4 0 0 0 0 0 0 0 0 0.2 0 0 0.2 0.5 0 0 0 0 0 0 0 0 0 0 0 0 0 0 0.5 0.333333 0 0 0.333333 0 0 0 0 0 0 0 0 0 0 0 0.333333 
AATTTAAA 0.166667 0 0 0.333333 0 0 0 0 0 0 0 0 0.333333 0 0 0.166667 0 0 0 0.4 0 0 0 0 0 0 0 0 0.6 0 0 0 0.25 0 0 0.25 0 0 0 0 0 0 0 0 0.5 0 0 0 0.666667 0 0 0 0 0 0 0 0 0 0 0 0.333333 0 0 0 
AATTTAAT 0 0 0 0.5 0 0 0 0 0 0 0 0 0.333333 0 0 0.166667 0 0 0 0.4 0 0 0 0 0 0 0 0 0.4 0 0 0.2 0.25 0 0 0.25 0 0 0 0 0 0 0 0 0.25 0 0 0.25 0.666667 0 0 0 0 0 0 0 0 0 0 0 0 0 0 0.333333 
ACCCCGCC 0 0.166667 0 0 0 0.5 0.166667 0 0 0.166667 0 0 0 0 0 0 0 0.2 0 0 0 0.6 0.2 0 0 0 0 0 0 0 0 0 0 0.25 0 0 0 0.5 0.25 0 0 0 0 0 0 0 0 0 0 0 0.333333 0 0 0.666667 0 0 0 0 0 0 0 0 0 0 
ACTAATTA 0 0 0 0.5 0.166667 0 0 0 0 0 0 0 0.333333 0 0 0 0.4 0 0 0.2 0.2 0 0 0 0 0 0 0 0 0 0 0.2 0.5 0 0 0 0 0 0 0.25 0 0 0 0 0 0 0 0.25 0 0 0 0.333333 0 0 0 0.333333 0 0 0 0 0.333333 0 0 0 
AGTAATTA 0 0 0 0.5 0 0 0 0 0.166667 0 0 0 0.333333 0 0 0 0.4 0 0 0.2 0 0 0 0 0.2 0 0 0 0 0 0 0.2 0.5 0 0 0 0 0 0 0 0 0 0 0.25 0 0 0 0.25 0 0 0 0.333333 0 0 0 0 0 0 0 0.333333 0.333333 0 0 0 
ATAAATTA 0.333333 0 0 0.333333 0 0 0 0 0 0 0 0 0.333333 0 0 0 0.4 0 0 0.4 0 0 0 0 0 0 0 0 0.2 0 0 0 0.5 0 0 0.25 0 0 0 0 0 0 0 0 0 0 0 0.25 0.333333 0 0 0.333333 0 0 0 0 0 0 0 0 0 0 0 0.333333 
ATAATTAA 0.166667 0 0 0.333333 0 0 0 0 0 0 0 0 0.5 0 0 0 0.4 0 0 0.2 0 0 0 0 0 0 0 0 0.2 0 0 0.2 0.5 0 0 0.25 0 0 0 0 0 0 0 0 0 0 0 0.25 0.333333 0 0 0.333333 0 0 0 0 0 0 0 0 0.333333 0 0 0 
ATAATTAC 0.166667 0 0 0.333333 0 0 0 0 0 0 0 0 0.333333 0.166667 0 0 0.4 0 0 0.2 0 0 0 0 0 0 0 0 0 0.2 0 0.2 0.25 0.25 0 0.25 0 0 0 0 0 0 0 0 0 0 0 0.25 0 0.333333 0 0.333333 0 0 0 0 0 0 0 0 0.333333 0 0 0 
ATAATTAG 0.166667 0 0 0.333333 0 0 0 0 0 0 0 0 0.333333 0 0.166667 0 0.4 0 0 0.2 0 0 0 0 0 0 0 0 0 0 0.2 0.2 0.25 0 0.25 0.25 0 0 0 0 0 0 0 0 0 0 0 0.25 0 0 0.333333 0.333333 0 0 0 0 0 0 0 0 0.333333 0 0 0 
ATAATTTA 0.166667 0 0 0.333333 0 0 0 0 0 0 0 0 0.333333 0 0 0.166667 0.2 0 0 0.4 0 0 0 0 0 0 0 0 0.2 0 0 0.2 0.25 0 0 0.5 0 0 0 0 0 0 0 0 0 0 0 0.25 0.333333 0 0 0.333333 0 0 0 0 0 0 0 0 0 0 0 0.333333 
ATAGATTA 0.333333 0 0 0.166667 0 0 0 0 0 0 0 0.166667 0.166667 0 0.166667 0 0.2 0 0.2 0.2 0 0 0 0 0 0 0 0.2 0.2 0 0 0 0.25 0 0 0.25 0 0 0 0 0.25 0 0 0 0 0 0 0.25 0.333333 0 0 0.333333 0 0 0 0 0 0 0 0 0 0 0 0.333333 
ATATATTA 0.333333 0 0 0.166667 0 0 0 0 0 0 0 0 0.166667 0 0 0.333333 0.2 0 0 0.4 0 0 0 0 0 0 0 0 0.2 0 0 0.2 0.25 0 0 0.25 0 0 0 0 0 0 0 0 0.25 0 0 0.25 0.333333 0 0 0.333333 0 0 0 0 0 0 0 0 0 0 0 0.333333 
ATATTAAG 0.166667 0 0.166667 0.166667 0 0 0 0 0 0 0 0 0.333333 0 0 0.166667 0.2 0 0 0.2 0 0 0 0 0 0 0 0 0.2 0 0.2 0.2 0.25 0 0 0.25 0 0 0 0 0 0 0 0 0.25 0 0.25 0 0.333333 0 0.333333 0 0 0 0 0 0 0 0 0 0.333333 0 0 0 
ATATTAAT 0.166667 0 0 0.333333 0 0 0 0 0 0 0 0 0.333333 0 0 0.166667 0.2 0 0 0.2 0 0 0 0 0 0 0 0 0.2 0 0 0.4 0.25 0 0 0.25 0 0 0 0 0 0 0 0 0.25 0 0 0.25 0.333333 0 0 0.333333 0 0 0 0 0 0 0 0 0.333333 0 0 0 
ATTAATAA 0.166667 0 0 0.333333 0 0 0 0 0 0 0 0 0.5 0 0 0 0.6 0 0 0 0 0 0 0 0 0 0 0 0.2 0 0 0.2 0.5 0 0 0 0 0 0 0 0 0 0 0 0.25 0 0 0.25 0 0 0 0.333333 0 0 0 0 0 0 0 0 0.666667 0 0 0 
ATTAATAG 0.166667 0 0 0.333333 0 0 0 0 0 0 0 0 0.333333 0 0.166667 0 0.4 0 0.2 0 0 0 0 0 0 0 0 0 0.2 0 0 0.2 0.25 0 0.25 0 0 0 0 0 0 0 0 0 0.25 0 0 0.25 0 0 0 0.333333 0 0 0 0 0 0 0 0 0.333333 0 0.333333 0 
ATTAATGA 0 0 0.166667 0.333333 0 0 0 0 0 0 0 0 0.5 0 0 0 0.4 0 0.2 0 0 0 0 0 0 0 0 0 0.2 0 0 0.2 0.5 0 0 0 0 0 0 0 0 0 0 0 0 0 0.25 0.25 0 0 0 0.333333 0 0 0 0 0 0 0 0 0.333333 0 0.333333 0 
ATTAATTA 0 0 0 0.5 0 0 0 0 0 0 0 0 0.5 0 0 0 0.4 0 0 0.2 0 0 0 0 0 0 0 0 0.2 0 0 0.2 0.5 0 0 0 0 0 0 0 0 0 0 0 0 0 0 0.5 0 0 0 0.333333 0 0 0 0 0 0 0 0 0.333333 0 0 0.333333 
ATTAATTC 0 0 0 0.5 0 0 0 0 0 0 0 0 0.333333 0.166667 0 0 0.2 0.2 0 0.2 0 0 0 0 0 0 0 0 0.2 0 0 0.2 0.25 0.25 0 0 0 0 0 0 0 0 0 0 0 0 0 0.5 0 0 0 0.333333 0 0 0 0 0 0 0 0 0 0.333333 0 0.333333 
ATTAGATG 0.166667 0 0.166667 0.166667 0 0 0 0 0 0 0 0.166667 0.166667 0 0.166667 0 0.2 0 0 0.2 0 0 0 0 0 0 0.2 0 0.2 0 0.2 0 0 0 0.5 0 0 0 0 0 0 0 0 0 0.25 0 0 0.25 0.333333 0 0 0 0 0 0 0 0 0 0 0 0 0 0.333333 0.333333 
ATTTAATA 0.166667 0 0 0.333333 0 0 0 0 0 0 0 0 0.333333 0 0 0.166667 0.2 0 0 0.2 0 0 0 0 0 0 0 0 0.4 0 0 0.2 0.25 0 0 0 0 0 0 0 0 0 0 0 0.5 0 0 0.25 0.333333 0 0 0 0 0 0 0 0 0 0 0 0.333333 0 0 0.333333 
ATTTATTA 0 0 0 0.333333 0 0 0 0 0 0 0 0 0.333333 0 0 0.333333 0.2 0 0 0.2 0 0 0 0 0 0 0 0 0.2 0 0 0.4 0.25 0 0 0 0 0 0 0 0 0 0 0 0.25 0 0 0.5 0 0 0 0.333333 0 0 0 0 0 0 0 0 0.333333 0 0 0.333333 
ATTTTAAA 0.166667 0 0 0.166667 0 0 0 0 0 0 0 0 0.333333 0 0 0.333333 0 0 0 0.2 0 0 0 0 0 0 0 0 0.6 0 0 0.2 0 0 0 0.25 0 0 0 0 0 0 0 0 0.75 0 0 0 0.333333 0 0 0 0 0 0 0 0 0 0 0 0.666667 0 0 0 
CAAAAATA 0.666667 0 0 0.166667 0.166667 0 0 0 0 0 0 0 0 0 0 0 0.6 0 0 0.2 0.2 0 0 0 0 0 0 0 0 0 0 0 0.5 0 0 0.25 0.25 0 0 0 0 0 0 0 0 0 0 0 0.333333 0 0 0.333333 0.333333 0 0 0 0 0 0 0 0 0 0 0 
CAATATAA 0.333333 0 0 0.166667 0.166667 0 0 0 0 0 0 0 0.166667 0 0 0.166667 0.4 0 0 0.2 0 0 0 0.2 0 0 0 0 0.2 0 0 0 0.25 0 0 0.25 0.25 0 0 0 0 0 0 0 0.25 0 0 0 0.666667 0 0 0 0 0 0 0.333333 0 0 0 0 0 0 0 0 
CCAAAATA 0.5 0 0 0.166667 0.333333 0 0 0 0 0 0 0 0 0 0 0 0.4 0 0 0.2 0.4 0 0 0 0 0 0 0 0 0 0 0 0.25 0 0 0.25 0.5 0 0 0 0 0 0 0 0 0 0 0 0.333333 0 0 0 0.333333 0 0 0.333333 0 0 0 0 0 0 0 0 
CCCACCCG 0 0.166667 0 0 0.166667 0.5 0.166667 0 0 0 0 0 0 0 0 0 0 0.2 0 0 0.2 0.4 0.2 0 0 0 0 0 0 0 0 0 0 0 0.25 0 0 0.75 0 0 0 0 0 0 0 0 0 0 0 0 0 0 0 0.666667 0.333333 0 0 0 0 0 0 0 0 0 
CCCCACCC 0 0.166667 0 0 0.166667 0.666667 0 0 0 0 0 0 0 0 0 0 0 0.2 0 0 0.2 0.6 0 0 0 0 0 0 0 0 0 0 0 0 0 0 0.25 0.75 0 0 0 0 0 0 0 0 0 0 0 0 0 0 0 1 0 0 0 0 0 0 0 0 0 0 
CCCCCCTC 0 0 0 0 0 0.833333 0 0.166667 0 0 0 0 0 0 0 0 0 0 0 0 0 0.8 0 0.2 0 0 0 0 0 0 0 0 0 0 0 0 0 0.75 0 0.25 0 0 0 0 0 0 0 0 0 0 0 0 0 0.666667 0 0.333333 0 0 0 0 0 0 0 0 
CCCCGCCC 0 0 0 0 0 0.666667 0.166667 0 0 0.166667 0 0 0 0 0 0 0 0 0 0 0 0.6 0.2 0 0 0.2 0 0 0 0 0 0 0 0 0 0 0 0.75 0.25 0 0 0 0 0 0 0 0 0 0 0 0 0 0 1 0 0 0 0 0 0 0 0 0 0 
CCCGCCCC 0 0 0 0 0 0.666667 0.166667 0 0 0.166667 0 0 0 0 0 0 0 0 0 0 0 0.6 0.2 0 0 0.2 0 0 0 0 0 0 0 0 0 0 0 0.75 0 0 0 0.25 0 0 0 0 0 0 0 0 0 0 0 1 0 0 0 0 0 0 0 0 0 0 
CCCGCCCG 0 0 0 0 0 0.5 0.333333 0 0 0.166667 0 0 0 0 0 0 0 0 0 0 0 0.4 0.4 0 0 0.2 0 0 0 0 0 0 0 0 0 0 0 0.75 0 0 0 0 0.25 0 0 0 0 0 0 0 0 0 0 0.666667 0.333333 0 0 0 0 0 0 0 0 0 
CGGAAATA 0.333333 0 0 0.166667 0 0 0.166667 0 0.333333 0 0 0 0 0 0 0 0.2 0 0 0.2 0.2 0 0 0 0.4 0 0 0 0 0 0 0 0.25 0 0 0 0.25 0 0 0 0.25 0 0 0.25 0 0 0 0 0 0 0 0 0.333333 0 0 0 0.333333 0 0 0.333333 0 0 0 0 
CTAATATA 0.333333 0 0 0.166667 0.166667 0 0 0 0 0 0 0 0.166667 0 0 0.166667 0.2 0 0 0.2 0.2 0 0 0 0 0 0 0 0.2 0 0 0.2 0.25 0 0 0.25 0 0 0 0.25 0 0 0 0 0.25 0 0 0 0.333333 0 0 0 0.333333 0 0 0 0 0 0 0 0 0 0 0.333333 
CTAATTAA 0 0 0 0.333333 0.166667 0 0 0 0 0 0 0 0.5 0 0 0 0.2 0 0 0.2 0.2 0 0 0 0 0 0 0 0.2 0 0 0.2 0.5 0 0 0 0 0 0 0.25 0 0 0 0 0 0 0 0.25 0.333333 0 0 0 0 0 0 0.333333 0 0 0 0 0.333333 0 0 0 
CTAATTTA 0 0 0 0.333333 0.166667 0 0 0 0 0 0 0 0.333333 0 0 0.166667 0 0 0 0.4 0.2 0 0 0 0 0 0 0 0.2 0 0 0.2 0.25 0 0 0.25 0 0 0 0.25 0 0 0 0 0 0 0 0.25 0.333333 0 0 0 0 0 0 0.333333 0 0 0 0 0 0 0 0.333333 
CTATTTTA 0 0 0 0.166667 0.166667 0 0 0 0 0 0 0 0.166667 0 0 0.5 0 0 0 0.2 0 0 0 0.2 0 0 0 0 0.2 0 0 0.4 0 0 0 0.25 0 0 0 0.25 0 0 0 0 0.25 0 0 0.25 0.333333 0 0 0 0 0 0 0.333333 0 0 0 0 0 0 0 0.333333 
CTTAATAA 0.166667 0 0 0.166667 0 0 0 0.166667 0 0 0 0 0.5 0 0 0 0.4 0 0 0 0.2 0 0 0 0 0 0 0 0.2 0 0 0.2 0.25 0 0 0 0.25 0 0 0 0 0 0 0 0.25 0 0 0.25 0 0 0 0 0 0 0 0.333333 0 0 0 0 0.666667 0 0 0 
GGGCGGGA 0 0 0 0 0 0 0.166667 0 0.166667 0.166667 0.5 0 0 0 0 0 0 0 0 0 0 0 0.2 0 0.2 0.2 0.4 0 0 0 0 0 0 0 0 0 0.25 0 0 0 0 0 0.75 0 0 0 0 0 0 0 0 0 0 0 0 0 0.333333 0 0.666667 0 0 0 0 0 
GGGGGAGA 0.166667 0 0 0 0 0 0 0 0.166667 0 0.666667 0 0 0 0 0 0 0 0 0 0 0 0 0 0.4 0 0.6 0 0 0 0 0 0 0 0 0 0 0 0 0 0.5 0 0.5 0 0 0 0 0 0 0 0 0 0 0 0 0 0.666667 0 0.333333 0 0 0 0 0 
GTAATAAA 0.333333 0 0 0.166667 0 0 0 0 0.166667 0 0 0 0.333333 0 0 0 0.4 0 0 0 0 0 0 0 0.2 0 0 0 0.2 0 0 0.2 0.5 0 0 0 0 0 0 0 0 0 0 0.25 0.25 0 0 0 0.333333 0 0 0 0 0 0 0 0.333333 0 0 0 0.333333 0 0 0 
GTAATATA 0.333333 0 0 0.166667 0 0 0 0 0.166667 0 0 0 0.166667 0 0 0.166667 0.2 0 0 0.2 0 0 0 0 0.2 0 0 0 0.2 0 0 0.2 0.25 0 0 0.25 0 0 0 0 0 0 0 0.25 0.25 0 0 0 0.333333 0 0 0 0 0 0 0 0.333333 0 0 0 0 0 0 0.333333 
GTAATTTA 0 0 0 0.333333 0 0 0 0 0.166667 0 0 0 0.333333 0 0 0.166667 0 0 0 0.4 0 0 0 0 0.2 0 0 0 0.2 0 0 0.2 0.25 0 0 0.25 0 0 0 0 0 0 0 0.25 0 0 0 0.25 0.333333 0 0 0 0 0 0 0 0 0 0 0.333333 0 0 0 0.333333 
GTATATTA 0.166667 0 0 0.166667 0 0 0 0 0.166667 0 0 0 0.166667 0 0 0.333333 0.2 0 0 0.2 0 0 0 0 0 0 0 0.2 0.2 0 0 0.2 0 0 0 0.25 0 0 0 0 0.25 0 0 0 0.25 0 0 0.25 0.333333 0 0 0 0 0 0 0 0 0 0 0.333333 0 0 0 0.333333 
GTTAATTA 0 0 0 0.333333 0 0 0 0 0 0 0 0.166667 0.5 0 0 0 0.2 0 0 0.2 0 0 0 0 0.2 0 0 0 0.2 0 0 0.2 0.25 0 0 0 0 0 0 0 0.25 0 0 0 0 0 0 0.5 0 0 0 0 0 0 0 0 0 0 0 0.333333 0.333333 0 0 0.333333 
GTTTATTA 0 0 0 0.166667 0 0 0 0 0 0 0 0.166667 0.333333 0 0 0.333333 0.2 0 0 0 0 0 0 0 0 0 0 0.2 0.2 0 0 0.4 0 0 0 0 0 0 0 0 0.25 0 0 0 0.25 0 0 0.5 0 0 0 0 0 0 0 0 0 0 0 0.333333 0.333333 0 0 0.333333 
TAAATTAA 0.166667 0 0 0.333333 0 0 0 0 0 0 0 0 0.5 0 0 0 0.2 0 0 0.4 0 0 0 0 0 0 0 0 0.4 0 0 0 0.5 0 0 0.25 0 0 0 0 0 0 0 0 0 0 0 0.25 0.666667 0 0 0 0 0 0 0 0 0 0 0 0 0 0 0.333333 
TAATAAAA 0.5 0 0 0.166667 0 0 0 0 0 0 0 0 0.333333 0 0 0 0.6 0 0 0 0 0 0 0 0 0 0 0 0.2 0 0 0.2 0.5 0 0 0 0 0 0 0 0 0 0 0 0.5 0 0 0 0.666667 0 0 0 0 0 0 0 0 0 0 0 0.333333 0 0 0 
TAATAATA 0.333333 0 0 0.333333 0 0 0 0 0 0 0 0 0.333333 0 0 0 0.6 0 0 0 0 0 0 0 0 0 0 0 0 0 0 0.4 0.25 0 0 0.25 0 0 0 0 0 0 0 0 0.5 0 0 0 0.333333 0 0 0.333333 0 0 0 0 0 0 0 0 0.333333 0 0 0 
TAATATAA 0.333333 0 0 0.166667 0 0 0 0 0 0 0 0 0.333333 0 0 0.166667 0.4 0 0 0.2 0 0 0 0 0 0 0 0 0.2 0 0 0.2 0.25 0 0 0.25 0 0 0 0 0 0 0 0 0.5 0 0 0 0.666667 0 0 0 0 0 0 0 0 0 0 0 0 0 0 0.333333 
TAATATTA 0.166667 0 0 0.333333 0 0 0 0 0 0 0 0 0.333333 0 0 0.166667 0.4 0 0 0.2 0 0 0 0 0 0 0 0 0 0 0 0.4 0 0 0 0.5 0 0 0 0 0 0 0 0 0.5 0 0 0 0.333333 0 0 0.333333 0 0 0 0 0 0 0 0 0 0 0 0.333333 
TAATTAAA 0.166667 0 0 0.333333 0 0 0 0 0 0 0 0 0.5 0 0 0 0.2 0 0 0.2 0 0 0 0 0 0 0 0 0.4 0 0 0.2 0.5 0 0 0 0 0 0 0 0 0 0 0 0.25 0 0 0.25 0.666667 0 0 0 0 0 0 0 0 0 0 0 0.333333 0 0 0 
TAATTATA 0.166667 0 0 0.333333 0 0 0 0 0 0 0 0 0.333333 0 0 0.166667 0.2 0 0 0.2 0 0 0 0 0 0 0 0 0.2 0 0 0.4 0.25 0 0 0.25 0 0 0 0 0 0 0 0 0.25 0 0 0.25 0.333333 0 0 0.333333 0 0 0 0 0 0 0 0 0.333333 0 0 0 
TAATTTAA 0 0 0 0.333333 0 0 0 0 0 0 0 0 0.5 0 0 0.166667 0 0 0 0.4 0 0 0 0 0 0 0 0 0.4 0 0 0.2 0.25 0 0 0.25 0 0 0 0 0 0 0 0 0.25 0 0 0.25 0.666667 0 0 0 0 0 0 0 0 0 0 0 0 0 0 0.333333 
TATATTAA 0.166667 0 0 0.166667 0 0 0 0 0 0 0 0 0.333333 0 0 0.333333 0.2 0 0 0.2 0 0 0 0 0 0 0 0 0.4 0 0 0.2 0.25 0 0 0.25 0 0 0 0 0 0 0 0 0.25 0 0 0.25 0.333333 0 0 0 0 0 0 0 0 0 0 0 0.333333 0 0 0.333333 
TATTAATA 0.166667 0 0 0.333333 0 0 0 0 0 0 0 0 0.333333 0 0 0.166667 0.4 0 0 0 0 0 0 0 0 0 0 0 0.2 0 0 0.4 0.25 0 0 0 0 0 0 0 0 0 0 0 0.5 0 0 0.25 0 0 0 0.333333 0 0 0 0 0 0 0 0 0.666667 0 0 0 
TGTAATAA 0.166667 0 0 0.166667 0 0 0 0 0.166667 0 0 0 0.333333 0 0 0.166667 0.4 0 0 0 0 0 0 0 0.2 0 0 0 0.2 0 0 0.2 0.25 0 0 0 0 0 0 0 0 0 0 0.25 0.5 0 0 0 0 0 0 0 0 0 0 0 0.333333 0 0 0 0.333333 0 0 0.333333 
TTAATAAA 0.333333 0 0 0.166667 0 0 0 0 0 0 0 0 0.5 0 0 0 0.4 0 0 0 0 0 0 0 0 0 0 0 0.4 0 0 0.2 0.5 0 0 0 0 0 0 0 0 0 0 0 0.25 0 0 0.25 0.333333 0 0 0 0 0 0 0 0 0 0 0 0.666667 0 0 0 
TTAATTAA 0 0 0 0.333333 0 0 0 0 0 0 0 0 0.666667 0 0 0 0.2 0 0 0.2 0 0 0 0 0 0 0 0 0.4 0 0 0.2 0.5 0 0 0 0 0 0 0 0 0 0 0 0 0 0 0.5 0.333333 0 0 0 0 0 0 0 0 0 0 0 0.333333 0 0 0.333333 
TTATTAAA 0.166667 0 0 0.166667 0 0 0 0 0 0 0 0 0.5 0 0 0.166667 0.2 0 0 0 0 0 0 0 0 0 0 0 0.4 0 0 0.4 0.25 0 0 0 0 0 0 0 0 0 0 0 0.5 0 0 0.25 0.333333 0 0 0 0 0 0 0 0 0 0 0 0.666667 0 0 0 
