0.356695933
0.355736138
0.394404718
0.41805588
0.379393723
0.35411902
0.39051569
0.380388265
0.378970151
0.400903996
0.365836239
0.403646871
0.377585474
0.387147115
0.381996558
0.364039071
0.37468263
0.378913532
0.385202713
0.365167023
0.351285007
0.355904354
0.392657814
0.403242511
0.370092416
0.398968058
0.364357215
0.388445379
0.353825071
0.366193481
0.411762831
0.364435946
0.360035969
0.403534473
0.390583255
0.355311551
0.360932404
0.357582952
0.376951412
0.379170099
0.382012709
0.365448206
0.385035401
0.352044827
0.357030557
0.353210755
0.355840783
0.406403853
0.363327471
0.350713364
0.354445507
0.363703383
0.371555662
0.353194241
0.415830615
0.35659937
0.359061196
0.380484919
0.372800378
0.357294355
0.385147811
0.430583122
0.388956099
0.358691666
0.37595861
0.387849896
0.363940169
0.407922918
0.36061553
0.426704506
0.425556565
0.355673284
0.365348473
0.373096704
0.419866873
0.378549162
0.377812039
0.389183846
0.361061952
0.360332099
0.360610216
0.379468769
0.368358861
0.352101635
0.362645685
0.376787679
0.36519561
0.372207655
0.376566311
0.384395444
0.377064035
0.356398442
0.387091089
0.395081066
0.377814853
0.396555114
0.385107305
0.44533193
0.363117411
0.437371467
0.351692035
0.369641234
0.358481993
0.354679803
0.368036355
0.368240696
0.364580403
0.360062008
0.385218847
0.396020785
0.395933445
0.350634822
0.37093607
0.38832026
0.375172058
0.353472918
0.394405744
0.370087661
0.387279401
0.363036304
0.364715448
0.357839386
0.355177323
0.396901454
0.39105238
0.360487981
0.378371754
0.37142265
0.450044452
0.360090887
0.381570803
0.361093839
0.377619404
0.393070234
0.357493237
0.368348187
0.389932365
0.367210975
0.424383011
0.461661171
0.393408906
0.436127983
0.383770918
0.408512362
0.35224841
0.367635805
0.396664063
0.359555096
0.360227569
0.352284987
0.378732036
0.37698166
0.432260859
0.390292486
0.384379705
0.385605285
0.402800765
0.39012452
0.380934964
0.387972131
0.397652567
0.43270728
0.376612299
0.403953722
0.360499665
0.439729901
0.359531364
0.378153516
0.350361246
0.351588782
0.375251776
0.382853735
0.408645695
0.353574202
0.363145545
0.377542081
0.353942763
0.373537837
0.431700175
0.37333866
0.353098546
0.378028675
0.354545292
0.385971033
0.397378868
0.356080982
0.412619993
0.396268129
0.364917651
0.358666539
0.36559887
0.446099766
0.352409879
0.374768153
0.389856402
0.367810239
0.353399768
0.421827921
0.366341948
0.417965948
0.384326128
0.394886771
0.37840849
0.371137472
0.358535798
0.354249429
0.359421814
0.400216833
0.398515591
0.360754116
0.351873298
0.369015162
0.358449904
0.394976873
0.39478803
0.427196457
0.356470188
0.38447782
0.374308445
0.355545458
0.384102905
0.362152399
0.367721072
0.360291343
0.373847894
0.397354235
0.358954736
0.377578523
0.354340481
0.411249845
0.387313127
0.424993424
0.411526177
0.359677655
0.424504286
0.382152708
0.411573122
0.393432292
0.425696891
0.366659539
0.392303631
0.446917836
0.361495097
0.378930589
0.42105178
0.359249613
0.35436793
0.375388368
0.367191561
0.369165372
0.373691335
0.355411433
0.396241632
0.424867751
0.358048328
0.449592479
0.426851313
0.368459922
0.368221758
0.355584616
0.356937837
0.383483422
0.413857999
0.402932181
0.399409559
0.364995459
0.36409303
0.351499003
0.423175882
0.369808678
0.390758093
0.416460326
0.362002593
0.36574591
0.436673139
0.359575173
0.38592233
0.365414239
0.380789421
0.350119658
0.384080693
0.363210592
0.403995155
0.388074057
0.367237947
0.376075918
0.40123827
0.366143381
0.360640382
0.350845028
0.42692303
0.378433657
0.398957474
0.361310015
0.350441769
0.366626114
0.359440156
0.381304867
0.398353924
0.384520485
0.393001481
0.366784807
0.355008131
0.390012865
0.408983168
0.352747573
0.430302687
0.440675499
0.390923103
0.418075998
0.436273082
0.404646463
0.397674334
0.353569955
0.452736702
0.428472829
0.392021457
