AAAATATA 0.75 0 0 0.25 0.428571 0 0 0.285714 0 0 0 0 0 0 0 0 0.285714 0 0 0 0.333333 0 0 0.166667 0 0 0 0 0 0 0 0 0.333333 0 0 0 0 0 0 0 0 0 0 0 0 0 0 0 0 0 0 0 0 0 0 0 0 0 0 0 0 0 0 0 0 0 0 0 0 0 0 0.166667 0 0 0 0 0 0 0 0 0 0 0 0 
AAAATTAA 0.75 0 0 0.25 0.571429 0 0 0.142857 0 0 0 0 0 0 0 0 0.142857 0 0 0.142857 0.333333 0 0 0.166667 0 0 0 0 0 0 0 0 0 0 0 0.166667 0 0 0 0 0 0 0 0 0 0 0 0 0 0 0 0 0 0 0 0 0 0 0 0 0 0 0 0 0 0 0 0 0.166667 0 0 0 0 0 0 0 0 0 0 0 0.166667 0 0 0 
AAATAATA 0.75 0 0 0.25 0.428571 0 0 0.285714 0 0 0 0 0 0 0 0 0.285714 0 0 0 0.166667 0 0 0.333333 0 0 0 0 0 0 0 0 0.333333 0 0 0 0 0 0 0 0 0 0 0 0 0 0 0 0 0 0 0 0 0 0 0 0 0 0 0 0 0 0 0 0 0 0 0 0.166667 0 0 0 0 0 0 0 0 0 0 0 0 0 0 0 
AAATATAA 0.75 0 0 0.25 0.428571 0 0 0.285714 0 0 0 0 0 0 0 0 0.285714 0 0 0 0.166667 0 0 0.166667 0 0 0 0 0 0 0 0 0.333333 0 0 0 0 0 0 0 0 0 0 0 0 0 0 0 0 0 0 0 0 0 0 0 0 0 0 0 0 0 0 0 0 0 0 0 0.166667 0 0 0.166667 0 0 0 0 0 0 0 0 0 0 0 0 
AAATATAG 0.625 0 0.125 0.25 0.285714 0 0.142857 0.285714 0 0 0 0 0 0 0 0 0.285714 0 0 0 0.166667 0 0 0.166667 0 0 0 0 0 0 0 0 0.333333 0 0 0 0 0 0 0 0 0 0 0 0 0 0 0 0 0 0 0 0 0 0 0 0 0 0 0 0 0 0 0 0 0 0 0 0 0 0.166667 0.166667 0 0 0 0 0 0 0 0 0 0 0 0 
AAATATAT 0.625 0 0 0.375 0.285714 0 0 0.428571 0 0 0 0 0 0 0 0 0.285714 0 0 0 0.166667 0 0 0.166667 0 0 0 0 0 0 0 0 0.333333 0 0 0 0 0 0 0 0 0 0 0 0 0 0 0 0 0 0 0 0 0 0 0 0 0 0 0 0 0 0 0 0 0 0 0 0 0 0 0.333333 0 0 0 0 0 0 0 0 0 0 0 0 
AAATATTA 0.625 0 0 0.375 0.285714 0 0 0.285714 0 0 0 0 0 0 0 0 0.285714 0 0 0.142857 0.166667 0 0 0.166667 0 0 0 0 0 0 0 0 0.166667 0 0 0.166667 0 0 0 0 0 0 0 0 0 0 0 0 0 0 0 0 0 0 0 0 0 0 0 0 0 0 0 0 0 0 0 0 0 0 0 0.166667 0 0 0 0 0 0 0 0 0.166667 0 0 0 
AAATATTT 0.5 0 0 0.5 0.285714 0 0 0.285714 0 0 0 0 0 0 0 0 0.142857 0 0 0.285714 0.166667 0 0 0.166667 0 0 0 0 0 0 0 0 0.166667 0 0 0.166667 0 0 0 0 0 0 0 0 0 0 0 0 0 0 0 0 0 0 0 0 0 0 0 0 0 0 0 0 0 0 0 0 0 0 0 0.166667 0 0 0 0 0 0 0 0 0 0 0 0.166667 
AAATTAAA 0.75 0 0 0.25 0.571429 0 0 0.142857 0 0 0 0 0 0 0 0 0.142857 0 0 0.142857 0.333333 0 0 0.166667 0 0 0 0 0 0 0 0 0 0 0 0.166667 0 0 0 0 0 0 0 0 0 0 0 0 0 0 0 0 0 0 0 0 0 0 0 0 0 0 0 0 0 0 0 0 0.166667 0 0 0 0 0 0 0 0 0 0 0 0.166667 0 0 0 
AAATTAAT 0.625 0 0 0.375 0.428571 0 0 0.285714 0 0 0 0 0 0 0 0 0.142857 0 0 0.142857 0.166667 0 0 0.333333 0 0 0 0 0 0 0 0 0 0 0 0.166667 0 0 0 0 0 0 0 0 0 0 0 0 0 0 0 0 0 0 0 0 0 0 0 0 0 0 0 0 0 0 0 0 0.166667 0 0 0 0 0 0 0 0 0 0 0 0.166667 0 0 0 
AAATTATA 0.625 0 0 0.375 0.285714 0 0 0.285714 0 0 0 0 0 0 0 0 0.285714 0 0 0.142857 0.166667 0 0 0.166667 0 0 0 0 0 0 0 0 0.166667 0 0 0.166667 0 0 0 0 0 0 0 0 0 0 0 0 0 0 0 0 0 0 0 0 0 0 0 0 0 0 0 0 0 0 0 0 0 0 0 0.166667 0 0 0 0 0 0 0 0 0.166667 0 0 0 
AAATTATG 0.5 0 0.125 0.375 0.285714 0 0 0.285714 0 0 0 0 0 0 0 0 0.142857 0 0.142857 0.142857 0.166667 0 0 0.166667 0 0 0 0 0 0 0 0 0 0 0.166667 0.166667 0 0 0 0 0 0 0 0 0 0 0 0 0 0 0 0 0 0 0 0 0 0 0 0 0 0 0 0 0 0 0 0 0 0 0 0.166667 0 0 0 0 0 0 0 0 0.166667 0 0 0 
AAATTATT 0.5 0 0 0.5 0.285714 0 0 0.285714 0 0 0 0 0 0 0 0 0.142857 0 0 0.285714 0.166667 0 0 0.166667 0 0 0 0 0 0 0 0 0 0 0 0.333333 0 0 0 0 0 0 0 0 0 0 0 0 0 0 0 0 0 0 0 0 0 0 0 0 0 0 0 0 0 0 0 0 0 0 0 0.166667 0 0 0 0 0 0 0 0 0.166667 0 0 0 
AACTATAA 0.625 0.125 0 0.25 0.285714 0.142857 0 0.142857 0 0 0 0.142857 0 0 0 0 0.285714 0 0 0 0 0.166667 0 0 0 0 0 0.166667 0 0 0 0 0.166667 0 0 0 0 0 0 0 0 0 0 0 0 0 0 0 0.166667 0 0 0 0 0 0 0 0 0 0 0 0 0 0 0 0 0 0 0 0.166667 0 0 0.166667 0 0 0 0 0 0 0 0 0 0 0 0 
AACTTATA 0.5 0.125 0 0.375 0.142857 0.142857 0 0.142857 0 0 0 0.142857 0 0 0 0 0.285714 0 0 0.142857 0 0.166667 0 0 0 0 0 0.166667 0 0 0 0 0.166667 0 0 0 0 0 0 0 0 0 0 0 0 0 0 0 0 0 0 0.166667 0 0 0 0 0 0 0 0 0 0 0 0 0 0 0 0 0 0 0 0.166667 0 0 0 0 0 0 0 0 0.166667 0 0 0 
AACTTTAA 0.5 0.125 0 0.375 0.285714 0.142857 0 0 0 0 0 0.142857 0 0 0 0 0.142857 0 0 0.285714 0 0.166667 0 0 0 0 0 0.166667 0 0 0 0 0 0 0 0 0 0 0 0 0 0 0 0 0 0 0 0 0 0 0 0.166667 0 0 0 0 0 0 0 0 0 0 0 0 0 0 0 0 0.166667 0 0 0 0 0 0 0 0 0 0 0 0.166667 0 0 0.166667 
AAGATATA 0.625 0 0.125 0.25 0.142857 0 0.142857 0.285714 0 0 0 0 0.142857 0 0 0 0.285714 0 0 0 0 0 0.166667 0 0 0 0 0 0.166667 0 0 0 0.333333 0 0 0 0 0 0 0 0 0 0 0 0 0 0 0 0 0 0 0 0 0 0 0.166667 0 0 0 0 0 0 0 0 0 0 0 0 0 0 0 0.166667 0 0 0 0 0 0 0 0 0 0 0 0 
AAGTATAA 0.625 0 0.125 0.25 0.285714 0 0.142857 0.142857 0 0 0 0 0 0 0 0.142857 0.285714 0 0 0 0 0 0.166667 0 0 0 0 0 0 0 0 0.166667 0.166667 0 0 0 0 0 0 0 0 0 0 0 0 0 0 0 0 0 0 0 0 0 0 0 0 0 0 0 0 0 0 0 0.166667 0 0 0 0.166667 0 0 0.166667 0 0 0 0 0 0 0 0 0 0 0 0 
AAGTTATA 0.5 0 0.125 0.375 0.142857 0 0.142857 0.142857 0 0 0 0 0 0 0 0.142857 0.285714 0 0 0.142857 0 0 0.166667 0 0 0 0 0 0 0 0 0.166667 0.166667 0 0 0 0 0 0 0 0 0 0 0 0 0 0 0 0 0 0 0 0 0 0 0 0 0 0 0 0 0 0 0 0 0 0 0.166667 0 0 0 0.166667 0 0 0 0 0 0 0 0 0.166667 0 0 0 
AATAAAAT 0.75 0 0 0.25 0.571429 0 0 0.285714 0 0 0 0 0 0 0 0 0.142857 0 0 0 0.333333 0 0 0.333333 0 0 0 0 0 0 0 0 0.166667 0 0 0 0 0 0 0 0 0 0 0 0 0 0 0 0 0 0 0 0 0 0 0 0 0 0 0 0 0 0 0 0 0 0 0 0.166667 0 0 0 0 0 0 0 0 0 0 0 0 0 0 0 
AATAAATA 0.75 0 0 0.25 0.428571 0 0 0.285714 0 0 0 0 0 0 0 0 0.285714 0 0 0 0.166667 0 0 0.333333 0 0 0 0 0 0 0 0 0.333333 0 0 0 0 0 0 0 0 0 0 0 0 0 0 0 0 0 0 0 0 0 0 0 0 0 0 0 0 0 0 0 0 0 0 0 0.166667 0 0 0 0 0 0 0 0 0 0 0 0 0 0 0 
AATAATAT 0.625 0 0 0.375 0.285714 0 0 0.428571 0 0 0 0 0 0 0 0 0.285714 0 0 0 0 0 0 0.333333 0 0 0 0 0 0 0 0 0.333333 0 0 0 0 0 0 0 0 0 0 0 0 0 0 0 0 0 0 0 0 0 0 0 0 0 0 0 0 0 0 0 0 0 0 0 0.166667 0 0 0.166667 0 0 0 0 0 0 0 0 0 0 0 0 
AATATAAA 0.75 0 0 0.25 0.428571 0 0 0.285714 0 0 0 0 0 0 0 0 0.285714 0 0 0 0.166667 0 0 0.166667 0 0 0 0 0 0 0 0 0.333333 0 0 0 0 0 0 0 0 0 0 0 0 0 0 0 0 0 0 0 0 0 0 0 0 0 0 0 0 0 0 0 0 0 0 0 0.166667 0 0 0.166667 0 0 0 0 0 0 0 0 0 0 0 0 
AATATAAC 0.625 0.125 0 0.25 0.285714 0.142857 0 0.285714 0 0 0 0 0 0 0 0 0.285714 0 0 0 0 0.166667 0 0.166667 0 0 0 0 0 0 0 0 0.333333 0 0 0 0 0 0 0 0 0 0 0 0 0 0 0 0 0 0 0 0 0 0 0 0 0 0 0 0 0 0 0 0 0 0 0 0.166667 0 0 0.166667 0 0 0 0 0 0 0 0 0 0 0 0 
AATATAAG 0.625 0 0.125 0.25 0.285714 0 0.142857 0.285714 0 0 0 0 0 0 0 0 0.285714 0 0 0 0 0 0.166667 0.166667 0 0 0 0 0 0 0 0 0.333333 0 0 0 0 0 0 0 0 0 0 0 0 0 0 0 0 0 0 0 0 0 0 0 0 0 0 0 0 0 0 0 0 0 0 0 0.166667 0 0 0.166667 0 0 0 0 0 0 0 0 0 0 0 0 
AATATAAT 0.625 0 0 0.375 0.285714 0 0 0.428571 0 0 0 0 0 0 0 0 0.285714 0 0 0 0 0 0 0.333333 0 0 0 0 0 0 0 0 0.333333 0 0 0 0 0 0 0 0 0 0 0 0 0 0 0 0 0 0 0 0 0 0 0 0 0 0 0 0 0 0 0 0 0 0 0 0.166667 0 0 0.166667 0 0 0 0 0 0 0 0 0 0 0 0 
AATATAGA 0.625 0 0.125 0.25 0.142857 0 0.142857 0.285714 0 0 0 0 0.142857 0 0 0 0.285714 0 0 0 0 0 0 0.166667 0 0 0 0 0.166667 0 0 0 0.333333 0 0 0 0 0 0 0 0 0 0 0 0 0 0 0 0 0 0 0 0 0 0 0 0 0 0 0 0 0 0 0 0 0 0 0 0 0 0.166667 0.166667 0 0 0 0 0 0 0 0 0 0 0 0 
AATATATA 0.625 0 0 0.375 0.142857 0 0 0.428571 0 0 0 0 0 0 0 0 0.428571 0 0 0 0 0 0 0.166667 0 0 0 0 0 0 0 0 0.5 0 0 0 0 0 0 0 0 0 0 0 0 0 0 0 0 0 0 0 0 0 0 0 0 0 0 0 0 0 0 0 0 0 0 0 0 0 0 0.333333 0 0 0 0 0 0 0 0 0 0 0 0 
AATATATC 0.5 0.125 0 0.375 0.142857 0 0 0.428571 0 0 0 0 0 0 0 0 0.285714 0.142857 0 0 0 0 0 0.166667 0 0 0 0 0 0 0 0 0.333333 0.166667 0 0 0 0 0 0 0 0 0 0 0 0 0 0 0 0 0 0 0 0 0 0 0 0 0 0 0 0 0 0 0 0 0 0 0 0 0 0.333333 0 0 0 0 0 0 0 0 0 0 0 0 
AATATATG 0.5 0 0.125 0.375 0.142857 0 0 0.428571 0 0 0 0 0 0 0 0 0.285714 0 0.142857 0 0 0 0 0.166667 0 0 0 0 0 0 0 0 0.333333 0 0.166667 0 0 0 0 0 0 0 0 0 0 0 0 0 0 0 0 0 0 0 0 0 0 0 0 0 0 0 0 0 0 0 0 0 0 0 0 0.333333 0 0 0 0 0 0 0 0 0 0 0 0 
AATATATT 0.5 0 0 0.5 0.142857 0 0 0.428571 0 0 0 0 0 0 0 0 0.285714 0 0 0.142857 0 0 0 0.166667 0 0 0 0 0 0 0 0 0.333333 0 0 0.166667 0 0 0 0 0 0 0 0 0 0 0 0 0 0 0 0 0 0 0 0 0 0 0 0 0 0 0 0 0 0 0 0 0 0 0 0.333333 0 0 0 0 0 0 0 0 0 0 0 0 
AATATTAA 0.625 0 0 0.375 0.285714 0 0 0.285714 0 0 0 0 0 0 0 0 0.285714 0 0 0.142857 0 0 0 0.166667 0 0 0 0 0 0 0 0 0.166667 0 0 0.166667 0 0 0 0 0 0 0 0 0 0 0 0 0 0 0 0 0 0 0 0 0 0 0 0 0 0 0 0 0 0 0 0 0.166667 0 0 0.166667 0 0 0 0 0 0 0 0 0.166667 0 0 0 
AATATTAC 0.5 0.125 0 0.375 0.142857 0.142857 0 0.285714 0 0 0 0 0 0 0 0 0.285714 0 0 0.142857 0 0 0 0.166667 0 0 0 0 0 0 0 0 0.166667 0 0 0.166667 0 0 0 0 0 0 0 0 0 0 0 0 0 0 0 0 0 0 0 0 0 0 0 0 0 0 0 0 0 0 0 0 0 0.166667 0 0.166667 0 0 0 0 0 0 0 0 0.166667 0 0 0 
AATATTAT 0.5 0 0 0.5 0.142857 0 0 0.428571 0 0 0 0 0 0 0 0 0.285714 0 0 0.142857 0 0 0 0.166667 0 0 0 0 0 0 0 0 0.166667 0 0 0.166667 0 0 0 0 0 0 0 0 0 0 0 0 0 0 0 0 0 0 0 0 0 0 0 0 0 0 0 0 0 0 0 0 0 0 0 0.333333 0 0 0 0 0 0 0 0 0.166667 0 0 0 
AATATTCC 0.375 0.25 0 0.375 0.142857 0 0 0.285714 0 0.142857 0 0 0 0 0 0 0.142857 0.142857 0 0.142857 0 0 0 0.166667 0 0 0 0 0 0 0 0 0.166667 0 0 0.166667 0 0 0 0 0 0 0 0 0 0 0 0 0 0 0 0 0 0 0 0 0 0 0 0 0 0 0 0 0 0 0 0 0 0 0 0.166667 0 0.166667 0 0 0 0 0 0 0 0.166667 0 0 
AATATTTA 0.5 0 0 0.5 0.142857 0 0 0.285714 0 0 0 0 0 0 0 0 0.285714 0 0 0.285714 0 0 0 0.166667 0 0 0 0 0 0 0 0 0.166667 0 0 0.166667 0 0 0 0 0 0 0 0 0 0 0 0 0 0 0 0 0 0 0 0 0 0 0 0 0 0 0 0 0 0 0 0 0 0 0 0.166667 0 0 0 0 0 0 0 0 0.166667 0 0 0.166667 
AATATTTC 0.375 0.125 0 0.5 0.142857 0 0 0.285714 0 0 0 0 0 0 0 0 0.142857 0.142857 0 0.285714 0 0 0 0.166667 0 0 0 0 0 0 0 0 0.166667 0 0 0.166667 0 0 0 0 0 0 0 0 0 0 0 0 0 0 0 0 0 0 0 0 0 0 0 0 0 0 0 0 0 0 0 0 0 0 0 0.166667 0 0 0 0 0 0 0 0 0 0.166667 0 0.166667 
AATATTTG 0.375 0 0.125 0.5 0.142857 0 0 0.285714 0 0 0 0 0 0 0 0 0.142857 0 0.142857 0.285714 0 0 0 0.166667 0 0 0 0 0 0 0 0 0.166667 0 0 0.166667 0 0 0 0 0 0 0 0 0 0 0 0 0 0 0 0 0 0 0 0 0 0 0 0 0 0 0 0 0 0 0 0 0 0 0 0.166667 0 0 0 0 0 0 0 0 0 0 0.166667 0.166667 
AATTAAAT 0.625 0 0 0.375 0.428571 0 0 0.285714 0 0 0 0 0 0 0 0 0.142857 0 0 0.142857 0.166667 0 0 0.333333 0 0 0 0 0 0 0 0 0 0 0 0.166667 0 0 0 0 0 0 0 0 0 0 0 0 0 0 0 0 0 0 0 0 0 0 0 0 0 0 0 0 0 0 0 0 0.166667 0 0 0 0 0 0 0 0 0 0 0 0.166667 0 0 0 
AATTAATA 0.625 0 0 0.375 0.285714 0 0 0.285714 0 0 0 0 0 0 0 0 0.285714 0 0 0.142857 0 0 0 0.333333 0 0 0 0 0 0 0 0 0.166667 0 0 0.166667 0 0 0 0 0 0 0 0 0 0 0 0 0 0 0 0 0 0 0 0 0 0 0 0 0 0 0 0 0 0 0 0 0.166667 0 0 0 0 0 0 0 0 0 0 0 0.166667 0 0 0 
AATTATAA 0.625 0 0 0.375 0.285714 0 0 0.285714 0 0 0 0 0 0 0 0 0.285714 0 0 0.142857 0 0 0 0.166667 0 0 0 0 0 0 0 0 0.166667 0 0 0.166667 0 0 0 0 0 0 0 0 0 0 0 0 0 0 0 0 0 0 0 0 0 0 0 0 0 0 0 0 0 0 0 0 0.166667 0 0 0.166667 0 0 0 0 0 0 0 0 0.166667 0 0 0 
AATTATAT 0.5 0 0 0.5 0.142857 0 0 0.428571 0 0 0 0 0 0 0 0 0.285714 0 0 0.142857 0 0 0 0.166667 0 0 0 0 0 0 0 0 0.166667 0 0 0.166667 0 0 0 0 0 0 0 0 0 0 0 0 0 0 0 0 0 0 0 0 0 0 0 0 0 0 0 0 0 0 0 0 0 0 0 0.333333 0 0 0 0 0 0 0 0 0.166667 0 0 0 
AATTATTA 0.5 0 0 0.5 0.142857 0 0 0.285714 0 0 0 0 0 0 0 0 0.285714 0 0 0.285714 0 0 0 0.166667 0 0 0 0 0 0 0 0 0 0 0 0.333333 0 0 0 0 0 0 0 0 0 0 0 0 0 0 0 0 0 0 0 0 0 0 0 0 0 0 0 0 0 0 0 0 0 0 0 0.166667 0 0 0 0 0 0 0 0 0.333333 0 0 0 
AATTTAAA 0.625 0 0 0.375 0.428571 0 0 0.142857 0 0 0 0 0 0 0 0 0.142857 0 0 0.285714 0.166667 0 0 0.166667 0 0 0 0 0 0 0 0 0 0 0 0.166667 0 0 0 0 0 0 0 0 0 0 0 0 0 0 0 0 0 0 0 0 0 0 0 0 0 0 0 0 0 0 0 0 0.166667 0 0 0 0 0 0 0 0 0 0 0 0.166667 0 0 0.166667 
AATTTATA 0.5 0 0 0.5 0.142857 0 0 0.285714 0 0 0 0 0 0 0 0 0.285714 0 0 0.285714 0 0 0 0.166667 0 0 0 0 0 0 0 0 0.166667 0 0 0.166667 0 0 0 0 0 0 0 0 0 0 0 0 0 0 0 0 0 0 0 0 0 0 0 0 0 0 0 0 0 0 0 0 0 0 0 0.166667 0 0 0 0 0 0 0 0 0.166667 0 0 0.166667 
AATTTTAA 0.5 0 0 0.5 0.285714 0 0 0.142857 0 0 0 0 0 0 0 0 0.142857 0 0 0.428571 0 0 0 0.166667 0 0 0 0 0 0 0 0 0 0 0 0.166667 0 0 0 0 0 0 0 0 0 0 0 0 0 0 0 0 0 0 0 0 0 0 0 0 0 0 0 0 0 0 0 0 0.166667 0 0 0 0 0 0 0 0 0 0 0 0.166667 0 0 0.333333 
ACATATAA 0.625 0.125 0 0.25 0.142857 0.142857 0 0.285714 0.142857 0 0 0 0 0 0 0 0.285714 0 0 0 0 0 0 0 0.166667 0 0 0 0 0 0 0 0.333333 0 0 0 0 0 0 0.166667 0 0 0 0 0 0 0 0 0 0 0 0 0 0 0 0 0 0 0 0 0 0 0 0 0 0 0 0 0.166667 0 0 0.166667 0 0 0 0 0 0 0 0 0 0 0 0 
ACATATAT 0.5 0.125 0 0.375 0 0.142857 0 0.428571 0.142857 0 0 0 0 0 0 0 0.285714 0 0 0 0 0 0 0 0.166667 0 0 0 0 0 0 0 0.333333 0 0 0 0 0 0 0.166667 0 0 0 0 0 0 0 0 0 0 0 0 0 0 0 0 0 0 0 0 0 0 0 0 0 0 0 0 0 0 0 0.333333 0 0 0 0 0 0 0 0 0 0 0 0 
ACATTTAA 0.5 0.125 0 0.375 0.142857 0.142857 0 0.142857 0.142857 0 0 0 0 0 0 0 0.142857 0 0 0.285714 0 0 0 0 0.166667 0 0 0 0 0 0 0 0 0 0 0.166667 0 0 0 0.166667 0 0 0 0 0 0 0 0 0 0 0 0 0 0 0 0 0 0 0 0 0 0 0 0 0 0 0 0 0.166667 0 0 0 0 0 0 0 0 0 0 0 0.166667 0 0 0.166667 
ACCATATA 0.5 0.25 0 0.25 0 0.142857 0 0.285714 0.142857 0.142857 0 0 0 0 0 0 0.285714 0 0 0 0 0 0 0 0 0.166667 0 0 0 0 0 0 0.333333 0 0 0 0 0 0 0.166667 0.166667 0 0 0 0 0 0 0 0 0 0 0 0 0 0 0 0 0 0 0 0 0 0 0 0 0 0 0 0 0 0 0.166667 0 0 0 0 0 0 0 0 0 0 0 0 
ACTATAAA 0.625 0.125 0 0.25 0.285714 0.142857 0 0.142857 0 0 0 0.142857 0 0 0 0 0.285714 0 0 0 0.166667 0 0 0 0 0 0 0.166667 0 0 0 0 0.166667 0 0 0 0 0 0 0 0 0 0 0 0 0 0 0 0.166667 0 0 0 0 0 0 0 0 0 0 0 0 0 0 0 0 0 0 0 0.166667 0 0 0.166667 0 0 0 0 0 0 0 0 0 0 0 0 
ACTATATA 0.5 0.125 0 0.375 0 0.142857 0 0.285714 0 0 0 0.142857 0 0 0 0 0.428571 0 0 0 0 0 0 0 0 0 0 0.166667 0 0 0 0 0.333333 0 0 0 0 0 0 0 0 0 0 0 0 0 0 0 0.166667 0 0 0 0 0 0 0 0 0 0 0 0 0 0 0 0 0 0 0 0 0 0 0.333333 0 0 0 0 0 0 0 0 0 0 0 0 
ACTTATAA 0.5 0.125 0 0.375 0.142857 0.142857 0 0.142857 0 0 0 0.142857 0 0 0 0 0.285714 0 0 0.142857 0 0 0 0 0 0 0 0.166667 0 0 0 0 0.166667 0 0 0 0 0 0 0 0 0 0 0 0 0 0 0 0 0 0 0.166667 0 0 0 0 0 0 0 0 0 0 0 0 0 0 0 0 0.166667 0 0 0.166667 0 0 0 0 0 0 0 0 0.166667 0 0 0 
ACTTATAT 0.375 0.125 0 0.5 0 0.142857 0 0.285714 0 0 0 0.142857 0 0 0 0 0.285714 0 0 0.142857 0 0 0 0 0 0 0 0.166667 0 0 0 0 0.166667 0 0 0 0 0 0 0 0 0 0 0 0 0 0 0 0 0 0 0.166667 0 0 0 0 0 0 0 0 0 0 0 0 0 0 0 0 0 0 0 0.333333 0 0 0 0 0 0 0 0 0.166667 0 0 0 
ACTTTAAA 0.5 0.125 0 0.375 0.285714 0.142857 0 0 0 0 0 0.142857 0 0 0 0 0.142857 0 0 0.285714 0.166667 0 0 0 0 0 0 0.166667 0 0 0 0 0 0 0 0 0 0 0 0 0 0 0 0 0 0 0 0 0 0 0 0.166667 0 0 0 0 0 0 0 0 0 0 0 0 0 0 0 0 0.166667 0 0 0 0 0 0 0 0 0 0 0 0.166667 0 0 0.166667 
ACTTTATA 0.375 0.125 0 0.5 0 0.142857 0 0.142857 0 0 0 0.142857 0 0 0 0 0.285714 0 0 0.285714 0 0 0 0 0 0 0 0.166667 0 0 0 0 0.166667 0 0 0 0 0 0 0 0 0 0 0 0 0 0 0 0 0 0 0.166667 0 0 0 0 0 0 0 0 0 0 0 0 0 0 0 0 0 0 0 0.166667 0 0 0 0 0 0 0 0 0.166667 0 0 0.166667 
AGAATATA 0.625 0 0.125 0.25 0.142857 0 0.142857 0.285714 0 0 0 0 0.142857 0 0 0 0.285714 0 0 0 0 0 0 0.166667 0 0 0 0 0.166667 0 0 0 0.333333 0 0 0 0 0 0 0 0 0 0 0 0 0 0 0 0 0 0 0 0.166667 0 0 0 0 0 0 0 0 0 0 0 0 0 0 0 0 0 0 0.166667 0 0 0 0 0 0 0 0 0 0 0 0 
AGATATAA 0.625 0 0.125 0.25 0.142857 0 0.142857 0.285714 0 0 0 0 0.142857 0 0 0 0.285714 0 0 0 0 0 0 0 0 0 0 0 0.166667 0 0 0 0.333333 0 0 0 0 0 0 0 0 0 0 0 0 0 0 0 0 0 0 0 0 0 0 0.166667 0 0 0 0 0 0 0 0 0 0 0 0 0.166667 0 0 0.166667 0 0 0 0 0 0 0 0 0 0 0 0 
AGATATAT 0.5 0 0.125 0.375 0 0 0.142857 0.428571 0 0 0 0 0.142857 0 0 0 0.285714 0 0 0 0 0 0 0 0 0 0 0 0.166667 0 0 0 0.333333 0 0 0 0 0 0 0 0 0 0 0 0 0 0 0 0 0 0 0 0 0 0 0.166667 0 0 0 0 0 0 0 0 0 0 0 0 0 0 0 0.333333 0 0 0 0 0 0 0 0 0 0 0 0 
AGATTATA 0.5 0 0.125 0.375 0 0 0.142857 0.285714 0 0 0 0 0.142857 0 0 0 0.285714 0 0 0.142857 0 0 0 0 0 0 0 0 0.166667 0 0 0 0.166667 0 0 0.166667 0 0 0 0 0 0 0 0 0 0 0 0 0 0 0 0 0 0 0 0.166667 0 0 0 0 0 0 0 0 0 0 0 0 0 0 0 0.166667 0 0 0 0 0 0 0 0 0.166667 0 0 0 
AGGTATAT 0.375 0 0.25 0.375 0 0 0.142857 0.285714 0 0 0 0 0 0 0.142857 0.142857 0.285714 0 0 0 0 0 0 0 0 0 0 0 0 0 0.166667 0 0.166667 0 0 0 0 0 0 0 0 0 0 0 0 0 0 0 0 0 0 0 0 0 0 0 0 0 0 0 0 0 0 0.166667 0.166667 0 0 0 0 0 0 0.333333 0 0 0 0 0 0 0 0 0 0 0 0 
AGTATATA 0.5 0 0.125 0.375 0 0 0.142857 0.285714 0 0 0 0 0 0 0 0.142857 0.428571 0 0 0 0 0 0 0 0 0 0 0 0 0 0 0.166667 0.333333 0 0 0 0 0 0 0 0 0 0 0 0 0 0 0 0 0 0 0 0 0 0 0 0 0 0 0 0 0 0 0 0.166667 0 0 0 0 0 0 0.333333 0 0 0 0 0 0 0 0 0 0 0 0 
AGTTATAA 0.5 0 0.125 0.375 0.142857 0 0.142857 0.142857 0 0 0 0 0 0 0 0.142857 0.285714 0 0 0.142857 0 0 0 0 0 0 0 0 0 0 0 0.166667 0.166667 0 0 0 0 0 0 0 0 0 0 0 0 0 0 0 0 0 0 0 0 0 0 0 0 0 0 0 0 0 0 0 0 0 0 0.166667 0.166667 0 0 0.166667 0 0 0 0 0 0 0 0 0.166667 0 0 0 
AGTTATAT 0.375 0 0.125 0.5 0 0 0.142857 0.285714 0 0 0 0 0 0 0 0.142857 0.285714 0 0 0.142857 0 0 0 0 0 0 0 0 0 0 0 0.166667 0.166667 0 0 0 0 0 0 0 0 0 0 0 0 0 0 0 0 0 0 0 0 0 0 0 0 0 0 0 0 0 0 0 0 0 0 0.166667 0 0 0 0.333333 0 0 0 0 0 0 0 0 0.166667 0 0 0 
AGTTTAAA 0.5 0 0.125 0.375 0.285714 0 0.142857 0 0 0 0 0 0 0 0 0.142857 0.142857 0 0 0.285714 0.166667 0 0 0 0 0 0 0 0 0 0 0.166667 0 0 0 0 0 0 0 0 0 0 0 0 0 0 0 0 0 0 0 0 0 0 0 0 0 0 0 0 0 0 0 0 0 0 0 0.166667 0.166667 0 0 0 0 0 0 0 0 0 0 0 0.166667 0 0 0.166667 
AGTTTATA 0.375 0 0.125 0.5 0 0 0.142857 0.142857 0 0 0 0 0 0 0 0.142857 0.285714 0 0 0.285714 0 0 0 0 0 0 0 0 0 0 0 0.166667 0.166667 0 0 0 0 0 0 0 0 0 0 0 0 0 0 0 0 0 0 0 0 0 0 0 0 0 0 0 0 0 0 0 0 0 0 0.166667 0 0 0 0.166667 0 0 0 0 0 0 0 0 0.166667 0 0 0.166667 
AGTTTTAT 0.25 0 0.125 0.625 0 0 0.142857 0.142857 0 0 0 0 0 0 0 0.142857 0.142857 0 0 0.428571 0 0 0 0 0 0 0 0 0 0 0 0.166667 0 0 0 0 0 0 0 0 0 0 0 0 0 0 0 0 0 0 0 0 0 0 0 0 0 0 0 0 0 0 0 0 0 0 0 0.166667 0 0 0 0.166667 0 0 0 0 0 0 0 0 0.166667 0 0 0.333333 
ATAAAAAG 0.75 0 0.125 0.125 0.571429 0 0.142857 0.142857 0 0 0 0 0 0 0 0 0.142857 0 0 0 0.5 0 0.166667 0 0 0 0 0 0 0 0 0 0.166667 0 0 0 0 0 0 0 0 0 0 0 0 0 0 0 0 0 0 0 0 0 0 0 0 0 0 0 0 0 0 0 0 0 0 0 0.166667 0 0 0 0 0 0 0 0 0 0 0 0 0 0 0 
ATAAAAGC 0.625 0.125 0.125 0.125 0.428571 0 0.142857 0.142857 0 0 0 0 0 0.142857 0 0 0.142857 0 0 0 0.333333 0 0.166667 0 0 0 0 0 0 0.166667 0 0 0.166667 0 0 0 0 0 0 0 0 0 0 0 0 0 0 0 0 0 0 0 0 0 0 0 0 0 0 0 0 0 0 0 0 0 0 0 0.166667 0 0 0 0 0 0 0 0 0 0 0 0 0 0 0 
ATAAAAGG 0.625 0 0.25 0.125 0.428571 0 0.142857 0.142857 0 0 0 0 0 0 0.142857 0 0.142857 0 0 0 0.333333 0 0.166667 0 0 0 0 0 0 0 0.166667 0 0.166667 0 0 0 0 0 0 0 0 0 0 0 0 0 0 0 0 0 0 0 0 0 0 0 0 0 0 0 0 0 0 0 0 0 0 0 0.166667 0 0 0 0 0 0 0 0 0 0 0 0 0 0 0 
ATAAAATA 0.75 0 0 0.25 0.428571 0 0 0.285714 0 0 0 0 0 0 0 0 0.285714 0 0 0 0.333333 0 0 0.166667 0 0 0 0 0 0 0 0 0.333333 0 0 0 0 0 0 0 0 0 0 0 0 0 0 0 0 0 0 0 0 0 0 0 0 0 0 0 0 0 0 0 0 0 0 0 0.166667 0 0 0 0 0 0 0 0 0 0 0 0 0 0 0 
ATAAACTA 0.625 0.125 0 0.25 0.285714 0.142857 0 0.142857 0 0 0 0.142857 0 0 0 0 0.285714 0 0 0 0.166667 0.166667 0 0 0 0 0 0.166667 0 0 0 0 0.166667 0 0 0 0 0 0 0 0 0 0 0 0 0 0 0 0.166667 0 0 0 0 0 0 0 0 0 0 0 0 0 0 0 0 0 0 0 0.166667 0 0 0 0 0 0 0 0 0 0 0 0 0 0 0 
ATAAATAA 0.75 0 0 0.25 0.428571 0 0 0.285714 0 0 0 0 0 0 0 0 0.285714 0 0 0 0.166667 0 0 0.166667 0 0 0 0 0 0 0 0 0.333333 0 0 0 0 0 0 0 0 0 0 0 0 0 0 0 0 0 0 0 0 0 0 0 0 0 0 0 0 0 0 0 0 0 0 0 0.333333 0 0 0 0 0 0 0 0 0 0 0 0 0 0 0 
ATAAATAC 0.625 0.125 0 0.25 0.285714 0.142857 0 0.285714 0 0 0 0 0 0 0 0 0.285714 0 0 0 0.166667 0 0 0.166667 0 0 0 0 0 0 0 0 0.333333 0 0 0 0 0 0 0 0 0 0 0 0 0 0 0 0 0 0 0 0 0 0 0 0 0 0 0 0 0 0 0 0 0 0 0 0.166667 0.166667 0 0 0 0 0 0 0 0 0 0 0 0 0 0 
ATAAATAG 0.625 0 0.125 0.25 0.285714 0 0.142857 0.285714 0 0 0 0 0 0 0 0 0.285714 0 0 0 0.166667 0 0 0.166667 0 0 0 0 0 0 0 0 0.333333 0 0 0 0 0 0 0 0 0 0 0 0 0 0 0 0 0 0 0 0 0 0 0 0 0 0 0 0 0 0 0 0 0 0 0 0.166667 0 0.166667 0 0 0 0 0 0 0 0 0 0 0 0 0 
ATAAATAT 0.625 0 0 0.375 0.285714 0 0 0.428571 0 0 0 0 0 0 0 0 0.285714 0 0 0 0.166667 0 0 0.166667 0 0 0 0 0 0 0 0 0.333333 0 0 0 0 0 0 0 0 0 0 0 0 0 0 0 0 0 0 0 0 0 0 0 0 0 0 0 0 0 0 0 0 0 0 0 0.166667 0 0 0.166667 0 0 0 0 0 0 0 0 0 0 0 0 
ATAAATTA 0.625 0 0 0.375 0.285714 0 0 0.285714 0 0 0 0 0 0 0 0 0.285714 0 0 0.142857 0.166667 0 0 0.166667 0 0 0 0 0 0 0 0 0.166667 0 0 0.166667 0 0 0 0 0 0 0 0 0 0 0 0 0 0 0 0 0 0 0 0 0 0 0 0 0 0 0 0 0 0 0 0 0.166667 0 0 0 0 0 0 0 0 0 0 0 0.166667 0 0 0 
ATAATAAA 0.75 0 0 0.25 0.428571 0 0 0.285714 0 0 0 0 0 0 0 0 0.285714 0 0 0 0.166667 0 0 0.166667 0 0 0 0 0 0 0 0 0.333333 0 0 0 0 0 0 0 0 0 0 0 0 0 0 0 0 0 0 0 0 0 0 0 0 0 0 0 0 0 0 0 0 0 0 0 0.333333 0 0 0 0 0 0 0 0 0 0 0 0 0 0 0 
ATAATAGG 0.5 0 0.25 0.25 0.142857 0 0.142857 0.285714 0 0 0 0 0 0 0.142857 0 0.285714 0 0 0 0 0 0 0.166667 0 0 0 0 0 0 0.166667 0 0.333333 0 0 0 0 0 0 0 0 0 0 0 0 0 0 0 0 0 0 0 0 0 0 0 0 0 0 0 0 0 0 0 0 0 0 0 0.166667 0 0.166667 0 0 0 0 0 0 0 0 0 0 0 0 0 
ATAATATA 0.625 0 0 0.375 0.142857 0 0 0.428571 0 0 0 0 0 0 0 0 0.428571 0 0 0 0 0 0 0.166667 0 0 0 0 0 0 0 0 0.5 0 0 0 0 0 0 0 0 0 0 0 0 0 0 0 0 0 0 0 0 0 0 0 0 0 0 0 0 0 0 0 0 0 0 0 0.166667 0 0 0.166667 0 0 0 0 0 0 0 0 0 0 0 0 
ATAATATC 0.5 0.125 0 0.375 0.142857 0 0 0.428571 0 0 0 0 0 0 0 0 0.285714 0.142857 0 0 0 0 0 0.166667 0 0 0 0 0 0 0 0 0.333333 0.166667 0 0 0 0 0 0 0 0 0 0 0 0 0 0 0 0 0 0 0 0 0 0 0 0 0 0 0 0 0 0 0 0 0 0 0.166667 0 0 0.166667 0 0 0 0 0 0 0 0 0 0 0 0 
ATAATTTA 0.5 0 0 0.5 0.142857 0 0 0.285714 0 0 0 0 0 0 0 0 0.285714 0 0 0.285714 0 0 0 0.166667 0 0 0 0 0 0 0 0 0.166667 0 0 0.166667 0 0 0 0 0 0 0 0 0 0 0 0 0 0 0 0 0 0 0 0 0 0 0 0 0 0 0 0 0 0 0 0 0.166667 0 0 0 0 0 0 0 0 0 0 0 0.166667 0 0 0.166667 
ATAATTTG 0.375 0 0.125 0.5 0.142857 0 0 0.285714 0 0 0 0 0 0 0 0 0.142857 0 0.142857 0.285714 0 0 0 0.166667 0 0 0 0 0 0 0 0 0.166667 0 0 0.166667 0 0 0 0 0 0 0 0 0 0 0 0 0 0 0 0 0 0 0 0 0 0 0 0 0 0 0 0 0 0 0 0 0.166667 0 0 0 0 0 0 0 0 0 0 0 0 0 0.166667 0.166667 
ATACATAT 0.5 0.125 0 0.375 0 0.142857 0 0.428571 0.142857 0 0 0 0 0 0 0 0.285714 0 0 0 0 0 0 0 0.166667 0 0 0 0 0 0 0 0.333333 0 0 0 0 0 0 0.166667 0 0 0 0 0 0 0 0 0 0 0 0 0 0 0 0 0 0 0 0 0 0 0 0 0 0 0 0 0 0.166667 0 0.166667 0 0 0 0 0 0 0 0 0 0 0 0 
ATAGTATC 0.375 0.125 0.125 0.375 0 0 0.142857 0.285714 0 0 0 0 0 0 0 0.142857 0.285714 0.142857 0 0 0 0 0 0 0 0 0 0 0 0 0 0.166667 0.166667 0.166667 0 0 0 0 0 0 0 0 0 0 0 0 0 0 0 0 0 0 0 0 0 0 0 0 0 0 0 0 0 0 0.166667 0 0 0 0 0 0.166667 0.166667 0 0 0 0 0 0 0 0 0 0 0 0 
ATATAAAA 0.75 0 0 0.25 0.428571 0 0 0.285714 0 0 0 0 0 0 0 0 0.285714 0 0 0 0.333333 0 0 0 0 0 0 0 0 0 0 0 0.333333 0 0 0 0 0 0 0 0 0 0 0 0 0 0 0 0 0 0 0 0 0 0 0 0 0 0 0 0 0 0 0 0 0 0 0 0.166667 0 0 0.166667 0 0 0 0 0 0 0 0 0 0 0 0 
ATATAAAC 0.625 0.125 0 0.25 0.285714 0.142857 0 0.285714 0 0 0 0 0 0 0 0 0.285714 0 0 0 0.166667 0.166667 0 0 0 0 0 0 0 0 0 0 0.333333 0 0 0 0 0 0 0 0 0 0 0 0 0 0 0 0 0 0 0 0 0 0 0 0 0 0 0 0 0 0 0 0 0 0 0 0.166667 0 0 0.166667 0 0 0 0 0 0 0 0 0 0 0 0 
ATATAAAG 0.625 0 0.125 0.25 0.285714 0 0.142857 0.285714 0 0 0 0 0 0 0 0 0.285714 0 0 0 0.166667 0 0.166667 0 0 0 0 0 0 0 0 0 0.333333 0 0 0 0 0 0 0 0 0 0 0 0 0 0 0 0 0 0 0 0 0 0 0 0 0 0 0 0 0 0 0 0 0 0 0 0.166667 0 0 0.166667 0 0 0 0 0 0 0 0 0 0 0 0 
ATATAAAT 0.625 0 0 0.375 0.285714 0 0 0.428571 0 0 0 0 0 0 0 0 0.285714 0 0 0 0.166667 0 0 0.166667 0 0 0 0 0 0 0 0 0.333333 0 0 0 0 0 0 0 0 0 0 0 0 0 0 0 0 0 0 0 0 0 0 0 0 0 0 0 0 0 0 0 0 0 0 0 0.166667 0 0 0.166667 0 0 0 0 0 0 0 0 0 0 0 0 
ATATAAGA 0.625 0 0.125 0.25 0.142857 0 0.142857 0.285714 0 0 0 0 0.142857 0 0 0 0.285714 0 0 0 0 0 0.166667 0 0 0 0 0 0.166667 0 0 0 0.333333 0 0 0 0 0 0 0 0 0 0 0 0 0 0 0 0 0 0 0 0 0 0 0 0 0 0 0 0 0 0 0 0 0 0 0 0.166667 0 0 0.166667 0 0 0 0 0 0 0 0 0 0 0 0 
ATATAAGC 0.5 0.125 0.125 0.25 0.142857 0 0.142857 0.285714 0 0 0 0 0 0.142857 0 0 0.285714 0 0 0 0 0 0.166667 0 0 0 0 0 0 0.166667 0 0 0.333333 0 0 0 0 0 0 0 0 0 0 0 0 0 0 0 0 0 0 0 0 0 0 0 0 0 0 0 0 0 0 0 0 0 0 0 0.166667 0 0 0.166667 0 0 0 0 0 0 0 0 0 0 0 0 
ATATAAGG 0.5 0 0.25 0.25 0.142857 0 0.142857 0.285714 0 0 0 0 0 0 0.142857 0 0.285714 0 0 0 0 0 0.166667 0 0 0 0 0 0 0 0.166667 0 0.333333 0 0 0 0 0 0 0 0 0 0 0 0 0 0 0 0 0 0 0 0 0 0 0 0 0 0 0 0 0 0 0 0 0 0 0 0.166667 0 0 0.166667 0 0 0 0 0 0 0 0 0 0 0 0 
ATATAATA 0.625 0 0 0.375 0.142857 0 0 0.428571 0 0 0 0 0 0 0 0 0.428571 0 0 0 0 0 0 0.166667 0 0 0 0 0 0 0 0 0.5 0 0 0 0 0 0 0 0 0 0 0 0 0 0 0 0 0 0 0 0 0 0 0 0 0 0 0 0 0 0 0 0 0 0 0 0.166667 0 0 0.166667 0 0 0 0 0 0 0 0 0 0 0 0 
ATATAATC 0.5 0.125 0 0.375 0.142857 0 0 0.428571 0 0 0 0 0 0 0 0 0.285714 0.142857 0 0 0 0 0 0.166667 0 0 0 0 0 0 0 0 0.333333 0.166667 0 0 0 0 0 0 0 0 0 0 0 0 0 0 0 0 0 0 0 0 0 0 0 0 0 0 0 0 0 0 0 0 0 0 0.166667 0 0 0.166667 0 0 0 0 0 0 0 0 0 0 0 0 
ATATAATG 0.5 0 0.125 0.375 0.142857 0 0 0.428571 0 0 0 0 0 0 0 0 0.285714 0 0.142857 0 0 0 0 0.166667 0 0 0 0 0 0 0 0 0.333333 0 0.166667 0 0 0 0 0 0 0 0 0 0 0 0 0 0 0 0 0 0 0 0 0 0 0 0 0 0 0 0 0 0 0 0 0 0.166667 0 0 0.166667 0 0 0 0 0 0 0 0 0 0 0 0 
ATATACAT 0.5 0.125 0 0.375 0 0.142857 0 0.428571 0.142857 0 0 0 0 0 0 0 0.285714 0 0 0 0 0 0 0 0.166667 0 0 0 0 0 0 0 0.333333 0 0 0 0 0 0 0.166667 0 0 0 0 0 0 0 0 0 0 0 0 0 0 0 0 0 0 0 0 0 0 0 0 0 0 0 0 0 0.166667 0 0.166667 0 0 0 0 0 0 0 0 0 0 0 0 
ATATACCC 0.375 0.375 0 0.25 0 0.142857 0 0.285714 0 0.285714 0 0 0 0 0 0 0.285714 0 0 0 0 0 0 0 0 0.166667 0 0 0 0 0 0 0.333333 0 0 0 0 0 0 0 0 0.166667 0 0 0 0 0 0 0 0 0 0 0 0 0 0 0 0 0 0 0 0 0 0 0 0 0 0 0 0.166667 0 0.166667 0 0 0 0 0 0 0 0 0 0 0 0 
ATATACTA 0.5 0.125 0 0.375 0 0.142857 0 0.285714 0 0 0 0.142857 0 0 0 0 0.428571 0 0 0 0 0 0 0 0 0 0 0.166667 0 0 0 0 0.333333 0 0 0 0 0 0 0 0 0 0 0 0 0 0 0 0.166667 0 0 0 0 0 0 0 0 0 0 0 0 0 0 0 0 0 0 0 0 0.166667 0 0.166667 0 0 0 0 0 0 0 0 0 0 0 0 
ATATACTG 0.375 0.125 0.125 0.375 0 0.142857 0 0.285714 0 0 0 0.142857 0 0 0 0 0.285714 0 0.142857 0 0 0 0 0 0 0 0 0.166667 0 0 0 0 0.333333 0 0 0 0 0 0 0 0 0 0 0 0 0 0 0 0 0 0.166667 0 0 0 0 0 0 0 0 0 0 0 0 0 0 0 0 0 0 0.166667 0 0.166667 0 0 0 0 0 0 0 0 0 0 0 0 
ATATAGAT 0.5 0 0.125 0.375 0 0 0.142857 0.428571 0 0 0 0 0.142857 0 0 0 0.285714 0 0 0 0 0 0 0 0 0 0 0 0.166667 0 0 0 0.333333 0 0 0 0 0 0 0 0 0 0 0 0 0 0 0 0 0 0 0 0 0 0 0.166667 0 0 0 0 0 0 0 0 0 0 0 0 0 0 0.166667 0.166667 0 0 0 0 0 0 0 0 0 0 0 0 
ATATAGTA 0.5 0 0.125 0.375 0 0 0.142857 0.285714 0 0 0 0 0 0 0 0.142857 0.428571 0 0 0 0 0 0 0 0 0 0 0 0 0 0 0.166667 0.333333 0 0 0 0 0 0 0 0 0 0 0 0 0 0 0 0 0 0 0 0 0 0 0 0 0 0 0 0 0 0 0 0.166667 0 0 0 0 0 0.166667 0.166667 0 0 0 0 0 0 0 0 0 0 0 0 
ATATAGTC 0.375 0.125 0.125 0.375 0 0 0.142857 0.285714 0 0 0 0 0 0 0 0.142857 0.285714 0.142857 0 0 0 0 0 0 0 0 0 0 0 0 0 0.166667 0.333333 0 0 0 0 0 0 0 0 0 0 0 0 0 0 0 0 0 0 0 0 0 0 0 0 0 0 0 0 0 0 0 0 0.166667 0 0 0 0 0.166667 0.166667 0 0 0 0 0 0 0 0 0 0 0 0 
ATATATAA 0.625 0 0 0.375 0.142857 0 0 0.428571 0 0 0 0 0 0 0 0 0.428571 0 0 0 0 0 0 0 0 0 0 0 0 0 0 0 0.5 0 0 0 0 0 0 0 0 0 0 0 0 0 0 0 0 0 0 0 0 0 0 0 0 0 0 0 0 0 0 0 0 0 0 0 0.166667 0 0 0.333333 0 0 0 0 0 0 0 0 0 0 0 0 
ATATATAC 0.5 0.125 0 0.375 0 0.142857 0 0.428571 0 0 0 0 0 0 0 0 0.428571 0 0 0 0 0 0 0 0 0 0 0 0 0 0 0 0.5 0 0 0 0 0 0 0 0 0 0 0 0 0 0 0 0 0 0 0 0 0 0 0 0 0 0 0 0 0 0 0 0 0 0 0 0 0.166667 0 0.333333 0 0 0 0 0 0 0 0 0 0 0 0 
ATATATAG 0.5 0 0.125 0.375 0 0 0.142857 0.428571 0 0 0 0 0 0 0 0 0.428571 0 0 0 0 0 0 0 0 0 0 0 0 0 0 0 0.5 0 0 0 0 0 0 0 0 0 0 0 0 0 0 0 0 0 0 0 0 0 0 0 0 0 0 0 0 0 0 0 0 0 0 0 0 0 0.166667 0.333333 0 0 0 0 0 0 0 0 0 0 0 0 
ATATATAT 0.5 0 0 0.5 0 0 0 0.571429 0 0 0 0 0 0 0 0 0.428571 0 0 0 0 0 0 0 0 0 0 0 0 0 0 0 0.5 0 0 0 0 0 0 0 0 0 0 0 0 0 0 0 0 0 0 0 0 0 0 0 0 0 0 0 0 0 0 0 0 0 0 0 0 0 0 0.5 0 0 0 0 0 0 0 0 0 0 0 0 
ATATATCA 0.5 0.125 0 0.375 0 0 0 0.428571 0.142857 0 0 0 0 0 0 0 0.285714 0.142857 0 0 0 0 0 0 0 0 0 0 0 0 0 0 0.333333 0.166667 0 0 0 0 0 0 0 0 0 0 0 0 0 0 0 0 0 0 0 0 0 0 0 0 0 0 0 0 0 0 0 0 0 0 0 0 0 0.333333 0.166667 0 0 0 0 0 0 0 0 0 0 0 
ATATATCC 0.375 0.25 0 0.375 0 0 0 0.428571 0 0.142857 0 0 0 0 0 0 0.285714 0.142857 0 0 0 0 0 0 0 0 0 0 0 0 0 0 0.333333 0.166667 0 0 0 0 0 0 0 0 0 0 0 0 0 0 0 0 0 0 0 0 0 0 0 0 0 0 0 0 0 0 0 0 0 0 0 0 0 0.333333 0 0.166667 0 0 0 0 0 0 0 0 0 0 
ATATATCG 0.375 0.125 0.125 0.375 0 0 0 0.428571 0 0 0.142857 0 0 0 0 0 0.285714 0.142857 0 0 0 0 0 0 0 0 0 0 0 0 0 0 0.333333 0.166667 0 0 0 0 0 0 0 0 0 0 0 0 0 0 0 0 0 0 0 0 0 0 0 0 0 0 0 0 0 0 0 0 0 0 0 0 0 0.333333 0 0 0.166667 0 0 0 0 0 0 0 0 0 
ATATATGA 0.5 0 0.125 0.375 0 0 0 0.428571 0 0 0 0 0.142857 0 0 0 0.285714 0 0.142857 0 0 0 0 0 0 0 0 0 0 0 0 0 0.333333 0 0.166667 0 0 0 0 0 0 0 0 0 0 0 0 0 0 0 0 0 0 0 0 0 0 0 0 0 0 0 0 0 0 0 0 0 0 0 0 0.333333 0 0 0 0 0.166667 0 0 0 0 0 0 0 
ATATATGC 0.375 0.125 0.125 0.375 0 0 0 0.428571 0 0 0 0 0 0.142857 0 0 0.285714 0 0.142857 0 0 0 0 0 0 0 0 0 0 0 0 0 0.333333 0 0.166667 0 0 0 0 0 0 0 0 0 0 0 0 0 0 0 0 0 0 0 0 0 0 0 0 0 0 0 0 0 0 0 0 0 0 0 0 0.333333 0 0 0 0 0 0.166667 0 0 0 0 0 0 
ATATATGG 0.375 0 0.25 0.375 0 0 0 0.428571 0 0 0 0 0 0 0.142857 0 0.285714 0 0.142857 0 0 0 0 0 0 0 0 0 0 0 0 0 0.333333 0 0.166667 0 0 0 0 0 0 0 0 0 0 0 0 0 0 0 0 0 0 0 0 0 0 0 0 0 0 0 0 0 0 0 0 0 0 0 0 0.333333 0 0 0 0 0 0 0.166667 0 0 0 0 0 
ATATATTA 0.5 0 0 0.5 0 0 0 0.428571 0 0 0 0 0 0 0 0 0.428571 0 0 0.142857 0 0 0 0 0 0 0 0 0 0 0 0 0.333333 0 0 0.166667 0 0 0 0 0 0 0 0 0 0 0 0 0 0 0 0 0 0 0 0 0 0 0 0 0 0 0 0 0 0 0 0 0 0 0 0.333333 0 0 0 0 0 0 0 0 0.166667 0 0 0 
ATATATTC 0.375 0.125 0 0.5 0 0 0 0.428571 0 0 0 0 0 0 0 0 0.285714 0.142857 0 0.142857 0 0 0 0 0 0 0 0 0 0 0 0 0.333333 0 0 0.166667 0 0 0 0 0 0 0 0 0 0 0 0 0 0 0 0 0 0 0 0 0 0 0 0 0 0 0 0 0 0 0 0 0 0 0 0.333333 0 0 0 0 0 0 0 0 0 0.166667 0 0 
ATATATTG 0.375 0 0.125 0.5 0 0 0 0.428571 0 0 0 0 0 0 0 0 0.285714 0 0.142857 0.142857 0 0 0 0 0 0 0 0 0 0 0 0 0.333333 0 0 0.166667 0 0 0 0 0 0 0 0 0 0 0 0 0 0 0 0 0 0 0 0 0 0 0 0 0 0 0 0 0 0 0 0 0 0 0 0.333333 0 0 0 0 0 0 0 0 0 0 0.166667 0 
ATATTAAA 0.625 0 0 0.375 0.285714 0 0 0.285714 0 0 0 0 0 0 0 0 0.285714 0 0 0.142857 0.166667 0 0 0 0 0 0 0 0 0 0 0 0.166667 0 0 0.166667 0 0 0 0 0 0 0 0 0 0 0 0 0 0 0 0 0 0 0 0 0 0 0 0 0 0 0 0 0 0 0 0 0.166667 0 0 0.166667 0 0 0 0 0 0 0 0 0.166667 0 0 0 
ATATTAAG 0.5 0 0.125 0.375 0.142857 0 0.142857 0.285714 0 0 0 0 0 0 0 0 0.285714 0 0 0.142857 0 0 0.166667 0 0 0 0 0 0 0 0 0 0.166667 0 0 0.166667 0 0 0 0 0 0 0 0 0 0 0 0 0 0 0 0 0 0 0 0 0 0 0 0 0 0 0 0 0 0 0 0 0.166667 0 0 0.166667 0 0 0 0 0 0 0 0 0.166667 0 0 0 
ATATTAAT 0.5 0 0 0.5 0.142857 0 0 0.428571 0 0 0 0 0 0 0 0 0.285714 0 0 0.142857 0 0 0 0.166667 0 0 0 0 0 0 0 0 0.166667 0 0 0.166667 0 0 0 0 0 0 0 0 0 0 0 0 0 0 0 0 0 0 0 0 0 0 0 0 0 0 0 0 0 0 0 0 0.166667 0 0 0.166667 0 0 0 0 0 0 0 0 0.166667 0 0 0 
ATATTATA 0.5 0 0 0.5 0 0 0 0.428571 0 0 0 0 0 0 0 0 0.428571 0 0 0.142857 0 0 0 0 0 0 0 0 0 0 0 0 0.333333 0 0 0.166667 0 0 0 0 0 0 0 0 0 0 0 0 0 0 0 0 0 0 0 0 0 0 0 0 0 0 0 0 0 0 0 0 0 0 0 0.333333 0 0 0 0 0 0 0 0 0.166667 0 0 0 
ATATTATC 0.375 0.125 0 0.5 0 0 0 0.428571 0 0 0 0 0 0 0 0 0.285714 0.142857 0 0.142857 0 0 0 0 0 0 0 0 0 0 0 0 0.166667 0.166667 0 0.166667 0 0 0 0 0 0 0 0 0 0 0 0 0 0 0 0 0 0 0 0 0 0 0 0 0 0 0 0 0 0 0 0 0 0 0 0.333333 0 0 0 0 0 0 0 0 0.166667 0 0 0 
ATATTATG 0.375 0 0.125 0.5 0 0 0 0.428571 0 0 0 0 0 0 0 0 0.285714 0 0.142857 0.142857 0 0 0 0 0 0 0 0 0 0 0 0 0.166667 0 0.166667 0.166667 0 0 0 0 0 0 0 0 0 0 0 0 0 0 0 0 0 0 0 0 0 0 0 0 0 0 0 0 0 0 0 0 0 0 0 0.333333 0 0 0 0 0 0 0 0 0.166667 0 0 0 
ATATTCCC 0.25 0.375 0 0.375 0 0 0 0.285714 0 0.285714 0 0 0 0 0 0 0.142857 0.142857 0 0.142857 0 0 0 0 0 0 0 0 0 0 0 0 0.166667 0 0 0.166667 0 0 0 0 0 0.166667 0 0 0 0 0 0 0 0 0 0 0 0 0 0 0 0 0 0 0 0 0 0 0 0 0 0 0 0 0 0.166667 0 0.166667 0 0 0 0 0 0 0 0.166667 0 0 
ATATTTAA 0.5 0 0 0.5 0.142857 0 0 0.285714 0 0 0 0 0 0 0 0 0.285714 0 0 0.285714 0 0 0 0 0 0 0 0 0 0 0 0 0.166667 0 0 0.166667 0 0 0 0 0 0 0 0 0 0 0 0 0 0 0 0 0 0 0 0 0 0 0 0 0 0 0 0 0 0 0 0 0.166667 0 0 0.166667 0 0 0 0 0 0 0 0 0.166667 0 0 0.166667 
ATATTTAG 0.375 0 0.125 0.5 0 0 0.142857 0.285714 0 0 0 0 0 0 0 0 0.285714 0 0 0.285714 0 0 0 0 0 0 0 0 0 0 0 0 0.166667 0 0 0.166667 0 0 0 0 0 0 0 0 0 0 0 0 0 0 0 0 0 0 0 0 0 0 0 0 0 0 0 0 0 0 0 0 0 0 0.166667 0.166667 0 0 0 0 0 0 0 0 0.166667 0 0 0.166667 
ATATTTGC 0.25 0.125 0.125 0.5 0 0 0 0.285714 0 0 0 0 0 0.142857 0 0 0.142857 0 0.142857 0.285714 0 0 0 0 0 0 0 0 0 0 0 0 0.166667 0 0 0.166667 0 0 0 0 0 0 0 0 0 0 0 0 0 0 0 0 0 0 0 0 0 0 0 0 0 0 0 0 0 0 0 0 0 0 0 0.166667 0 0 0 0 0 0.166667 0 0 0 0 0.166667 0.166667 
ATATTTTA 0.375 0 0 0.625 0 0 0 0.285714 0 0 0 0 0 0 0 0 0.285714 0 0 0.428571 0 0 0 0 0 0 0 0 0 0 0 0 0.166667 0 0 0.166667 0 0 0 0 0 0 0 0 0 0 0 0 0 0 0 0 0 0 0 0 0 0 0 0 0 0 0 0 0 0 0 0 0 0 0 0.166667 0 0 0 0 0 0 0 0 0.166667 0 0 0.333333 
ATCATATA 0.5 0.125 0 0.375 0 0 0 0.428571 0.142857 0 0 0 0 0 0 0 0.285714 0.142857 0 0 0 0 0 0 0 0 0 0 0 0 0 0 0.333333 0.166667 0 0 0 0 0 0.166667 0 0 0 0 0 0 0 0 0 0 0 0 0 0 0 0 0 0 0 0 0 0 0 0 0 0 0 0 0 0 0 0.166667 0.166667 0 0 0 0 0 0 0 0 0 0 0 
ATCTTATA 0.375 0.125 0 0.5 0 0 0 0.285714 0 0 0 0.142857 0 0 0 0 0.285714 0.142857 0 0.142857 0 0 0 0 0 0 0 0 0 0 0 0 0.166667 0.166667 0 0 0 0 0 0 0 0 0 0 0 0 0 0 0 0 0 0.166667 0 0 0 0 0 0 0 0 0 0 0 0 0 0 0 0 0 0 0 0.166667 0 0 0 0.166667 0 0 0 0 0.166667 0 0 0 
ATGATATA 0.5 0 0.125 0.375 0 0 0 0.428571 0 0 0 0 0.142857 0 0 0 0.285714 0 0.142857 0 0 0 0 0 0 0 0 0 0 0 0 0 0.333333 0 0.166667 0 0 0 0 0 0 0 0 0 0 0 0 0 0 0 0 0 0 0 0 0.166667 0 0 0 0 0 0 0 0 0 0 0 0 0 0 0 0.166667 0 0 0 0 0.166667 0 0 0 0 0 0 0 
ATTAAAAT 0.625 0 0 0.375 0.428571 0 0 0.285714 0 0 0 0 0 0 0 0 0.142857 0 0 0.142857 0.333333 0 0 0.166667 0 0 0 0 0 0 0 0 0 0 0 0.166667 0 0 0 0 0 0 0 0 0 0 0 0 0 0 0 0 0 0 0 0 0 0 0 0 0 0 0 0 0 0 0 0 0.166667 0 0 0 0 0 0 0 0 0 0 0 0.166667 0 0 0 
ATTAAATA 0.625 0 0 0.375 0.285714 0 0 0.285714 0 0 0 0 0 0 0 0 0.285714 0 0 0.142857 0.166667 0 0 0.166667 0 0 0 0 0 0 0 0 0.166667 0 0 0.166667 0 0 0 0 0 0 0 0 0 0 0 0 0 0 0 0 0 0 0 0 0 0 0 0 0 0 0 0 0 0 0 0 0.166667 0 0 0 0 0 0 0 0 0 0 0 0.166667 0 0 0 
ATTAATAA 0.625 0 0 0.375 0.285714 0 0 0.285714 0 0 0 0 0 0 0 0 0.285714 0 0 0.142857 0 0 0 0.166667 0 0 0 0 0 0 0 0 0.166667 0 0 0.166667 0 0 0 0 0 0 0 0 0 0 0 0 0 0 0 0 0 0 0 0 0 0 0 0 0 0 0 0 0 0 0 0 0.333333 0 0 0 0 0 0 0 0 0 0 0 0.166667 0 0 0 
ATTAATAC 0.5 0.125 0 0.375 0.142857 0.142857 0 0.285714 0 0 0 0 0 0 0 0 0.285714 0 0 0.142857 0 0 0 0.166667 0 0 0 0 0 0 0 0 0.166667 0 0 0.166667 0 0 0 0 0 0 0 0 0 0 0 0 0 0 0 0 0 0 0 0 0 0 0 0 0 0 0 0 0 0 0 0 0.166667 0.166667 0 0 0 0 0 0 0 0 0 0 0.166667 0 0 0 
ATTAATAG 0.5 0 0.125 0.375 0.142857 0 0.142857 0.285714 0 0 0 0 0 0 0 0 0.285714 0 0 0.142857 0 0 0 0.166667 0 0 0 0 0 0 0 0 0.166667 0 0 0.166667 0 0 0 0 0 0 0 0 0 0 0 0 0 0 0 0 0 0 0 0 0 0 0 0 0 0 0 0 0 0 0 0 0.166667 0 0.166667 0 0 0 0 0 0 0 0 0 0.166667 0 0 0 
ATTAATTA 0.5 0 0 0.5 0.142857 0 0 0.285714 0 0 0 0 0 0 0 0 0.285714 0 0 0.285714 0 0 0 0.166667 0 0 0 0 0 0 0 0 0 0 0 0.333333 0 0 0 0 0 0 0 0 0 0 0 0 0 0 0 0 0 0 0 0 0 0 0 0 0 0 0 0 0 0 0 0 0.166667 0 0 0 0 0 0 0 0 0 0 0 0.333333 0 0 0 
ATTAATTC 0.375 0.125 0 0.5 0.142857 0 0 0.285714 0 0 0 0 0 0 0 0 0.142857 0.142857 0 0.285714 0 0 0 0.166667 0 0 0 0 0 0 0 0 0 0 0 0.333333 0 0 0 0 0 0 0 0 0 0 0 0 0 0 0 0 0 0 0 0 0 0 0 0 0 0 0 0 0 0 0 0 0.166667 0 0 0 0 0 0 0 0 0 0 0 0.166667 0.166667 0 0 
ATTATAAA 0.625 0 0 0.375 0.285714 0 0 0.285714 0 0 0 0 0 0 0 0 0.285714 0 0 0.142857 0.166667 0 0 0 0 0 0 0 0 0 0 0 0.166667 0 0 0.166667 0 0 0 0 0 0 0 0 0 0 0 0 0 0 0 0 0 0 0 0 0 0 0 0 0 0 0 0 0 0 0 0 0.166667 0 0 0.166667 0 0 0 0 0 0 0 0 0.166667 0 0 0 
ATTATAAG 0.5 0 0.125 0.375 0.142857 0 0.142857 0.285714 0 0 0 0 0 0 0 0 0.285714 0 0 0.142857 0 0 0.166667 0 0 0 0 0 0 0 0 0 0.166667 0 0 0.166667 0 0 0 0 0 0 0 0 0 0 0 0 0 0 0 0 0 0 0 0 0 0 0 0 0 0 0 0 0 0 0 0 0.166667 0 0 0.166667 0 0 0 0 0 0 0 0 0.166667 0 0 0 
ATTATAAT 0.5 0 0 0.5 0.142857 0 0 0.428571 0 0 0 0 0 0 0 0 0.285714 0 0 0.142857 0 0 0 0.166667 0 0 0 0 0 0 0 0 0.166667 0 0 0.166667 0 0 0 0 0 0 0 0 0 0 0 0 0 0 0 0 0 0 0 0 0 0 0 0 0 0 0 0 0 0 0 0 0.166667 0 0 0.166667 0 0 0 0 0 0 0 0 0.166667 0 0 0 
ATTATATA 0.5 0 0 0.5 0 0 0 0.428571 0 0 0 0 0 0 0 0 0.428571 0 0 0.142857 0 0 0 0 0 0 0 0 0 0 0 0 0.333333 0 0 0.166667 0 0 0 0 0 0 0 0 0 0 0 0 0 0 0 0 0 0 0 0 0 0 0 0 0 0 0 0 0 0 0 0 0 0 0 0.333333 0 0 0 0 0 0 0 0 0.166667 0 0 0 
ATTATATC 0.375 0.125 0 0.5 0 0 0 0.428571 0 0 0 0 0 0 0 0 0.285714 0.142857 0 0.142857 0 0 0 0 0 0 0 0 0 0 0 0 0.166667 0.166667 0 0.166667 0 0 0 0 0 0 0 0 0 0 0 0 0 0 0 0 0 0 0 0 0 0 0 0 0 0 0 0 0 0 0 0 0 0 0 0.333333 0 0 0 0 0 0 0 0 0.166667 0 0 0 
ATTATATG 0.375 0 0.125 0.5 0 0 0 0.428571 0 0 0 0 0 0 0 0 0.285714 0 0.142857 0.142857 0 0 0 0 0 0 0 0 0 0 0 0 0.166667 0 0.166667 0.166667 0 0 0 0 0 0 0 0 0 0 0 0 0 0 0 0 0 0 0 0 0 0 0 0 0 0 0 0 0 0 0 0 0 0 0 0.333333 0 0 0 0 0 0 0 0 0.166667 0 0 0 
ATTATTAA 0.5 0 0 0.5 0.142857 0 0 0.285714 0 0 0 0 0 0 0 0 0.285714 0 0 0.285714 0 0 0 0 0 0 0 0 0 0 0 0 0 0 0 0.333333 0 0 0 0 0 0 0 0 0 0 0 0 0 0 0 0 0 0 0 0 0 0 0 0 0 0 0 0 0 0 0 0 0.166667 0 0 0.166667 0 0 0 0 0 0 0 0 0.333333 0 0 0 
ATTATTAG 0.375 0 0.125 0.5 0 0 0.142857 0.285714 0 0 0 0 0 0 0 0 0.285714 0 0 0.285714 0 0 0 0 0 0 0 0 0 0 0 0 0 0 0 0.333333 0 0 0 0 0 0 0 0 0 0 0 0 0 0 0 0 0 0 0 0 0 0 0 0 0 0 0 0 0 0 0 0 0 0 0.166667 0.166667 0 0 0 0 0 0 0 0 0.333333 0 0 0 
ATTATTTA 0.375 0 0 0.625 0 0 0 0.285714 0 0 0 0 0 0 0 0 0.285714 0 0 0.428571 0 0 0 0 0 0 0 0 0 0 0 0 0 0 0 0.333333 0 0 0 0 0 0 0 0 0 0 0 0 0 0 0 0 0 0 0 0 0 0 0 0 0 0 0 0 0 0 0 0 0 0 0 0.166667 0 0 0 0 0 0 0 0 0.333333 0 0 0.166667 
ATTTAAAA 0.625 0 0 0.375 0.428571 0 0 0.142857 0 0 0 0 0 0 0 0 0.142857 0 0 0.285714 0.333333 0 0 0 0 0 0 0 0 0 0 0 0 0 0 0.166667 0 0 0 0 0 0 0 0 0 0 0 0 0 0 0 0 0 0 0 0 0 0 0 0 0 0 0 0 0 0 0 0 0.166667 0 0 0 0 0 0 0 0 0 0 0 0.166667 0 0 0.166667 
ATTTAAAC 0.5 0.125 0 0.375 0.285714 0.142857 0 0.142857 0 0 0 0 0 0 0 0 0.142857 0 0 0.285714 0.166667 0.166667 0 0 0 0 0 0 0 0 0 0 0 0 0 0.166667 0 0 0 0 0 0 0 0 0 0 0 0 0 0 0 0 0 0 0 0 0 0 0 0 0 0 0 0 0 0 0 0 0.166667 0 0 0 0 0 0 0 0 0 0 0 0.166667 0 0 0.166667 
ATTTAAAG 0.5 0 0.125 0.375 0.285714 0 0.142857 0.142857 0 0 0 0 0 0 0 0 0.142857 0 0 0.285714 0.166667 0 0.166667 0 0 0 0 0 0 0 0 0 0 0 0 0.166667 0 0 0 0 0 0 0 0 0 0 0 0 0 0 0 0 0 0 0 0 0 0 0 0 0 0 0 0 0 0 0 0 0.166667 0 0 0 0 0 0 0 0 0 0 0 0.166667 0 0 0.166667 
ATTTAAAT 0.5 0 0 0.5 0.285714 0 0 0.285714 0 0 0 0 0 0 0 0 0.142857 0 0 0.285714 0.166667 0 0 0.166667 0 0 0 0 0 0 0 0 0 0 0 0.166667 0 0 0 0 0 0 0 0 0 0 0 0 0 0 0 0 0 0 0 0 0 0 0 0 0 0 0 0 0 0 0 0 0.166667 0 0 0 0 0 0 0 0 0 0 0 0.166667 0 0 0.166667 
ATTTAATA 0.5 0 0 0.5 0.142857 0 0 0.285714 0 0 0 0 0 0 0 0 0.285714 0 0 0.285714 0 0 0 0.166667 0 0 0 0 0 0 0 0 0.166667 0 0 0.166667 0 0 0 0 0 0 0 0 0 0 0 0 0 0 0 0 0 0 0 0 0 0 0 0 0 0 0 0 0 0 0 0 0.166667 0 0 0 0 0 0 0 0 0 0 0 0.166667 0 0 0.166667 
ATTTATAA 0.5 0 0 0.5 0.142857 0 0 0.285714 0 0 0 0 0 0 0 0 0.285714 0 0 0.285714 0 0 0 0 0 0 0 0 0 0 0 0 0.166667 0 0 0.166667 0 0 0 0 0 0 0 0 0 0 0 0 0 0 0 0 0 0 0 0 0 0 0 0 0 0 0 0 0 0 0 0 0.166667 0 0 0.166667 0 0 0 0 0 0 0 0 0.166667 0 0 0.166667 
ATTTATGG 0.25 0 0.25 0.5 0 0 0 0.285714 0 0 0 0 0 0 0.142857 0 0.142857 0 0.142857 0.285714 0 0 0 0 0 0 0 0 0 0 0 0 0 0 0.166667 0.166667 0 0 0 0 0 0 0 0 0 0 0 0 0 0 0 0 0 0 0 0 0 0 0 0 0 0 0 0 0 0 0 0 0 0 0 0.166667 0 0 0 0 0 0 0.166667 0 0.166667 0 0 0.166667 
ATTTATTA 0.375 0 0 0.625 0 0 0 0.285714 0 0 0 0 0 0 0 0 0.285714 0 0 0.428571 0 0 0 0 0 0 0 0 0 0 0 0 0 0 0 0.333333 0 0 0 0 0 0 0 0 0 0 0 0 0 0 0 0 0 0 0 0 0 0 0 0 0 0 0 0 0 0 0 0 0 0 0 0.166667 0 0 0 0 0 0 0 0 0.333333 0 0 0.166667 
ATTTTAAA 0.5 0 0 0.5 0.285714 0 0 0.142857 0 0 0 0 0 0 0 0 0.142857 0 0 0.428571 0.166667 0 0 0 0 0 0 0 0 0 0 0 0 0 0 0.166667 0 0 0 0 0 0 0 0 0 0 0 0 0 0 0 0 0 0 0 0 0 0 0 0 0 0 0 0 0 0 0 0 0.166667 0 0 0 0 0 0 0 0 0 0 0 0.166667 0 0 0.333333 
ATTTTATA 0.375 0 0 0.625 0 0 0 0.285714 0 0 0 0 0 0 0 0 0.285714 0 0 0.428571 0 0 0 0 0 0 0 0 0 0 0 0 0.166667 0 0 0.166667 0 0 0 0 0 0 0 0 0 0 0 0 0 0 0 0 0 0 0 0 0 0 0 0 0 0 0 0 0 0 0 0 0 0 0 0.166667 0 0 0 0 0 0 0 0 0.166667 0 0 0.333333 
CAAATATA 0.625 0.125 0 0.25 0.285714 0 0 0.285714 0.142857 0 0 0 0 0 0 0 0.285714 0 0 0 0.166667 0 0 0.166667 0 0 0 0 0 0 0 0 0.333333 0 0 0 0.166667 0 0 0 0 0 0 0 0 0 0 0 0 0 0 0 0 0 0 0 0 0 0 0 0 0 0 0 0 0 0 0 0 0 0 0.166667 0 0 0 0 0 0 0 0 0 0 0 0 
CAATATAA 0.625 0.125 0 0.25 0.285714 0 0 0.285714 0.142857 0 0 0 0 0 0 0 0.285714 0 0 0 0 0 0 0.166667 0 0 0 0 0 0 0 0 0.333333 0 0 0 0.166667 0 0 0 0 0 0 0 0 0 0 0 0 0 0 0 0 0 0 0 0 0 0 0 0 0 0 0 0 0 0 0 0.166667 0 0 0.166667 0 0 0 0 0 0 0 0 0 0 0 0 
CAATTATA 0.5 0.125 0 0.375 0.142857 0 0 0.285714 0.142857 0 0 0 0 0 0 0 0.285714 0 0 0.142857 0 0 0 0.166667 0 0 0 0 0 0 0 0 0.166667 0 0 0.166667 0.166667 0 0 0 0 0 0 0 0 0 0 0 0 0 0 0 0 0 0 0 0 0 0 0 0 0 0 0 0 0 0 0 0 0 0 0.166667 0 0 0 0 0 0 0 0 0.166667 0 0 0 
CATAAATA 0.625 0.125 0 0.25 0.285714 0 0 0.285714 0.142857 0 0 0 0 0 0 0 0.285714 0 0 0 0.166667 0 0 0.166667 0 0 0 0 0 0 0 0 0.333333 0 0 0 0 0 0 0.166667 0 0 0 0 0 0 0 0 0 0 0 0 0 0 0 0 0 0 0 0 0 0 0 0 0 0 0 0 0.166667 0 0 0 0 0 0 0 0 0 0 0 0 0 0 0 
CATATAAA 0.625 0.125 0 0.25 0.285714 0 0 0.285714 0.142857 0 0 0 0 0 0 0 0.285714 0 0 0 0.166667 0 0 0 0 0 0 0 0 0 0 0 0.333333 0 0 0 0 0 0 0.166667 0 0 0 0 0 0 0 0 0 0 0 0 0 0 0 0 0 0 0 0 0 0 0 0 0 0 0 0 0.166667 0 0 0.166667 0 0 0 0 0 0 0 0 0 0 0 0 
CATATAAG 0.5 0.125 0.125 0.25 0.142857 0 0.142857 0.285714 0.142857 0 0 0 0 0 0 0 0.285714 0 0 0 0 0 0.166667 0 0 0 0 0 0 0 0 0 0.333333 0 0 0 0 0 0 0.166667 0 0 0 0 0 0 0 0 0 0 0 0 0 0 0 0 0 0 0 0 0 0 0 0 0 0 0 0 0.166667 0 0 0.166667 0 0 0 0 0 0 0 0 0 0 0 0 
CATATATA 0.5 0.125 0 0.375 0 0 0 0.428571 0.142857 0 0 0 0 0 0 0 0.428571 0 0 0 0 0 0 0 0 0 0 0 0 0 0 0 0.5 0 0 0 0 0 0 0.166667 0 0 0 0 0 0 0 0 0 0 0 0 0 0 0 0 0 0 0 0 0 0 0 0 0 0 0 0 0 0 0 0.333333 0 0 0 0 0 0 0 0 0 0 0 0 
CATATATC 0.375 0.25 0 0.375 0 0 0 0.428571 0.142857 0 0 0 0 0 0 0 0.285714 0.142857 0 0 0 0 0 0 0 0 0 0 0 0 0 0 0.333333 0.166667 0 0 0 0 0 0.166667 0 0 0 0 0 0 0 0 0 0 0 0 0 0 0 0 0 0 0 0 0 0 0 0 0 0 0 0 0 0 0 0.333333 0 0 0 0 0 0 0 0 0 0 0 0 
CATATATG 0.375 0.125 0.125 0.375 0 0 0 0.428571 0.142857 0 0 0 0 0 0 0 0.285714 0 0.142857 0 0 0 0 0 0 0 0 0 0 0 0 0 0.333333 0 0.166667 0 0 0 0 0.166667 0 0 0 0 0 0 0 0 0 0 0 0 0 0 0 0 0 0 0 0 0 0 0 0 0 0 0 0 0 0 0 0.333333 0 0 0 0 0 0 0 0 0 0 0 0 
CATTAATA 0.5 0.125 0 0.375 0.142857 0 0 0.285714 0.142857 0 0 0 0 0 0 0 0.285714 0 0 0.142857 0 0 0 0.166667 0 0 0 0 0 0 0 0 0.166667 0 0 0.166667 0 0 0 0.166667 0 0 0 0 0 0 0 0 0 0 0 0 0 0 0 0 0 0 0 0 0 0 0 0 0 0 0 0 0.166667 0 0 0 0 0 0 0 0 0 0 0 0.166667 0 0 0 
CATTATAA 0.5 0.125 0 0.375 0.142857 0 0 0.285714 0.142857 0 0 0 0 0 0 0 0.285714 0 0 0.142857 0 0 0 0 0 0 0 0 0 0 0 0 0.166667 0 0 0.166667 0 0 0 0.166667 0 0 0 0 0 0 0 0 0 0 0 0 0 0 0 0 0 0 0 0 0 0 0 0 0 0 0 0 0.166667 0 0 0.166667 0 0 0 0 0 0 0 0 0.166667 0 0 0 
CATTTAAA 0.5 0.125 0 0.375 0.285714 0 0 0.142857 0.142857 0 0 0 0 0 0 0 0.142857 0 0 0.285714 0.166667 0 0 0 0 0 0 0 0 0 0 0 0 0 0 0.166667 0 0 0 0.166667 0 0 0 0 0 0 0 0 0 0 0 0 0 0 0 0 0 0 0 0 0 0 0 0 0 0 0 0 0.166667 0 0 0 0 0 0 0 0 0 0 0 0.166667 0 0 0.166667 
CATTTATA 0.375 0.125 0 0.5 0 0 0 0.285714 0.142857 0 0 0 0 0 0 0 0.285714 0 0 0.285714 0 0 0 0 0 0 0 0 0 0 0 0 0.166667 0 0 0.166667 0 0 0 0.166667 0 0 0 0 0 0 0 0 0 0 0 0 0 0 0 0 0 0 0 0 0 0 0 0 0 0 0 0 0 0 0 0.166667 0 0 0 0 0 0 0 0 0.166667 0 0 0.166667 
CATTTTAA 0.375 0.125 0 0.5 0.142857 0 0 0.142857 0.142857 0 0 0 0 0 0 0 0.142857 0 0 0.428571 0 0 0 0 0 0 0 0 0 0 0 0 0 0 0 0.166667 0 0 0 0.166667 0 0 0 0 0 0 0 0 0 0 0 0 0 0 0 0 0 0 0 0 0 0 0 0 0 0 0 0 0.166667 0 0 0 0 0 0 0 0 0 0 0 0.166667 0 0 0.333333 
CCATATAA 0.5 0.25 0 0.25 0.142857 0 0 0.285714 0.142857 0.142857 0 0 0 0 0 0 0.285714 0 0 0 0 0 0 0 0 0 0 0 0 0 0 0 0.333333 0 0 0 0 0 0 0.166667 0.166667 0 0 0 0 0 0 0 0 0 0 0 0 0 0 0 0 0 0 0 0 0 0 0 0 0 0 0 0.166667 0 0 0.166667 0 0 0 0 0 0 0 0 0 0 0 0 
CCTATATA 0.375 0.25 0 0.375 0 0 0 0.285714 0 0.142857 0 0.142857 0 0 0 0 0.428571 0 0 0 0 0 0 0 0 0 0 0 0 0 0 0 0.333333 0 0 0 0 0 0 0 0 0 0 0.166667 0 0 0 0 0.166667 0 0 0 0 0 0 0 0 0 0 0 0 0 0 0 0 0 0 0 0 0 0 0.333333 0 0 0 0 0 0 0 0 0 0 0 0 
CCTTATAA 0.375 0.25 0 0.375 0.142857 0 0 0.142857 0 0.142857 0 0.142857 0 0 0 0 0.285714 0 0 0.142857 0 0 0 0 0 0 0 0 0 0 0 0 0.166667 0 0 0 0 0 0 0 0 0 0 0.166667 0 0 0 0 0 0 0 0.166667 0 0 0 0 0 0 0 0 0 0 0 0 0 0 0 0 0.166667 0 0 0.166667 0 0 0 0 0 0 0 0 0.166667 0 0 0 
CCTTTATA 0.25 0.25 0 0.5 0 0 0 0.142857 0 0.142857 0 0.142857 0 0 0 0 0.285714 0 0 0.285714 0 0 0 0 0 0 0 0 0 0 0 0 0.166667 0 0 0 0 0 0 0 0 0 0 0.166667 0 0 0 0 0 0 0 0.166667 0 0 0 0 0 0 0 0 0 0 0 0 0 0 0 0 0 0 0 0.166667 0 0 0 0 0 0 0 0 0.166667 0 0 0.166667 
CGAATATA 0.5 0.125 0.125 0.25 0.142857 0 0 0.285714 0 0 0.142857 0 0.142857 0 0 0 0.285714 0 0 0 0 0 0 0.166667 0 0 0 0 0 0 0 0 0.333333 0 0 0 0 0 0 0 0 0 0 0 0.166667 0 0 0 0 0 0 0 0.166667 0 0 0 0 0 0 0 0 0 0 0 0 0 0 0 0 0 0 0.166667 0 0 0 0 0 0 0 0 0 0 0 0 
CGTATATA 0.375 0.125 0.125 0.375 0 0 0 0.285714 0 0 0.142857 0 0 0 0 0.142857 0.428571 0 0 0 0 0 0 0 0 0 0 0 0 0 0 0 0.333333 0 0 0 0 0 0 0 0 0 0 0 0 0 0 0.166667 0 0 0 0 0 0 0 0 0 0 0 0 0 0 0 0 0.166667 0 0 0 0 0 0 0.333333 0 0 0 0 0 0 0 0 0 0 0 0 
CGTTTATA 0.25 0.125 0.125 0.5 0 0 0 0.142857 0 0 0.142857 0 0 0 0 0.142857 0.285714 0 0 0.285714 0 0 0 0 0 0 0 0 0 0 0 0 0.166667 0 0 0 0 0 0 0 0 0 0 0 0 0 0 0.166667 0 0 0 0 0 0 0 0 0 0 0 0 0 0 0 0 0 0 0 0.166667 0 0 0 0.166667 0 0 0 0 0 0 0 0 0.166667 0 0 0.166667 
CTAATATA 0.5 0.125 0 0.375 0.142857 0 0 0.285714 0 0 0 0.142857 0 0 0 0 0.428571 0 0 0 0 0 0 0.166667 0 0 0 0 0 0 0 0 0.333333 0 0 0 0 0 0 0 0 0 0 0 0 0 0 0 0.166667 0 0 0 0 0 0 0 0 0 0 0 0 0 0 0 0 0 0 0 0.166667 0 0 0.166667 0 0 0 0 0 0 0 0 0 0 0 0 
CTATATAA 0.5 0.125 0 0.375 0.142857 0 0 0.285714 0 0 0 0.142857 0 0 0 0 0.428571 0 0 0 0 0 0 0 0 0 0 0 0 0 0 0 0.333333 0 0 0 0 0 0 0 0 0 0 0 0 0 0 0 0.166667 0 0 0 0 0 0 0 0 0 0 0 0 0 0 0 0 0 0 0 0.166667 0 0 0.333333 0 0 0 0 0 0 0 0 0 0 0 0 
CTATATAC 0.375 0.25 0 0.375 0 0.142857 0 0.285714 0 0 0 0.142857 0 0 0 0 0.428571 0 0 0 0 0 0 0 0 0 0 0 0 0 0 0 0.333333 0 0 0 0 0 0 0 0 0 0 0 0 0 0 0 0.166667 0 0 0 0 0 0 0 0 0 0 0 0 0 0 0 0 0 0 0 0 0.166667 0 0.333333 0 0 0 0 0 0 0 0 0 0 0 0 
CTATATAG 0.375 0.125 0.125 0.375 0 0 0.142857 0.285714 0 0 0 0.142857 0 0 0 0 0.428571 0 0 0 0 0 0 0 0 0 0 0 0 0 0 0 0.333333 0 0 0 0 0 0 0 0 0 0 0 0 0 0 0 0.166667 0 0 0 0 0 0 0 0 0 0 0 0 0 0 0 0 0 0 0 0 0 0.166667 0.333333 0 0 0 0 0 0 0 0 0 0 0 0 
CTATATTA 0.375 0.125 0 0.5 0 0 0 0.285714 0 0 0 0.142857 0 0 0 0 0.428571 0 0 0.142857 0 0 0 0 0 0 0 0 0 0 0 0 0.166667 0 0 0.166667 0 0 0 0 0 0 0 0 0 0 0 0 0.166667 0 0 0 0 0 0 0 0 0 0 0 0 0 0 0 0 0 0 0 0 0 0 0.333333 0 0 0 0 0 0 0 0 0.166667 0 0 0 
CTATTTAA 0.375 0.125 0 0.5 0.142857 0 0 0.142857 0 0 0 0.142857 0 0 0 0 0.285714 0 0 0.285714 0 0 0 0 0 0 0 0 0 0 0 0 0 0 0 0.166667 0 0 0 0 0 0 0 0 0 0 0 0 0.166667 0 0 0 0 0 0 0 0 0 0 0 0 0 0 0 0 0 0 0 0.166667 0 0 0.166667 0 0 0 0 0 0 0 0 0.166667 0 0 0.166667 
CTTAAATA 0.5 0.125 0 0.375 0.285714 0 0 0.142857 0 0 0 0.142857 0 0 0 0 0.285714 0 0 0.142857 0.166667 0 0 0.166667 0 0 0 0 0 0 0 0 0.166667 0 0 0 0 0 0 0 0 0 0 0 0 0 0 0 0 0 0 0.166667 0 0 0 0 0 0 0 0 0 0 0 0 0 0 0 0 0.166667 0 0 0 0 0 0 0 0 0 0 0 0.166667 0 0 0 
CTTATAAA 0.5 0.125 0 0.375 0.285714 0 0 0.142857 0 0 0 0.142857 0 0 0 0 0.285714 0 0 0.142857 0.166667 0 0 0 0 0 0 0 0 0 0 0 0.166667 0 0 0 0 0 0 0 0 0 0 0 0 0 0 0 0 0 0 0.166667 0 0 0 0 0 0 0 0 0 0 0 0 0 0 0 0 0.166667 0 0 0.166667 0 0 0 0 0 0 0 0 0.166667 0 0 0 
CTTATAAG 0.375 0.125 0.125 0.375 0.142857 0 0.142857 0.142857 0 0 0 0.142857 0 0 0 0 0.285714 0 0 0.142857 0 0 0.166667 0 0 0 0 0 0 0 0 0 0.166667 0 0 0 0 0 0 0 0 0 0 0 0 0 0 0 0 0 0 0.166667 0 0 0 0 0 0 0 0 0 0 0 0 0 0 0 0 0.166667 0 0 0.166667 0 0 0 0 0 0 0 0 0.166667 0 0 0 
CTTATATA 0.375 0.125 0 0.5 0 0 0 0.285714 0 0 0 0.142857 0 0 0 0 0.428571 0 0 0.142857 0 0 0 0 0 0 0 0 0 0 0 0 0.333333 0 0 0 0 0 0 0 0 0 0 0 0 0 0 0 0 0 0 0.166667 0 0 0 0 0 0 0 0 0 0 0 0 0 0 0 0 0 0 0 0.333333 0 0 0 0 0 0 0 0 0.166667 0 0 0 
CTTATTAA 0.375 0.125 0 0.5 0.142857 0 0 0.142857 0 0 0 0.142857 0 0 0 0 0.285714 0 0 0.285714 0 0 0 0 0 0 0 0 0 0 0 0 0 0 0 0.166667 0 0 0 0 0 0 0 0 0 0 0 0 0 0 0 0.166667 0 0 0 0 0 0 0 0 0 0 0 0 0 0 0 0 0.166667 0 0 0.166667 0 0 0 0 0 0 0 0 0.333333 0 0 0 
CTTTAATA 0.375 0.125 0 0.5 0.142857 0 0 0.142857 0 0 0 0.142857 0 0 0 0 0.285714 0 0 0.285714 0 0 0 0.166667 0 0 0 0 0 0 0 0 0.166667 0 0 0 0 0 0 0 0 0 0 0 0 0 0 0 0 0 0 0.166667 0 0 0 0 0 0 0 0 0 0 0 0 0 0 0 0 0.166667 0 0 0 0 0 0 0 0 0 0 0 0.166667 0 0 0.166667 
CTTTATAA 0.375 0.125 0 0.5 0.142857 0 0 0.142857 0 0 0 0.142857 0 0 0 0 0.285714 0 0 0.285714 0 0 0 0 0 0 0 0 0 0 0 0 0.166667 0 0 0 0 0 0 0 0 0 0 0 0 0 0 0 0 0 0 0.166667 0 0 0 0 0 0 0 0 0 0 0 0 0 0 0 0 0.166667 0 0 0.166667 0 0 0 0 0 0 0 0 0.166667 0 0 0.166667 
CTTTTAAA 0.375 0.125 0 0.5 0.285714 0 0 0 0 0 0 0.142857 0 0 0 0 0.142857 0 0 0.428571 0.166667 0 0 0 0 0 0 0 0 0 0 0 0 0 0 0 0 0 0 0 0 0 0 0 0 0 0 0 0 0 0 0.166667 0 0 0 0 0 0 0 0 0 0 0 0 0 0 0 0 0.166667 0 0 0 0 0 0 0 0 0 0 0 0.166667 0 0 0.333333 
CTTTTATA 0.25 0.125 0 0.625 0 0 0 0.142857 0 0 0 0.142857 0 0 0 0 0.285714 0 0 0.428571 0 0 0 0 0 0 0 0 0 0 0 0 0.166667 0 0 0 0 0 0 0 0 0 0 0 0 0 0 0 0 0 0 0.166667 0 0 0 0 0 0 0 0 0 0 0 0 0 0 0 0 0 0 0 0.166667 0 0 0 0 0 0 0 0 0.166667 0 0 0.333333 
GAAATATA 0.625 0 0.125 0.25 0.285714 0 0 0.285714 0 0 0 0 0.142857 0 0 0 0.285714 0 0 0 0.166667 0 0 0.166667 0 0 0 0 0 0 0 0 0.333333 0 0 0 0 0 0 0 0 0 0 0 0 0 0 0 0 0 0 0 0.166667 0 0 0 0 0 0 0 0 0 0 0 0 0 0 0 0 0 0 0.166667 0 0 0 0 0 0 0 0 0 0 0 0 
GAATATAA 0.625 0 0.125 0.25 0.285714 0 0 0.285714 0 0 0 0 0.142857 0 0 0 0.285714 0 0 0 0 0 0 0.166667 0 0 0 0 0 0 0 0 0.333333 0 0 0 0 0 0 0 0 0 0 0 0 0 0 0 0 0 0 0 0.166667 0 0 0 0 0 0 0 0 0 0 0 0 0 0 0 0.166667 0 0 0.166667 0 0 0 0 0 0 0 0 0 0 0 0 
GAATATTA 0.5 0 0.125 0.375 0.142857 0 0 0.285714 0 0 0 0 0.142857 0 0 0 0.285714 0 0 0.142857 0 0 0 0.166667 0 0 0 0 0 0 0 0 0.166667 0 0 0.166667 0 0 0 0 0 0 0 0 0 0 0 0 0 0 0 0 0.166667 0 0 0 0 0 0 0 0 0 0 0 0 0 0 0 0 0 0 0.166667 0 0 0 0 0 0 0 0 0.166667 0 0 0 
GAGATATA 0.5 0 0.25 0.25 0 0 0.142857 0.285714 0 0 0 0 0.285714 0 0 0 0.285714 0 0 0 0 0 0 0 0 0 0 0 0.166667 0 0 0 0.333333 0 0 0 0 0 0 0 0 0 0 0 0 0 0 0 0 0 0 0 0 0 0.166667 0.166667 0 0 0 0 0 0 0 0 0 0 0 0 0 0 0 0.166667 0 0 0 0 0 0 0 0 0 0 0 0 
GATATATA 0.5 0 0.125 0.375 0 0 0 0.428571 0 0 0 0 0.142857 0 0 0 0.428571 0 0 0 0 0 0 0 0 0 0 0 0 0 0 0 0.5 0 0 0 0 0 0 0 0 0 0 0 0 0 0 0 0 0 0 0 0 0 0 0.166667 0 0 0 0 0 0 0 0 0 0 0 0 0 0 0 0.333333 0 0 0 0 0 0 0 0 0 0 0 0 
GATTATAA 0.5 0 0.125 0.375 0.142857 0 0 0.285714 0 0 0 0 0.142857 0 0 0 0.285714 0 0 0.142857 0 0 0 0 0 0 0 0 0 0 0 0 0.166667 0 0 0.166667 0 0 0 0 0 0 0 0 0 0 0 0 0 0 0 0 0 0 0 0.166667 0 0 0 0 0 0 0 0 0 0 0 0 0.166667 0 0 0.166667 0 0 0 0 0 0 0 0 0.166667 0 0 0 
GATTTAAA 0.5 0 0.125 0.375 0.285714 0 0 0.142857 0 0 0 0 0.142857 0 0 0 0.142857 0 0 0.285714 0.166667 0 0 0 0 0 0 0 0 0 0 0 0 0 0 0.166667 0 0 0 0 0 0 0 0 0 0 0 0 0 0 0 0 0 0 0 0.166667 0 0 0 0 0 0 0 0 0 0 0 0 0.166667 0 0 0 0 0 0 0 0 0 0 0 0.166667 0 0 0.166667 
GCTATATA 0.375 0.125 0.125 0.375 0 0 0 0.285714 0 0 0 0.142857 0 0.142857 0 0 0.428571 0 0 0 0 0 0 0 0 0 0 0 0 0 0 0 0.333333 0 0 0 0 0 0 0 0 0 0 0 0 0 0 0 0.166667 0 0 0 0 0 0 0 0 0 0 0.166667 0 0 0 0 0 0 0 0 0 0 0 0.333333 0 0 0 0 0 0 0 0 0 0 0 0 
GCTTATAA 0.375 0.125 0.125 0.375 0.142857 0 0 0.142857 0 0 0 0.142857 0 0.142857 0 0 0.285714 0 0 0.142857 0 0 0 0 0 0 0 0 0 0 0 0 0.166667 0 0 0 0 0 0 0 0 0 0 0 0 0 0 0 0 0 0 0.166667 0 0 0 0 0 0 0 0.166667 0 0 0 0 0 0 0 0 0.166667 0 0 0.166667 0 0 0 0 0 0 0 0 0.166667 0 0 0 
GCTTATTA 0.25 0.125 0.125 0.5 0 0 0 0.142857 0 0 0 0.142857 0 0.142857 0 0 0.285714 0 0 0.285714 0 0 0 0 0 0 0 0 0 0 0 0 0 0 0 0.166667 0 0 0 0 0 0 0 0 0 0 0 0 0 0 0 0.166667 0 0 0 0 0 0 0 0.166667 0 0 0 0 0 0 0 0 0 0 0 0.166667 0 0 0 0 0 0 0 0 0.333333 0 0 0 
GGATTATA 0.375 0 0.25 0.375 0 0 0 0.285714 0 0 0 0 0.142857 0 0.142857 0 0.285714 0 0 0.142857 0 0 0 0 0 0 0 0 0 0 0 0 0.166667 0 0 0.166667 0 0 0 0 0 0 0 0 0 0 0 0 0 0 0 0 0 0 0 0.166667 0 0 0 0 0.166667 0 0 0 0 0 0 0 0 0 0 0.166667 0 0 0 0 0 0 0 0 0.166667 0 0 0 
GGTATAAA 0.5 0 0.25 0.25 0.285714 0 0 0.142857 0 0 0 0 0 0 0.142857 0.142857 0.285714 0 0 0 0.166667 0 0 0 0 0 0 0 0 0 0 0 0.166667 0 0 0 0 0 0 0 0 0 0 0 0 0 0 0 0 0 0 0 0 0 0 0 0 0 0 0 0 0 0 0.166667 0.166667 0 0 0 0.166667 0 0 0.166667 0 0 0 0 0 0 0 0 0 0 0 0 
GGTATATA 0.375 0 0.25 0.375 0 0 0 0.285714 0 0 0 0 0 0 0.142857 0.142857 0.428571 0 0 0 0 0 0 0 0 0 0 0 0 0 0 0 0.333333 0 0 0 0 0 0 0 0 0 0 0 0 0 0 0 0 0 0 0 0 0 0 0 0 0 0 0 0 0 0 0.166667 0.166667 0 0 0 0 0 0 0.333333 0 0 0 0 0 0 0 0 0 0 0 0 
GGTTTAAA 0.375 0 0.25 0.375 0.285714 0 0 0 0 0 0 0 0 0 0.142857 0.142857 0.142857 0 0 0.285714 0.166667 0 0 0 0 0 0 0 0 0 0 0 0 0 0 0 0 0 0 0 0 0 0 0 0 0 0 0 0 0 0 0 0 0 0 0 0 0 0 0 0 0 0 0.166667 0 0 0 0.166667 0.166667 0 0 0 0 0 0 0 0 0 0 0 0.166667 0 0 0.166667 
GGTTTATA 0.25 0 0.25 0.5 0 0 0 0.142857 0 0 0 0 0 0 0.142857 0.142857 0.285714 0 0 0.285714 0 0 0 0 0 0 0 0 0 0 0 0 0.166667 0 0 0 0 0 0 0 0 0 0 0 0 0 0 0 0 0 0 0 0 0 0 0 0 0 0 0 0 0 0 0.166667 0 0 0 0.166667 0 0 0 0.166667 0 0 0 0 0 0 0 0 0.166667 0 0 0.166667 
GTAATATA 0.5 0 0.125 0.375 0.142857 0 0 0.285714 0 0 0 0 0 0 0 0.142857 0.428571 0 0 0 0 0 0 0.166667 0 0 0 0 0 0 0 0 0.333333 0 0 0 0 0 0 0 0 0 0 0 0 0 0 0 0 0 0 0 0 0 0 0 0 0 0 0 0 0 0 0 0.166667 0 0 0 0.166667 0 0 0.166667 0 0 0 0 0 0 0 0 0 0 0 0 
GTATAAAA 0.625 0 0.125 0.25 0.428571 0 0 0.142857 0 0 0 0 0 0 0 0.142857 0.285714 0 0 0 0.333333 0 0 0 0 0 0 0 0 0 0 0 0.166667 0 0 0 0 0 0 0 0 0 0 0 0 0 0 0 0 0 0 0 0 0 0 0 0 0 0 0 0 0 0 0 0.166667 0 0 0 0.166667 0 0 0.166667 0 0 0 0 0 0 0 0 0 0 0 0 
GTATAAAC 0.5 0.125 0.125 0.25 0.285714 0.142857 0 0.142857 0 0 0 0 0 0 0 0.142857 0.285714 0 0 0 0.166667 0.166667 0 0 0 0 0 0 0 0 0 0 0.166667 0 0 0 0 0 0 0 0 0 0 0 0 0 0 0 0 0 0 0 0 0 0 0 0 0 0 0 0 0 0 0 0.166667 0 0 0 0.166667 0 0 0.166667 0 0 0 0 0 0 0 0 0 0 0 0 
GTATAATA 0.5 0 0.125 0.375 0.142857 0 0 0.285714 0 0 0 0 0 0 0 0.142857 0.428571 0 0 0 0 0 0 0.166667 0 0 0 0 0 0 0 0 0.333333 0 0 0 0 0 0 0 0 0 0 0 0 0 0 0 0 0 0 0 0 0 0 0 0 0 0 0 0 0 0 0 0.166667 0 0 0 0.166667 0 0 0.166667 0 0 0 0 0 0 0 0 0 0 0 0 
GTATATAA 0.5 0 0.125 0.375 0.142857 0 0 0.285714 0 0 0 0 0 0 0 0.142857 0.428571 0 0 0 0 0 0 0 0 0 0 0 0 0 0 0 0.333333 0 0 0 0 0 0 0 0 0 0 0 0 0 0 0 0 0 0 0 0 0 0 0 0 0 0 0 0 0 0 0 0.166667 0 0 0 0.166667 0 0 0.333333 0 0 0 0 0 0 0 0 0 0 0 0 
GTATATTA 0.375 0 0.125 0.5 0 0 0 0.285714 0 0 0 0 0 0 0 0.142857 0.428571 0 0 0.142857 0 0 0 0 0 0 0 0 0 0 0 0 0.166667 0 0 0.166667 0 0 0 0 0 0 0 0 0 0 0 0 0 0 0 0 0 0 0 0 0 0 0 0 0 0 0 0 0.166667 0 0 0 0 0 0 0.333333 0 0 0 0 0 0 0 0 0.166667 0 0 0 
GTATTAAA 0.5 0 0.125 0.375 0.285714 0 0 0.142857 0 0 0 0 0 0 0 0.142857 0.285714 0 0 0.142857 0.166667 0 0 0 0 0 0 0 0 0 0 0 0 0 0 0.166667 0 0 0 0 0 0 0 0 0 0 0 0 0 0 0 0 0 0 0 0 0 0 0 0 0 0 0 0 0.166667 0 0 0 0.166667 0 0 0.166667 0 0 0 0 0 0 0 0 0.166667 0 0 0 
GTATTATA 0.375 0 0.125 0.5 0 0 0 0.285714 0 0 0 0 0 0 0 0.142857 0.428571 0 0 0.142857 0 0 0 0 0 0 0 0 0 0 0 0 0.166667 0 0 0.166667 0 0 0 0 0 0 0 0 0 0 0 0 0 0 0 0 0 0 0 0 0 0 0 0 0 0 0 0 0.166667 0 0 0 0 0 0 0.333333 0 0 0 0 0 0 0 0 0.166667 0 0 0 
GTATTTAA 0.375 0 0.125 0.5 0.142857 0 0 0.142857 0 0 0 0 0 0 0 0.142857 0.285714 0 0 0.285714 0 0 0 0 0 0 0 0 0 0 0 0 0 0 0 0.166667 0 0 0 0 0 0 0 0 0 0 0 0 0 0 0 0 0 0 0 0 0 0 0 0 0 0 0 0 0.166667 0 0 0 0.166667 0 0 0.166667 0 0 0 0 0 0 0 0 0.166667 0 0 0.166667 
GTTATAAA 0.5 0 0.125 0.375 0.285714 0 0 0.142857 0 0 0 0 0 0 0 0.142857 0.285714 0 0 0.142857 0.166667 0 0 0 0 0 0 0 0 0 0 0 0.166667 0 0 0 0 0 0 0 0 0 0 0 0 0 0 0 0 0 0 0 0 0 0 0 0 0 0 0 0 0 0 0 0 0 0 0.166667 0.166667 0 0 0.166667 0 0 0 0 0 0 0 0 0.166667 0 0 0 
GTTATATA 0.375 0 0.125 0.5 0 0 0 0.285714 0 0 0 0 0 0 0 0.142857 0.428571 0 0 0.142857 0 0 0 0 0 0 0 0 0 0 0 0 0.333333 0 0 0 0 0 0 0 0 0 0 0 0 0 0 0 0 0 0 0 0 0 0 0 0 0 0 0 0 0 0 0 0 0 0 0.166667 0 0 0 0.333333 0 0 0 0 0 0 0 0 0.166667 0 0 0 
GTTTAAAC 0.375 0.125 0.125 0.375 0.285714 0.142857 0 0 0 0 0 0 0 0 0 0.142857 0.142857 0 0 0.285714 0.166667 0.166667 0 0 0 0 0 0 0 0 0 0 0 0 0 0 0 0 0 0 0 0 0 0 0 0 0 0 0 0 0 0 0 0 0 0 0 0 0 0 0 0 0 0 0 0 0 0.166667 0.166667 0 0 0 0 0 0 0 0 0 0 0 0.166667 0 0 0.166667 
GTTTATAA 0.375 0 0.125 0.5 0.142857 0 0 0.142857 0 0 0 0 0 0 0 0.142857 0.285714 0 0 0.285714 0 0 0 0 0 0 0 0 0 0 0 0 0.166667 0 0 0 0 0 0 0 0 0 0 0 0 0 0 0 0 0 0 0 0 0 0 0 0 0 0 0 0 0 0 0 0 0 0 0.166667 0.166667 0 0 0.166667 0 0 0 0 0 0 0 0 0.166667 0 0 0.166667 
GTTTTAAA 0.375 0 0.125 0.5 0.285714 0 0 0 0 0 0 0 0 0 0 0.142857 0.142857 0 0 0.428571 0.166667 0 0 0 0 0 0 0 0 0 0 0 0 0 0 0 0 0 0 0 0 0 0 0 0 0 0 0 0 0 0 0 0 0 0 0 0 0 0 0 0 0 0 0 0 0 0 0.166667 0.166667 0 0 0 0 0 0 0 0 0 0 0 0.166667 0 0 0.333333 
GTTTTATA 0.25 0 0.125 0.625 0 0 0 0.142857 0 0 0 0 0 0 0 0.142857 0.285714 0 0 0.428571 0 0 0 0 0 0 0 0 0 0 0 0 0.166667 0 0 0 0 0 0 0 0 0 0 0 0 0 0 0 0 0 0 0 0 0 0 0 0 0 0 0 0 0 0 0 0 0 0 0.166667 0 0 0 0.166667 0 0 0 0 0 0 0 0 0.166667 0 0 0.333333 
TAAAATTA 0.625 0 0 0.375 0.428571 0 0 0.142857 0 0 0 0 0 0 0 0 0.285714 0 0 0.142857 0.333333 0 0 0.166667 0 0 0 0 0 0 0 0 0 0 0 0.166667 0 0 0 0 0 0 0 0 0 0 0 0 0 0 0 0 0 0 0 0 0 0 0 0 0 0 0 0 0 0 0 0 0.166667 0 0 0 0 0 0 0 0 0 0 0 0.166667 0 0 0 
TAAATAAA 0.75 0 0 0.25 0.571429 0 0 0.142857 0 0 0 0 0 0 0 0 0.285714 0 0 0 0.333333 0 0 0.166667 0 0 0 0 0 0 0 0 0.166667 0 0 0 0 0 0 0 0 0 0 0 0 0 0 0 0 0 0 0 0 0 0 0 0 0 0 0 0 0 0 0 0 0 0 0 0.333333 0 0 0 0 0 0 0 0 0 0 0 0 0 0 0 
TAAATATA 0.625 0 0 0.375 0.285714 0 0 0.285714 0 0 0 0 0 0 0 0 0.428571 0 0 0 0.166667 0 0 0.166667 0 0 0 0 0 0 0 0 0.333333 0 0 0 0 0 0 0 0 0 0 0 0 0 0 0 0 0 0 0 0 0 0 0 0 0 0 0 0 0 0 0 0 0 0 0 0.166667 0 0 0.166667 0 0 0 0 0 0 0 0 0 0 0 0 
TAATATAA 0.625 0 0 0.375 0.285714 0 0 0.285714 0 0 0 0 0 0 0 0 0.428571 0 0 0 0 0 0 0.166667 0 0 0 0 0 0 0 0 0.333333 0 0 0 0 0 0 0 0 0 0 0 0 0 0 0 0 0 0 0 0 0 0 0 0 0 0 0 0 0 0 0 0 0 0 0 0.333333 0 0 0.166667 0 0 0 0 0 0 0 0 0 0 0 0 
TAATATTA 0.5 0 0 0.5 0.142857 0 0 0.285714 0 0 0 0 0 0 0 0 0.428571 0 0 0.142857 0 0 0 0.166667 0 0 0 0 0 0 0 0 0.166667 0 0 0.166667 0 0 0 0 0 0 0 0 0 0 0 0 0 0 0 0 0 0 0 0 0 0 0 0 0 0 0 0 0 0 0 0 0.166667 0 0 0.166667 0 0 0 0 0 0 0 0 0.166667 0 0 0 
TAATTTAA 0.5 0 0 0.5 0.285714 0 0 0.142857 0 0 0 0 0 0 0 0 0.285714 0 0 0.285714 0 0 0 0.166667 0 0 0 0 0 0 0 0 0 0 0 0.166667 0 0 0 0 0 0 0 0 0 0 0 0 0 0 0 0 0 0 0 0 0 0 0 0 0 0 0 0 0 0 0 0 0.333333 0 0 0 0 0 0 0 0 0 0 0 0.166667 0 0 0.166667 
TACATATA 0.5 0.125 0 0.375 0 0.142857 0 0.285714 0.142857 0 0 0 0 0 0 0 0.428571 0 0 0 0 0 0 0 0.166667 0 0 0 0 0 0 0 0.333333 0 0 0 0 0 0 0.166667 0 0 0 0 0 0 0 0 0 0 0 0 0 0 0 0 0 0 0 0 0 0 0 0 0 0 0 0 0 0.166667 0 0.166667 0 0 0 0 0 0 0 0 0 0 0 0 
TACTTATA 0.375 0.125 0 0.5 0 0.142857 0 0.142857 0 0 0 0.142857 0 0 0 0 0.428571 0 0 0.142857 0 0 0 0 0 0 0 0.166667 0 0 0 0 0.166667 0 0 0 0 0 0 0 0 0 0 0 0 0 0 0 0 0 0 0.166667 0 0 0 0 0 0 0 0 0 0 0 0 0 0 0 0 0 0.166667 0 0.166667 0 0 0 0 0 0 0 0 0.166667 0 0 0 
TACTTTAA 0.375 0.125 0 0.5 0.142857 0.142857 0 0 0 0 0 0.142857 0 0 0 0 0.285714 0 0 0.285714 0 0 0 0 0 0 0 0.166667 0 0 0 0 0 0 0 0 0 0 0 0 0 0 0 0 0 0 0 0 0 0 0 0.166667 0 0 0 0 0 0 0 0 0 0 0 0 0 0 0 0 0.166667 0.166667 0 0 0 0 0 0 0 0 0 0 0.166667 0 0 0.166667 
TAGTTATA 0.375 0 0.125 0.5 0 0 0.142857 0.142857 0 0 0 0 0 0 0 0.142857 0.428571 0 0 0.142857 0 0 0 0 0 0 0 0 0 0 0 0.166667 0.166667 0 0 0 0 0 0 0 0 0 0 0 0 0 0 0 0 0 0 0 0 0 0 0 0 0 0 0 0 0 0 0 0 0 0 0.166667 0 0 0.166667 0.166667 0 0 0 0 0 0 0 0 0.166667 0 0 0 
TATAAAAA 0.75 0 0 0.25 0.571429 0 0 0.142857 0 0 0 0 0 0 0 0 0.285714 0 0 0 0.5 0 0 0 0 0 0 0 0 0 0 0 0.166667 0 0 0 0 0 0 0 0 0 0 0 0 0 0 0 0 0 0 0 0 0 0 0 0 0 0 0 0 0 0 0 0 0 0 0 0.166667 0 0 0.166667 0 0 0 0 0 0 0 0 0 0 0 0 
TATAAACA 0.625 0.125 0 0.25 0.285714 0.142857 0 0.142857 0.142857 0 0 0 0 0 0 0 0.285714 0 0 0 0.166667 0.166667 0 0 0.166667 0 0 0 0 0 0 0 0.166667 0 0 0 0 0 0 0 0 0 0 0 0 0 0 0 0 0 0 0 0 0 0 0 0 0 0 0 0 0 0 0 0 0 0 0 0.166667 0 0 0.166667 0 0 0 0 0 0 0 0 0 0 0 0 
TATAAATA 0.625 0 0 0.375 0.285714 0 0 0.285714 0 0 0 0 0 0 0 0 0.428571 0 0 0 0.166667 0 0 0.166667 0 0 0 0 0 0 0 0 0.333333 0 0 0 0 0 0 0 0 0 0 0 0 0 0 0 0 0 0 0 0 0 0 0 0 0 0 0 0 0 0 0 0 0 0 0 0.166667 0 0 0.166667 0 0 0 0 0 0 0 0 0 0 0 0 
TATAAGCA 0.5 0.125 0.125 0.25 0.142857 0 0.142857 0.142857 0.142857 0 0 0 0 0.142857 0 0 0.285714 0 0 0 0 0 0.166667 0 0 0 0 0 0 0.166667 0 0 0.166667 0 0 0 0 0 0 0 0 0 0 0 0 0 0 0 0 0 0 0 0 0 0 0 0.166667 0 0 0 0 0 0 0 0 0 0 0 0.166667 0 0 0.166667 0 0 0 0 0 0 0 0 0 0 0 0 
TATAATAA 0.625 0 0 0.375 0.285714 0 0 0.285714 0 0 0 0 0 0 0 0 0.428571 0 0 0 0 0 0 0.166667 0 0 0 0 0 0 0 0 0.333333 0 0 0 0 0 0 0 0 0 0 0 0 0 0 0 0 0 0 0 0 0 0 0 0 0 0 0 0 0 0 0 0 0 0 0 0.333333 0 0 0.166667 0 0 0 0 0 0 0 0 0 0 0 0 
TATAATGA 0.5 0 0.125 0.375 0.142857 0 0 0.285714 0 0 0 0 0.142857 0 0 0 0.285714 0 0.142857 0 0 0 0 0.166667 0 0 0 0 0 0 0 0 0.166667 0 0.166667 0 0 0 0 0 0 0 0 0 0 0 0 0 0 0 0 0 0 0 0 0 0 0 0 0 0 0 0 0 0 0 0 0 0.166667 0 0 0.166667 0 0 0 0 0.166667 0 0 0 0 0 0 0 
TATAGATA 0.5 0 0.125 0.375 0 0 0.142857 0.285714 0 0 0 0 0.142857 0 0 0 0.428571 0 0 0 0 0 0 0 0 0 0 0 0.166667 0 0 0 0.333333 0 0 0 0 0 0 0 0 0 0 0 0 0 0 0 0 0 0 0 0 0 0 0.166667 0 0 0 0 0 0 0 0 0 0 0 0 0 0 0.166667 0.166667 0 0 0 0 0 0 0 0 0 0 0 0 
TATATAAA 0.625 0 0 0.375 0.285714 0 0 0.285714 0 0 0 0 0 0 0 0 0.428571 0 0 0 0.166667 0 0 0 0 0 0 0 0 0 0 0 0.333333 0 0 0 0 0 0 0 0 0 0 0 0 0 0 0 0 0 0 0 0 0 0 0 0 0 0 0 0 0 0 0 0 0 0 0 0.166667 0 0 0.333333 0 0 0 0 0 0 0 0 0 0 0 0 
TATATACA 0.5 0.125 0 0.375 0 0.142857 0 0.285714 0.142857 0 0 0 0 0 0 0 0.428571 0 0 0 0 0 0 0 0.166667 0 0 0 0 0 0 0 0.333333 0 0 0 0 0 0 0 0 0 0 0 0 0 0 0 0 0 0 0 0 0 0 0 0 0 0 0 0 0 0 0 0 0 0 0 0 0.166667 0 0.333333 0 0 0 0 0 0 0 0 0 0 0 0 
TATATAGA 0.5 0 0.125 0.375 0 0 0.142857 0.285714 0 0 0 0 0.142857 0 0 0 0.428571 0 0 0 0 0 0 0 0 0 0 0 0.166667 0 0 0 0.333333 0 0 0 0 0 0 0 0 0 0 0 0 0 0 0 0 0 0 0 0 0 0 0 0 0 0 0 0 0 0 0 0 0 0 0 0 0 0.166667 0.333333 0 0 0 0 0 0 0 0 0 0 0 0 
TATATATA 0.5 0 0 0.5 0 0 0 0.428571 0 0 0 0 0 0 0 0 0.571429 0 0 0 0 0 0 0 0 0 0 0 0 0 0 0 0.5 0 0 0 0 0 0 0 0 0 0 0 0 0 0 0 0 0 0 0 0 0 0 0 0 0 0 0 0 0 0 0 0 0 0 0 0 0 0 0.5 0 0 0 0 0 0 0 0 0 0 0 0 
TATATGAA 0.5 0 0.125 0.375 0.142857 0 0 0.285714 0 0 0 0 0.142857 0 0 0 0.285714 0 0.142857 0 0 0 0 0 0 0 0 0 0 0 0 0 0.166667 0 0.166667 0 0 0 0 0 0 0 0 0 0 0 0 0 0 0 0 0 0.166667 0 0 0 0 0 0 0 0 0 0 0 0 0 0 0 0 0 0 0.333333 0 0 0 0 0.166667 0 0 0 0 0 0 0 
TATATTAA 0.5 0 0 0.5 0.142857 0 0 0.285714 0 0 0 0 0 0 0 0 0.428571 0 0 0.142857 0 0 0 0 0 0 0 0 0 0 0 0 0.166667 0 0 0.166667 0 0 0 0 0 0 0 0 0 0 0 0 0 0 0 0 0 0 0 0 0 0 0 0 0 0 0 0 0 0 0 0 0.166667 0 0 0.333333 0 0 0 0 0 0 0 0 0.166667 0 0 0 
TATATTCA 0.375 0.125 0 0.5 0 0 0 0.285714 0.142857 0 0 0 0 0 0 0 0.285714 0.142857 0 0.142857 0 0 0 0 0 0 0 0 0 0 0 0 0.166667 0 0 0.166667 0 0 0 0 0 0 0 0 0 0 0 0 0 0 0 0 0 0 0 0 0 0 0 0 0 0 0 0 0 0 0 0 0 0 0 0.333333 0.166667 0 0 0 0 0 0 0 0 0.166667 0 0 
TATATTGA 0.375 0 0.125 0.5 0 0 0 0.285714 0 0 0 0 0.142857 0 0 0 0.285714 0 0.142857 0.142857 0 0 0 0 0 0 0 0 0 0 0 0 0.166667 0 0 0.166667 0 0 0 0 0 0 0 0 0 0 0 0 0 0 0 0 0 0 0 0 0 0 0 0 0 0 0 0 0 0 0 0 0 0 0 0.333333 0 0 0 0 0.166667 0 0 0 0 0 0.166667 0 
TATTAAAA 0.625 0 0 0.375 0.428571 0 0 0.142857 0 0 0 0 0 0 0 0 0.285714 0 0 0.142857 0.333333 0 0 0 0 0 0 0 0 0 0 0 0 0 0 0.166667 0 0 0 0 0 0 0 0 0 0 0 0 0 0 0 0 0 0 0 0 0 0 0 0 0 0 0 0 0 0 0 0 0.166667 0 0 0.166667 0 0 0 0 0 0 0 0 0.166667 0 0 0 
TATTAATA 0.5 0 0 0.5 0.142857 0 0 0.285714 0 0 0 0 0 0 0 0 0.428571 0 0 0.142857 0 0 0 0.166667 0 0 0 0 0 0 0 0 0.166667 0 0 0.166667 0 0 0 0 0 0 0 0 0 0 0 0 0 0 0 0 0 0 0 0 0 0 0 0 0 0 0 0 0 0 0 0 0.166667 0 0 0.166667 0 0 0 0 0 0 0 0 0.166667 0 0 0 
TATTATAA 0.5 0 0 0.5 0.142857 0 0 0.285714 0 0 0 0 0 0 0 0 0.428571 0 0 0.142857 0 0 0 0 0 0 0 0 0 0 0 0 0.166667 0 0 0.166667 0 0 0 0 0 0 0 0 0 0 0 0 0 0 0 0 0 0 0 0 0 0 0 0 0 0 0 0 0 0 0 0 0.166667 0 0 0.333333 0 0 0 0 0 0 0 0 0.166667 0 0 0 
TATTTAAA 0.5 0 0 0.5 0.285714 0 0 0.142857 0 0 0 0 0 0 0 0 0.285714 0 0 0.285714 0.166667 0 0 0 0 0 0 0 0 0 0 0 0 0 0 0.166667 0 0 0 0 0 0 0 0 0 0 0 0 0 0 0 0 0 0 0 0 0 0 0 0 0 0 0 0 0 0 0 0 0.166667 0 0 0.166667 0 0 0 0 0 0 0 0 0.166667 0 0 0.166667 
TCATATAA 0.5 0.125 0 0.375 0.142857 0 0 0.285714 0.142857 0 0 0 0 0 0 0 0.285714 0.142857 0 0 0 0 0 0 0 0 0 0 0 0 0 0 0.333333 0 0 0 0 0 0 0.166667 0 0 0 0 0 0 0 0 0 0 0 0 0 0 0 0 0 0 0 0 0 0 0 0 0 0 0 0 0.166667 0 0 0.166667 0.166667 0 0 0 0 0 0 0 0 0 0 0 
TCTTATAA 0.375 0.125 0 0.5 0.142857 0 0 0.142857 0 0 0 0.142857 0 0 0 0 0.285714 0.142857 0 0.142857 0 0 0 0 0 0 0 0 0 0 0 0 0.166667 0 0 0 0 0 0 0 0 0 0 0 0 0 0 0 0 0 0 0.166667 0 0 0 0 0 0 0 0 0 0 0 0 0 0 0 0 0.166667 0 0 0.166667 0 0 0 0.166667 0 0 0 0 0.166667 0 0 0 
TCTTTTAA 0.25 0.125 0 0.625 0.142857 0 0 0 0 0 0 0.142857 0 0 0 0 0.142857 0.142857 0 0.428571 0 0 0 0 0 0 0 0 0 0 0 0 0 0 0 0 0 0 0 0 0 0 0 0 0 0 0 0 0 0 0 0.166667 0 0 0 0 0 0 0 0 0 0 0 0 0 0 0 0 0.166667 0 0 0 0 0 0 0.166667 0 0 0 0 0.166667 0 0 0.333333 
TGATTTAA 0.375 0 0.125 0.5 0.142857 0 0 0.142857 0 0 0 0 0.142857 0 0 0 0.142857 0 0.142857 0.285714 0 0 0 0 0 0 0 0 0 0 0 0 0 0 0 0.166667 0 0 0 0 0 0 0 0 0 0 0 0 0 0 0 0 0 0 0 0.166667 0 0 0 0 0 0 0 0 0 0 0 0 0.166667 0 0 0 0 0 0 0 0.166667 0 0 0 0.166667 0 0 0.166667 
TTAAATAA 0.625 0 0 0.375 0.428571 0 0 0.142857 0 0 0 0 0 0 0 0 0.285714 0 0 0.142857 0.166667 0 0 0.166667 0 0 0 0 0 0 0 0 0.166667 0 0 0 0 0 0 0 0 0 0 0 0 0 0 0 0 0 0 0 0 0 0 0 0 0 0 0 0 0 0 0 0 0 0 0 0.333333 0 0 0 0 0 0 0 0 0 0 0 0.166667 0 0 0 
TTAATAAA 0.625 0 0 0.375 0.428571 0 0 0.142857 0 0 0 0 0 0 0 0 0.285714 0 0 0.142857 0.166667 0 0 0.166667 0 0 0 0 0 0 0 0 0.166667 0 0 0 0 0 0 0 0 0 0 0 0 0 0 0 0 0 0 0 0 0 0 0 0 0 0 0 0 0 0 0 0 0 0 0 0.333333 0 0 0 0 0 0 0 0 0 0 0 0.166667 0 0 0 
TTAATTAA 0.5 0 0 0.5 0.285714 0 0 0.142857 0 0 0 0 0 0 0 0 0.285714 0 0 0.285714 0 0 0 0.166667 0 0 0 0 0 0 0 0 0 0 0 0.166667 0 0 0 0 0 0 0 0 0 0 0 0 0 0 0 0 0 0 0 0 0 0 0 0 0 0 0 0 0 0 0 0 0.333333 0 0 0 0 0 0 0 0 0 0 0 0.333333 0 0 0 
TTATAAAA 0.625 0 0 0.375 0.428571 0 0 0.142857 0 0 0 0 0 0 0 0 0.285714 0 0 0.142857 0.333333 0 0 0 0 0 0 0 0 0 0 0 0.166667 0 0 0 0 0 0 0 0 0 0 0 0 0 0 0 0 0 0 0 0 0 0 0 0 0 0 0 0 0 0 0 0 0 0 0 0.166667 0 0 0.166667 0 0 0 0 0 0 0 0 0.166667 0 0 0 
TTATATAA 0.5 0 0 0.5 0.142857 0 0 0.285714 0 0 0 0 0 0 0 0 0.428571 0 0 0.142857 0 0 0 0 0 0 0 0 0 0 0 0 0.333333 0 0 0 0 0 0 0 0 0 0 0 0 0 0 0 0 0 0 0 0 0 0 0 0 0 0 0 0 0 0 0 0 0 0 0 0.166667 0 0 0.333333 0 0 0 0 0 0 0 0 0.166667 0 0 0 
TTATTAAA 0.5 0 0 0.5 0.285714 0 0 0.142857 0 0 0 0 0 0 0 0 0.285714 0 0 0.285714 0.166667 0 0 0 0 0 0 0 0 0 0 0 0 0 0 0.166667 0 0 0 0 0 0 0 0 0 0 0 0 0 0 0 0 0 0 0 0 0 0 0 0 0 0 0 0 0 0 0 0 0.166667 0 0 0.166667 0 0 0 0 0 0 0 0 0.333333 0 0 0 
TTTAAAAA 0.625 0 0 0.375 0.571429 0 0 0 0 0 0 0 0 0 0 0 0.142857 0 0 0.285714 0.5 0 0 0 0 0 0 0 0 0 0 0 0 0 0 0 0 0 0 0 0 0 0 0 0 0 0 0 0 0 0 0 0 0 0 0 0 0 0 0 0 0 0 0 0 0 0 0 0.166667 0 0 0 0 0 0 0 0 0 0 0 0.166667 0 0 0.166667 
TTTATAAA 0.5 0 0 0.5 0.285714 0 0 0.142857 0 0 0 0 0 0 0 0 0.285714 0 0 0.285714 0.166667 0 0 0 0 0 0 0 0 0 0 0 0.166667 0 0 0 0 0 0 0 0 0 0 0 0 0 0 0 0 0 0 0 0 0 0 0 0 0 0 0 0 0 0 0 0 0 0 0 0.166667 0 0 0.166667 0 0 0 0 0 0 0 0 0.166667 0 0 0.166667 
TTTTAAAA 0.5 0 0 0.5 0.428571 0 0 0 0 0 0 0 0 0 0 0 0.142857 0 0 0.428571 0.333333 0 0 0 0 0 0 0 0 0 0 0 0 0 0 0 0 0 0 0 0 0 0 0 0 0 0 0 0 0 0 0 0 0 0 0 0 0 0 0 0 0 0 0 0 0 0 0 0.166667 0 0 0 0 0 0 0 0 0 0 0 0.166667 0 0 0.333333 
