AAAATATA 0.666667 0 0 0.166667 0 0 0 0 0 0 0 0 0 0 0 0.166667 0.4 0 0 0.4 0 0 0 0 0 0 0 0 0.2 0 0 0 0.5 0 0 0.5 0 0 0 0 0 0 0 0 0 0 0 0 0.666667 0 0 0.333333 0 0 0 0 0 0 0 0 0 0 0 0 
AAAATTAA 0.333333 0 0 0.333333 0 0 0 0 0 0 0 0 0.333333 0 0 0 0.4 0 0 0.4 0 0 0 0 0 0 0 0 0.2 0 0 0 0.5 0 0 0.5 0 0 0 0 0 0 0 0 0 0 0 0 0.666667 0 0 0.333333 0 0 0 0 0 0 0 0 0 0 0 0 
AAATAATA 0.5 0 0 0.333333 0 0 0 0 0 0 0 0 0.166667 0 0 0 0.6 0 0 0.2 0 0 0 0 0 0 0 0 0 0 0 0.2 0.5 0 0 0.25 0 0 0 0 0 0 0 0 0.25 0 0 0 0.666667 0 0 0.333333 0 0 0 0 0 0 0 0 0 0 0 0 
AAATATAA 0.5 0 0 0.166667 0 0 0 0 0 0 0 0 0.166667 0 0 0.166667 0.4 0 0 0.4 0 0 0 0 0 0 0 0 0.2 0 0 0 0.5 0 0 0.25 0 0 0 0 0 0 0 0 0.25 0 0 0 0.666667 0 0 0.333333 0 0 0 0 0 0 0 0 0 0 0 0 
AAATATAG 0.5 0 0 0.166667 0 0 0 0 0 0 0 0 0 0 0.166667 0.166667 0.2 0 0.2 0.4 0 0 0 0 0 0 0 0 0.2 0 0 0 0.5 0 0 0.25 0 0 0 0 0 0 0 0 0 0 0.25 0 0.333333 0 0.333333 0.333333 0 0 0 0 0 0 0 0 0 0 0 0 
AAATATAT 0.5 0 0 0.166667 0 0 0 0 0 0 0 0 0 0 0 0.333333 0.2 0 0 0.6 0 0 0 0 0 0 0 0 0.2 0 0 0 0.5 0 0 0.25 0 0 0 0 0 0 0 0 0 0 0 0.25 0.333333 0 0 0.666667 0 0 0 0 0 0 0 0 0 0 0 0 
AAATATTA 0.333333 0 0 0.333333 0 0 0 0 0 0 0 0 0.166667 0 0 0.166667 0.4 0 0 0.4 0 0 0 0 0 0 0 0 0 0 0 0.2 0.25 0 0 0.5 0 0 0 0 0 0 0 0 0.25 0 0 0 0.333333 0 0 0.666667 0 0 0 0 0 0 0 0 0 0 0 0 
AAATATTT 0.333333 0 0 0.333333 0 0 0 0 0 0 0 0 0 0 0 0.333333 0.2 0 0 0.6 0 0 0 0 0 0 0 0 0 0 0 0.2 0.25 0 0 0.5 0 0 0 0 0 0 0 0 0 0 0 0.25 0 0 0 1 0 0 0 0 0 0 0 0 0 0 0 0 
AAATTAAA 0.333333 0 0 0.333333 0 0 0 0 0 0 0 0 0.333333 0 0 0 0.2 0 0 0.4 0 0 0 0 0 0 0 0 0.4 0 0 0 0.5 0 0 0.25 0 0 0 0 0 0 0 0 0.25 0 0 0 1 0 0 0 0 0 0 0 0 0 0 0 0 0 0 0 
AAATTAAT 0.166667 0 0 0.5 0 0 0 0 0 0 0 0 0.333333 0 0 0 0.2 0 0 0.4 0 0 0 0 0 0 0 0 0.2 0 0 0.2 0.5 0 0 0.25 0 0 0 0 0 0 0 0 0 0 0 0.25 0.666667 0 0 0.333333 0 0 0 0 0 0 0 0 0 0 0 0 
AAATTATA 0.333333 0 0 0.333333 0 0 0 0 0 0 0 0 0.166667 0 0 0.166667 0.2 0 0 0.4 0 0 0 0 0 0 0 0 0.2 0 0 0.2 0.25 0 0 0.5 0 0 0 0 0 0 0 0 0.25 0 0 0 0.666667 0 0 0.333333 0 0 0 0 0 0 0 0 0 0 0 0 
AAATTATG 0.166667 0 0.166667 0.333333 0 0 0 0 0 0 0 0 0.166667 0 0 0.166667 0.2 0 0 0.4 0 0 0 0 0 0 0 0 0 0 0.2 0.2 0.25 0 0 0.5 0 0 0 0 0 0 0 0 0 0 0.25 0 0.333333 0 0.333333 0.333333 0 0 0 0 0 0 0 0 0 0 0 0 
AAATTATT 0.166667 0 0 0.5 0 0 0 0 0 0 0 0 0.166667 0 0 0.166667 0.2 0 0 0.4 0 0 0 0 0 0 0 0 0 0 0 0.4 0.25 0 0 0.5 0 0 0 0 0 0 0 0 0 0 0 0.25 0.333333 0 0 0.666667 0 0 0 0 0 0 0 0 0 0 0 0 
AACTATAA 0.166667 0.166667 0 0.166667 0.166667 0 0 0 0 0 0 0 0.166667 0 0 0.166667 0.4 0 0 0.2 0 0 0 0.2 0 0 0 0 0.2 0 0 0 0.25 0 0 0.25 0.25 0 0 0 0 0 0 0 0.25 0 0 0 0.333333 0 0 0.333333 0.333333 0 0 0 0 0 0 0 0 0 0 0 
AACTTATA 0.166667 0.166667 0 0.166667 0 0 0 0.166667 0 0 0 0 0.166667 0 0 0.166667 0 0 0 0.4 0.2 0 0 0 0 0 0 0 0.2 0 0 0.2 0.25 0 0 0.25 0 0 0 0.25 0 0 0 0 0.25 0 0 0 0.333333 0 0 0.333333 0.333333 0 0 0 0 0 0 0 0 0 0 0 
AACTTTAA 0 0.166667 0 0.166667 0 0 0 0.166667 0 0 0 0 0.333333 0 0 0.166667 0 0 0 0.4 0 0 0 0.2 0 0 0 0 0.4 0 0 0 0 0 0 0.5 0.25 0 0 0 0 0 0 0 0.25 0 0 0 0.333333 0 0 0.333333 0.333333 0 0 0 0 0 0 0 0 0 0 0 
AAGATATA 0.5 0 0.166667 0 0 0 0 0 0 0 0 0.166667 0 0 0 0.166667 0.2 0 0 0.4 0 0 0 0 0.2 0 0 0 0.2 0 0 0 0.5 0 0 0.25 0 0 0 0 0 0 0 0.25 0 0 0 0 0.333333 0 0 0.333333 0 0 0 0 0.333333 0 0 0 0 0 0 0 
AAGTATAA 0.166667 0 0.166667 0.166667 0 0 0 0 0.166667 0 0 0 0.166667 0 0 0.166667 0.4 0 0 0.2 0 0 0 0 0 0 0 0.2 0.2 0 0 0 0.25 0 0 0.25 0 0 0 0 0.25 0 0 0 0.25 0 0 0 0.333333 0 0 0.333333 0 0 0 0 0.333333 0 0 0 0 0 0 0 
AAGTTATA 0.166667 0 0.166667 0.166667 0 0 0 0 0 0 0 0.166667 0.166667 0 0 0.166667 0 0 0 0.4 0 0 0 0 0.2 0 0 0 0.2 0 0 0.2 0.25 0 0 0.25 0 0 0 0 0 0 0 0.25 0.25 0 0 0 0.333333 0 0 0.333333 0 0 0 0 0.333333 0 0 0 0 0 0 0 
AATAAAAT 0.5 0 0 0.333333 0 0 0 0 0 0 0 0 0.166667 0 0 0 0.6 0 0 0.2 0 0 0 0 0 0 0 0 0.2 0 0 0 0.5 0 0 0.25 0 0 0 0 0 0 0 0 0.25 0 0 0 0.666667 0 0 0 0 0 0 0 0 0 0 0 0 0 0 0.333333 
AATAAATA 0.5 0 0 0.333333 0 0 0 0 0 0 0 0 0.166667 0 0 0 0.6 0 0 0.2 0 0 0 0 0 0 0 0 0.2 0 0 0 0.75 0 0 0 0 0 0 0 0 0 0 0 0 0 0 0.25 0.333333 0 0 0.333333 0 0 0 0 0 0 0 0 0.333333 0 0 0 
AATAATAT 0.333333 0 0 0.333333 0 0 0 0 0 0 0 0 0.166667 0 0 0.166667 0.6 0 0 0.2 0 0 0 0 0 0 0 0 0 0 0 0.2 0.25 0 0 0.5 0 0 0 0 0 0 0 0 0.25 0 0 0 0.333333 0 0 0.333333 0 0 0 0 0 0 0 0 0 0 0 0.333333 
AATATAAA 0.5 0 0 0.166667 0 0 0 0 0 0 0 0 0.166667 0 0 0.166667 0.4 0 0 0.2 0 0 0 0 0 0 0 0 0.4 0 0 0 0.5 0 0 0.25 0 0 0 0 0 0 0 0 0.25 0 0 0 0.666667 0 0 0 0 0 0 0 0 0 0 0 0.333333 0 0 0 
AATATAAC 0.333333 0.166667 0 0.166667 0 0 0 0 0 0 0 0 0.166667 0 0 0.166667 0.4 0 0 0.2 0 0 0 0 0 0 0 0 0.2 0.2 0 0 0.25 0.25 0 0.25 0 0 0 0 0 0 0 0 0.25 0 0 0 0.666667 0 0 0 0 0 0 0 0 0 0 0 0 0.333333 0 0 
AATATAAG 0.333333 0 0.166667 0.166667 0 0 0 0 0 0 0 0 0.166667 0 0 0.166667 0.4 0 0 0.2 0 0 0 0 0 0 0 0 0.2 0 0.2 0 0.25 0 0.25 0.25 0 0 0 0 0 0 0 0 0.25 0 0 0 0.666667 0 0 0 0 0 0 0 0 0 0 0 0 0 0.333333 0 
AATATAAT 0.333333 0 0 0.333333 0 0 0 0 0 0 0 0 0.166667 0 0 0.166667 0.4 0 0 0.2 0 0 0 0 0 0 0 0 0.2 0 0 0.2 0.25 0 0 0.5 0 0 0 0 0 0 0 0 0.25 0 0 0 0.666667 0 0 0 0 0 0 0 0 0 0 0 0 0 0 0.333333 
AATATAGA 0.5 0 0 0.166667 0 0 0 0 0 0 0 0 0 0 0.166667 0.166667 0.2 0 0.2 0.2 0 0 0 0 0 0 0 0 0.4 0 0 0 0.5 0 0 0.25 0 0 0 0 0 0 0 0 0 0 0.25 0 0.333333 0 0.333333 0 0 0 0 0 0 0 0 0 0.333333 0 0 0 
AATATATA 0.5 0 0 0.166667 0 0 0 0 0 0 0 0 0 0 0 0.333333 0.2 0 0 0.4 0 0 0 0 0 0 0 0 0.4 0 0 0 0.5 0 0 0.25 0 0 0 0 0 0 0 0 0 0 0 0.25 0.333333 0 0 0.333333 0 0 0 0 0 0 0 0 0.333333 0 0 0 
AATATATC 0.333333 0.166667 0 0.166667 0 0 0 0 0 0 0 0 0 0 0 0.333333 0.2 0 0 0.4 0 0 0 0 0 0 0 0 0.2 0.2 0 0 0.25 0.25 0 0.25 0 0 0 0 0 0 0 0 0 0 0 0.25 0.333333 0 0 0.333333 0 0 0 0 0 0 0 0 0 0.333333 0 0 
AATATATG 0.333333 0 0.166667 0.166667 0 0 0 0 0 0 0 0 0 0 0 0.333333 0.2 0 0 0.4 0 0 0 0 0 0 0 0 0.2 0 0.2 0 0.25 0 0.25 0.25 0 0 0 0 0 0 0 0 0 0 0 0.25 0.333333 0 0 0.333333 0 0 0 0 0 0 0 0 0 0 0.333333 0 
AATATATT 0.333333 0 0 0.333333 0 0 0 0 0 0 0 0 0 0 0 0.333333 0.2 0 0 0.4 0 0 0 0 0 0 0 0 0.2 0 0 0.2 0.25 0 0 0.5 0 0 0 0 0 0 0 0 0 0 0 0.25 0.333333 0 0 0.333333 0 0 0 0 0 0 0 0 0 0 0 0.333333 
AATATTAA 0.166667 0 0 0.333333 0 0 0 0 0 0 0 0 0.333333 0 0 0.166667 0.4 0 0 0.2 0 0 0 0 0 0 0 0 0.2 0 0 0.2 0.25 0 0 0.5 0 0 0 0 0 0 0 0 0.25 0 0 0 0.333333 0 0 0.333333 0 0 0 0 0 0 0 0 0.333333 0 0 0 
AATATTAC 0.166667 0 0 0.333333 0 0 0 0 0 0 0 0 0.166667 0.166667 0 0.166667 0.4 0 0 0.2 0 0 0 0 0 0 0 0 0 0.2 0 0.2 0 0.25 0 0.5 0 0 0 0 0 0 0 0 0.25 0 0 0 0.333333 0 0 0.333333 0 0 0 0 0 0 0 0 0 0.333333 0 0 
AATATTAT 0.166667 0 0 0.333333 0 0 0 0 0 0 0 0 0.166667 0 0 0.333333 0.4 0 0 0.2 0 0 0 0 0 0 0 0 0 0 0 0.4 0 0 0 0.75 0 0 0 0 0 0 0 0 0.25 0 0 0 0.333333 0 0 0.333333 0 0 0 0 0 0 0 0 0 0 0 0.333333 
AATATTCC 0.166667 0 0 0.333333 0 0 0 0 0 0 0 0 0 0.333333 0 0.166667 0.2 0.2 0 0.2 0 0 0 0 0 0 0 0 0 0.2 0 0.2 0 0.25 0 0.5 0 0 0 0 0 0 0 0 0 0.25 0 0 0 0.333333 0 0.333333 0 0 0 0 0 0 0 0 0 0.333333 0 0 
AATATTTA 0.166667 0 0 0.333333 0 0 0 0 0 0 0 0 0.166667 0 0 0.333333 0.2 0 0 0.4 0 0 0 0 0 0 0 0 0.2 0 0 0.2 0.25 0 0 0.5 0 0 0 0 0 0 0 0 0 0 0 0.25 0 0 0 0.666667 0 0 0 0 0 0 0 0 0.333333 0 0 0 
AATATTTC 0.166667 0 0 0.333333 0 0 0 0 0 0 0 0 0 0.166667 0 0.333333 0.2 0 0 0.4 0 0 0 0 0 0 0 0 0 0.2 0 0.2 0 0.25 0 0.5 0 0 0 0 0 0 0 0 0 0 0 0.25 0 0 0 0.666667 0 0 0 0 0 0 0 0 0 0.333333 0 0 
AATATTTG 0.166667 0 0 0.333333 0 0 0 0 0 0 0 0 0 0 0.166667 0.333333 0.2 0 0 0.4 0 0 0 0 0 0 0 0 0 0 0.2 0.2 0 0 0.25 0.5 0 0 0 0 0 0 0 0 0 0 0 0.25 0 0 0 0.666667 0 0 0 0 0 0 0 0 0 0 0.333333 0 
AATTAAAT 0.166667 0 0 0.5 0 0 0 0 0 0 0 0 0.333333 0 0 0 0.2 0 0 0.4 0 0 0 0 0 0 0 0 0.4 0 0 0 0.5 0 0 0 0 0 0 0 0 0 0 0 0.25 0 0 0.25 0.666667 0 0 0 0 0 0 0 0 0 0 0 0 0 0 0.333333 
AATTAATA 0.166667 0 0 0.5 0 0 0 0 0 0 0 0 0.333333 0 0 0 0.4 0 0 0.2 0 0 0 0 0 0 0 0 0.2 0 0 0.2 0.5 0 0 0 0 0 0 0 0 0 0 0 0.25 0 0 0.25 0.333333 0 0 0.333333 0 0 0 0 0 0 0 0 0.333333 0 0 0 
AATTATAA 0.166667 0 0 0.333333 0 0 0 0 0 0 0 0 0.333333 0 0 0.166667 0.4 0 0 0.2 0 0 0 0 0 0 0 0 0.2 0 0 0.2 0.25 0 0 0.25 0 0 0 0 0 0 0 0 0.5 0 0 0 0.333333 0 0 0.333333 0 0 0 0 0 0 0 0 0.333333 0 0 0 
AATTATAT 0.166667 0 0 0.333333 0 0 0 0 0 0 0 0 0.166667 0 0 0.333333 0.2 0 0 0.4 0 0 0 0 0 0 0 0 0.2 0 0 0.2 0.25 0 0 0.25 0 0 0 0 0 0 0 0 0.25 0 0 0.25 0.333333 0 0 0.333333 0 0 0 0 0 0 0 0 0 0 0 0.333333 
AATTATTA 0 0 0 0.5 0 0 0 0 0 0 0 0 0.333333 0 0 0.166667 0.4 0 0 0.2 0 0 0 0 0 0 0 0 0 0 0 0.4 0.25 0 0 0.25 0 0 0 0 0 0 0 0 0.25 0 0 0.25 0 0 0 0.666667 0 0 0 0 0 0 0 0 0.333333 0 0 0 
AATTTAAA 0.166667 0 0 0.333333 0 0 0 0 0 0 0 0 0.333333 0 0 0.166667 0 0 0 0.4 0 0 0 0 0 0 0 0 0.6 0 0 0 0.25 0 0 0.25 0 0 0 0 0 0 0 0 0.5 0 0 0 0.666667 0 0 0 0 0 0 0 0 0 0 0 0.333333 0 0 0 
AATTTATA 0.166667 0 0 0.333333 0 0 0 0 0 0 0 0 0.166667 0 0 0.333333 0 0 0 0.4 0 0 0 0 0 0 0 0 0.4 0 0 0.2 0.25 0 0 0.25 0 0 0 0 0 0 0 0 0.25 0 0 0.25 0.333333 0 0 0.333333 0 0 0 0 0 0 0 0 0.333333 0 0 0 
AATTTTAA 0 0 0 0.333333 0 0 0 0 0 0 0 0 0.333333 0 0 0.333333 0 0 0 0.4 0 0 0 0 0 0 0 0 0.4 0 0 0.2 0 0 0 0.5 0 0 0 0 0 0 0 0 0.5 0 0 0 0.333333 0 0 0.333333 0 0 0 0 0 0 0 0 0.333333 0 0 0 
ACATATAA 0.5 0 0 0 0 0 0 0.166667 0 0 0 0 0.166667 0 0 0.166667 0.2 0 0 0.4 0.2 0 0 0 0 0 0 0 0.2 0 0 0 0.5 0 0 0 0 0 0 0.25 0 0 0 0 0.25 0 0 0 0.333333 0 0 0.333333 0.333333 0 0 0 0 0 0 0 0 0 0 0 
ACATATAT 0.5 0 0 0 0 0 0 0.166667 0 0 0 0 0 0 0 0.333333 0 0 0 0.6 0.2 0 0 0 0 0 0 0 0.2 0 0 0 0.5 0 0 0 0 0 0 0.25 0 0 0 0 0 0 0 0.25 0 0 0 0.666667 0.333333 0 0 0 0 0 0 0 0 0 0 0 
ACATTTAA 0.166667 0 0 0.166667 0 0 0 0.166667 0 0 0 0 0.333333 0 0 0.166667 0 0 0 0.4 0 0 0 0.2 0 0 0 0 0.4 0 0 0 0.25 0 0 0.25 0 0 0 0.25 0 0 0 0 0.25 0 0 0 0.333333 0 0 0.333333 0.333333 0 0 0 0 0 0 0 0 0 0 0 
ACCATATA 0.333333 0.166667 0 0 0.166667 0 0 0.166667 0 0 0 0 0 0 0 0.166667 0.2 0 0 0.2 0.2 0 0 0.2 0 0 0 0 0.2 0 0 0 0.25 0 0 0.25 0.25 0 0 0.25 0 0 0 0 0 0 0 0 0.333333 0 0 0 0.333333 0 0 0.333333 0 0 0 0 0 0 0 0 
ACTATAAA 0.333333 0 0 0.166667 0.166667 0 0 0 0 0 0 0 0.166667 0 0 0.166667 0.4 0 0 0 0 0 0 0.2 0 0 0 0 0.4 0 0 0 0.25 0 0 0.25 0.25 0 0 0 0 0 0 0 0.25 0 0 0 0.333333 0 0 0 0.333333 0 0 0 0 0 0 0 0.333333 0 0 0 
ACTATATA 0.333333 0 0 0.166667 0.166667 0 0 0 0 0 0 0 0 0 0 0.333333 0.2 0 0 0.2 0 0 0 0.2 0 0 0 0 0.4 0 0 0 0.25 0 0 0.25 0.25 0 0 0 0 0 0 0 0 0 0 0.25 0.333333 0 0 0 0 0 0 0.333333 0 0 0 0 0.333333 0 0 0 
ACTTATAA 0.166667 0 0 0.166667 0 0 0 0.166667 0 0 0 0 0.333333 0 0 0.166667 0.2 0 0 0.2 0.2 0 0 0 0 0 0 0 0.2 0 0 0.2 0.25 0 0 0 0 0 0 0.25 0 0 0 0 0.5 0 0 0 0 0 0 0.333333 0.333333 0 0 0 0 0 0 0 0.333333 0 0 0 
ACTTATAT 0.166667 0 0 0.166667 0 0 0 0.166667 0 0 0 0 0.166667 0 0 0.333333 0 0 0 0.4 0.2 0 0 0 0 0 0 0 0.2 0 0 0.2 0.25 0 0 0 0 0 0 0.25 0 0 0 0 0.25 0 0 0.25 0 0 0 0.333333 0.333333 0 0 0 0 0 0 0 0 0 0 0.333333 
ACTTTAAA 0.166667 0 0 0.166667 0 0 0 0.166667 0 0 0 0 0.333333 0 0 0.166667 0 0 0 0.2 0 0 0 0.2 0 0 0 0 0.6 0 0 0 0 0 0 0.25 0.25 0 0 0 0 0 0 0 0.5 0 0 0 0.333333 0 0 0 0.333333 0 0 0 0 0 0 0 0.333333 0 0 0 
ACTTTATA 0.166667 0 0 0.166667 0 0 0 0.166667 0 0 0 0 0.166667 0 0 0.333333 0 0 0 0.2 0 0 0 0.2 0 0 0 0 0.4 0 0 0.2 0 0 0 0.25 0.25 0 0 0 0 0 0 0 0.25 0 0 0.25 0.333333 0 0 0 0 0 0 0.333333 0 0 0 0 0.333333 0 0 0 
AGAATATA 0.5 0 0 0.166667 0 0 0 0 0.166667 0 0 0 0 0 0 0.166667 0.4 0 0 0.2 0 0 0 0 0 0 0 0.2 0.2 0 0 0 0.25 0 0 0.5 0 0 0 0 0.25 0 0 0 0 0 0 0 0.666667 0 0 0 0 0 0 0 0 0 0 0.333333 0 0 0 0 
AGATATAA 0.5 0 0 0 0 0 0 0 0 0 0 0.166667 0.166667 0 0 0.166667 0.2 0 0 0.4 0 0 0 0 0.2 0 0 0 0.2 0 0 0 0.5 0 0 0 0 0 0 0 0 0 0 0.25 0.25 0 0 0 0.333333 0 0 0.333333 0 0 0 0 0.333333 0 0 0 0 0 0 0 
AGATATAT 0.5 0 0 0 0 0 0 0 0 0 0 0.166667 0 0 0 0.333333 0 0 0 0.6 0 0 0 0 0.2 0 0 0 0.2 0 0 0 0.5 0 0 0 0 0 0 0 0 0 0 0.25 0 0 0 0.25 0 0 0 0.666667 0 0 0 0 0.333333 0 0 0 0 0 0 0 
AGATTATA 0.333333 0 0 0.166667 0 0 0 0 0 0 0 0.166667 0.166667 0 0 0.166667 0.2 0 0 0.2 0 0 0 0 0 0 0 0.2 0.2 0 0 0.2 0 0 0 0.5 0 0 0 0 0.25 0 0 0 0.25 0 0 0 0.666667 0 0 0 0 0 0 0 0 0 0 0.333333 0 0 0 0 
AGGTATAT 0.166667 0 0.166667 0 0 0 0 0 0.166667 0 0 0.166667 0 0 0 0.333333 0 0 0 0.4 0 0 0 0 0.2 0 0 0.2 0.2 0 0 0 0.25 0 0 0 0 0 0 0 0.25 0 0 0.25 0 0 0 0.25 0 0 0 0.333333 0 0 0 0 0.333333 0 0 0.333333 0 0 0 0 
AGTATATA 0.333333 0 0 0.166667 0 0 0 0 0.166667 0 0 0 0 0 0 0.333333 0.2 0 0 0.2 0 0 0 0 0 0 0 0.2 0.4 0 0 0 0.25 0 0 0.25 0 0 0 0 0.25 0 0 0 0 0 0 0.25 0.333333 0 0 0 0 0 0 0 0 0 0 0.333333 0.333333 0 0 0 
AGTTATAA 0.166667 0 0 0.166667 0 0 0 0 0 0 0 0.166667 0.333333 0 0 0.166667 0.2 0 0 0.2 0 0 0 0 0.2 0 0 0 0.2 0 0 0.2 0.25 0 0 0 0 0 0 0 0 0 0 0.25 0.5 0 0 0 0 0 0 0.333333 0 0 0 0 0.333333 0 0 0 0.333333 0 0 0 
AGTTATAT 0.166667 0 0 0.166667 0 0 0 0 0 0 0 0.166667 0.166667 0 0 0.333333 0 0 0 0.4 0 0 0 0 0.2 0 0 0 0.2 0 0 0.2 0.25 0 0 0 0 0 0 0 0 0 0 0.25 0.25 0 0 0.25 0 0 0 0.333333 0 0 0 0 0.333333 0 0 0 0 0 0 0.333333 
AGTTTAAA 0.166667 0 0 0.166667 0 0 0 0 0 0 0 0.166667 0.333333 0 0 0.166667 0 0 0 0.2 0 0 0 0 0 0 0 0.2 0.6 0 0 0 0 0 0 0.25 0 0 0 0 0.25 0 0 0 0.5 0 0 0 0.333333 0 0 0 0 0 0 0 0.333333 0 0 0 0.333333 0 0 0 
AGTTTATA 0.166667 0 0 0.166667 0 0 0 0 0 0 0 0.166667 0.166667 0 0 0.333333 0 0 0 0.2 0 0 0 0 0 0 0 0.2 0.4 0 0 0.2 0 0 0 0.25 0 0 0 0 0.25 0 0 0 0.25 0 0 0.25 0.333333 0 0 0 0 0 0 0 0 0 0 0.333333 0.333333 0 0 0 
AGTTTTAT 0 0 0 0.166667 0 0 0 0 0 0 0 0.166667 0.166667 0 0 0.5 0 0 0 0.2 0 0 0 0 0 0 0 0.2 0.2 0 0 0.4 0 0 0 0.25 0 0 0 0 0 0 0 0.25 0.25 0 0 0.25 0 0 0 0.333333 0 0 0 0 0.333333 0 0 0 0 0 0 0.333333 
ATAAAAAG 0.666667 0 0.166667 0 0 0 0 0 0 0 0 0 0.166667 0 0 0 0.6 0 0.2 0 0 0 0 0 0 0 0 0 0.2 0 0 0 0.5 0 0.25 0 0 0 0 0 0 0 0 0 0.25 0 0 0 0.333333 0 0.333333 0 0 0 0 0 0 0 0 0 0.333333 0 0 0 
ATAAAAGC 0.5 0.166667 0.166667 0 0 0 0 0 0 0 0 0 0.166667 0 0 0 0.4 0.2 0.2 0 0 0 0 0 0 0 0 0 0.2 0 0 0 0.25 0.25 0.25 0 0 0 0 0 0 0 0 0 0.25 0 0 0 0.333333 0.333333 0 0 0 0 0 0 0 0 0 0 0 0 0.333333 0 
ATAAAAGG 0.5 0 0.333333 0 0 0 0 0 0 0 0 0 0.166667 0 0 0 0.4 0 0.4 0 0 0 0 0 0 0 0 0 0.2 0 0 0 0.25 0 0.5 0 0 0 0 0 0 0 0 0 0.25 0 0 0 0.333333 0 0.333333 0 0 0 0 0 0 0 0 0 0 0 0.333333 0 
ATAAAATA 0.666667 0 0 0.166667 0 0 0 0 0 0 0 0 0.166667 0 0 0 0.6 0 0 0.2 0 0 0 0 0 0 0 0 0.2 0 0 0 0.5 0 0 0.25 0 0 0 0 0 0 0 0 0.25 0 0 0 0.666667 0 0 0 0 0 0 0 0 0 0 0 0 0 0 0.333333 
ATAAACTA 0.333333 0.166667 0 0.166667 0.166667 0 0 0 0 0 0 0 0.166667 0 0 0 0.4 0.2 0 0.2 0 0 0 0 0 0 0 0 0.2 0 0 0 0.5 0 0 0.25 0 0 0 0 0 0 0 0 0 0.25 0 0 0.333333 0.333333 0 0 0 0 0 0 0 0 0 0 0 0 0 0.333333 
ATAAATAA 0.5 0 0 0.166667 0 0 0 0 0 0 0 0 0.333333 0 0 0 0.6 0 0 0.2 0 0 0 0 0 0 0 0 0.2 0 0 0 0.75 0 0 0 0 0 0 0 0 0 0 0 0 0 0 0.25 0.333333 0 0 0.333333 0 0 0 0 0 0 0 0 0.333333 0 0 0 
ATAAATAC 0.5 0 0 0.166667 0 0 0 0 0 0 0 0 0.166667 0.166667 0 0 0.4 0.2 0 0.2 0 0 0 0 0 0 0 0 0.2 0 0 0 0.5 0.25 0 0 0 0 0 0 0 0 0 0 0 0 0 0.25 0 0.333333 0 0.333333 0 0 0 0 0 0 0 0 0.333333 0 0 0 
ATAAATAG 0.5 0 0 0.166667 0 0 0 0 0 0 0 0 0.166667 0 0.166667 0 0.4 0 0.2 0.2 0 0 0 0 0 0 0 0 0.2 0 0 0 0.5 0 0.25 0 0 0 0 0 0 0 0 0 0 0 0 0.25 0 0 0.333333 0.333333 0 0 0 0 0 0 0 0 0.333333 0 0 0 
ATAAATAT 0.5 0 0 0.166667 0 0 0 0 0 0 0 0 0.166667 0 0 0.166667 0.4 0 0 0.4 0 0 0 0 0 0 0 0 0.2 0 0 0 0.5 0 0 0.25 0 0 0 0 0 0 0 0 0 0 0 0.25 0 0 0 0.666667 0 0 0 0 0 0 0 0 0.333333 0 0 0 
ATAAATTA 0.333333 0 0 0.333333 0 0 0 0 0 0 0 0 0.333333 0 0 0 0.4 0 0 0.4 0 0 0 0 0 0 0 0 0.2 0 0 0 0.5 0 0 0.25 0 0 0 0 0 0 0 0 0 0 0 0.25 0.333333 0 0 0.333333 0 0 0 0 0 0 0 0 0 0 0 0.333333 
ATAATAAA 0.5 0 0 0.166667 0 0 0 0 0 0 0 0 0.333333 0 0 0 0.6 0 0 0 0 0 0 0 0 0 0 0 0.2 0 0 0.2 0.5 0 0 0.25 0 0 0 0 0 0 0 0 0.25 0 0 0 0.666667 0 0 0 0 0 0 0 0 0 0 0 0.333333 0 0 0 
ATAATAGG 0.333333 0 0.166667 0.166667 0 0 0 0 0 0 0 0 0.166667 0 0.166667 0 0.4 0 0.2 0 0 0 0 0 0 0 0 0 0 0 0.2 0.2 0 0 0.5 0.25 0 0 0 0 0 0 0 0 0.25 0 0 0 0.333333 0 0.333333 0 0 0 0 0 0 0 0 0 0 0 0.333333 0 
ATAATATA 0.5 0 0 0.166667 0 0 0 0 0 0 0 0 0.166667 0 0 0.166667 0.4 0 0 0.2 0 0 0 0 0 0 0 0 0.2 0 0 0.2 0.25 0 0 0.5 0 0 0 0 0 0 0 0 0.25 0 0 0 0.666667 0 0 0 0 0 0 0 0 0 0 0 0 0 0 0.333333 
ATAATATC 0.333333 0.166667 0 0.166667 0 0 0 0 0 0 0 0 0.166667 0 0 0.166667 0.4 0 0 0.2 0 0 0 0 0 0 0 0 0 0.2 0 0.2 0 0.25 0 0.5 0 0 0 0 0 0 0 0 0.25 0 0 0 0.333333 0.333333 0 0 0 0 0 0 0 0 0 0 0 0 0 0.333333 
ATAATTTA 0.166667 0 0 0.333333 0 0 0 0 0 0 0 0 0.333333 0 0 0.166667 0.2 0 0 0.4 0 0 0 0 0 0 0 0 0.2 0 0 0.2 0.25 0 0 0.5 0 0 0 0 0 0 0 0 0 0 0 0.25 0.333333 0 0 0.333333 0 0 0 0 0 0 0 0 0 0 0 0.333333 
ATAATTTG 0.166667 0 0 0.333333 0 0 0 0 0 0 0 0 0.166667 0 0.166667 0.166667 0.2 0 0 0.4 0 0 0 0 0 0 0 0 0 0 0.2 0.2 0 0 0.25 0.5 0 0 0 0 0 0 0 0 0 0 0 0.25 0 0 0.333333 0.333333 0 0 0 0 0 0 0 0 0 0 0 0.333333 
ATACATAT 0.5 0 0 0 0 0 0 0.166667 0 0 0 0 0 0.166667 0 0.166667 0 0.2 0 0.4 0.2 0 0 0 0 0 0 0 0.2 0 0 0 0.5 0 0 0 0 0 0 0.25 0 0 0 0 0 0 0 0.25 0 0 0 0.666667 0 0 0 0 0 0 0 0 0.333333 0 0 0 
ATAGTATC 0.166667 0.166667 0 0.166667 0 0 0 0 0.166667 0 0 0 0 0 0.166667 0.166667 0.2 0 0.2 0 0 0 0 0 0 0 0 0.2 0 0.2 0 0.2 0 0 0 0.5 0 0 0 0 0 0.25 0 0 0.25 0 0 0 0.333333 0.333333 0 0 0 0 0 0 0 0 0 0 0 0 0 0.333333 
ATATAAAA 0.666667 0 0 0 0 0 0 0 0 0 0 0 0.166667 0 0 0.166667 0.4 0 0 0.2 0 0 0 0 0 0 0 0 0.4 0 0 0 0.5 0 0 0 0 0 0 0 0 0 0 0 0.5 0 0 0 0.666667 0 0 0 0 0 0 0 0 0 0 0 0.333333 0 0 0 
ATATAAAC 0.5 0.166667 0 0 0 0 0 0 0 0 0 0 0.166667 0 0 0.166667 0.2 0.2 0 0.2 0 0 0 0 0 0 0 0 0.4 0 0 0 0.5 0 0 0 0 0 0 0 0 0 0 0 0.25 0.25 0 0 0.333333 0.333333 0 0 0 0 0 0 0 0 0 0 0.333333 0 0 0 
ATATAAAG 0.5 0 0.166667 0 0 0 0 0 0 0 0 0 0.166667 0 0 0.166667 0.2 0 0.2 0.2 0 0 0 0 0 0 0 0 0.4 0 0 0 0.5 0 0 0 0 0 0 0 0 0 0 0 0.25 0 0.25 0 0.333333 0 0.333333 0 0 0 0 0 0 0 0 0 0.333333 0 0 0 
ATATAAAT 0.5 0 0 0.166667 0 0 0 0 0 0 0 0 0.166667 0 0 0.166667 0.2 0 0 0.4 0 0 0 0 0 0 0 0 0.4 0 0 0 0.5 0 0 0 0 0 0 0 0 0 0 0 0.25 0 0 0.25 0.333333 0 0 0.333333 0 0 0 0 0 0 0 0 0.333333 0 0 0 
ATATAAGA 0.5 0 0.166667 0 0 0 0 0 0 0 0 0 0.166667 0 0 0.166667 0.4 0 0 0.2 0 0 0 0 0 0 0 0 0.2 0 0.2 0 0.25 0 0.25 0 0 0 0 0 0 0 0 0 0.5 0 0 0 0.666667 0 0 0 0 0 0 0 0 0 0 0 0 0 0.333333 0 
ATATAAGC 0.333333 0.166667 0.166667 0 0 0 0 0 0 0 0 0 0.166667 0 0 0.166667 0.2 0.2 0 0.2 0 0 0 0 0 0 0 0 0.2 0 0.2 0 0.25 0 0.25 0 0 0 0 0 0 0 0 0 0.25 0.25 0 0 0.333333 0.333333 0 0 0 0 0 0 0 0 0 0 0 0 0.333333 0 
ATATAAGG 0.333333 0 0.333333 0 0 0 0 0 0 0 0 0 0.166667 0 0 0.166667 0.2 0 0.2 0.2 0 0 0 0 0 0 0 0 0.2 0 0.2 0 0.25 0 0.25 0 0 0 0 0 0 0 0 0 0.25 0 0.25 0 0.333333 0 0.333333 0 0 0 0 0 0 0 0 0 0 0 0.333333 0 
ATATAATA 0.5 0 0 0.166667 0 0 0 0 0 0 0 0 0.166667 0 0 0.166667 0.4 0 0 0.2 0 0 0 0 0 0 0 0 0.2 0 0 0.2 0.25 0 0 0.25 0 0 0 0 0 0 0 0 0.5 0 0 0 0.666667 0 0 0 0 0 0 0 0 0 0 0 0 0 0 0.333333 
ATATAATC 0.333333 0.166667 0 0.166667 0 0 0 0 0 0 0 0 0.166667 0 0 0.166667 0.2 0.2 0 0.2 0 0 0 0 0 0 0 0 0.2 0 0 0.2 0.25 0 0 0.25 0 0 0 0 0 0 0 0 0.25 0.25 0 0 0.333333 0.333333 0 0 0 0 0 0 0 0 0 0 0 0 0 0.333333 
ATATAATG 0.333333 0 0.166667 0.166667 0 0 0 0 0 0 0 0 0.166667 0 0 0.166667 0.2 0 0.2 0.2 0 0 0 0 0 0 0 0 0.2 0 0 0.2 0.25 0 0 0.25 0 0 0 0 0 0 0 0 0.25 0 0.25 0 0.333333 0 0.333333 0 0 0 0 0 0 0 0 0 0 0 0 0.333333 
ATATACAT 0.5 0 0 0 0 0 0 0.166667 0 0 0 0 0 0.166667 0 0.166667 0 0.2 0 0.4 0 0 0 0 0 0 0 0 0.4 0 0 0 0.5 0 0 0 0 0 0 0 0 0 0 0 0 0.25 0 0.25 0 0.333333 0 0.333333 0 0 0 0 0 0 0 0 0.333333 0 0 0 
ATATACCC 0.333333 0.166667 0 0 0 0.166667 0 0 0 0 0 0 0 0.166667 0 0.166667 0 0.4 0 0.2 0 0 0 0 0 0 0 0 0.2 0.2 0 0 0.25 0.25 0 0 0 0 0 0 0 0 0 0 0 0.5 0 0 0 0.666667 0 0 0 0 0 0 0 0 0 0 0 0.333333 0 0 
ATATACTA 0.333333 0 0 0.166667 0.166667 0 0 0 0 0 0 0 0 0.166667 0 0.166667 0.2 0.2 0 0.2 0 0 0 0 0 0 0 0 0.2 0 0 0.2 0.25 0 0 0.25 0 0 0 0 0 0 0 0 0.25 0.25 0 0 0.333333 0.333333 0 0 0 0 0 0 0 0 0 0 0 0 0 0.333333 
ATATACTG 0.333333 0 0 0.166667 0 0 0.166667 0 0 0 0 0 0 0.166667 0 0.166667 0 0.2 0.2 0.2 0 0 0 0 0 0 0 0 0.2 0 0 0.2 0.25 0 0 0.25 0 0 0 0 0 0 0 0 0 0.25 0.25 0 0 0.333333 0.333333 0 0 0 0 0 0 0 0 0 0 0 0 0.333333 
ATATAGAT 0.5 0 0 0 0 0 0 0 0 0 0 0.166667 0 0 0.166667 0.166667 0 0 0.2 0.4 0 0 0 0 0 0 0 0 0.4 0 0 0 0.5 0 0 0 0 0 0 0 0 0 0 0 0 0 0.25 0.25 0 0 0.333333 0.333333 0 0 0 0 0 0 0 0 0.333333 0 0 0 
ATATAGTA 0.333333 0 0 0.166667 0 0 0 0 0.166667 0 0 0 0 0 0.166667 0.166667 0.2 0 0.2 0.2 0 0 0 0 0 0 0 0 0.2 0 0 0.2 0.25 0 0 0.25 0 0 0 0 0 0 0 0 0.25 0 0.25 0 0.333333 0 0.333333 0 0 0 0 0 0 0 0 0 0 0 0 0.333333 
ATATAGTC 0.333333 0 0 0.166667 0 0 0 0 0 0.166667 0 0 0 0 0.166667 0.166667 0 0.2 0.2 0.2 0 0 0 0 0 0 0 0 0.2 0 0 0.2 0.25 0 0 0.25 0 0 0 0 0 0 0 0 0 0.25 0.25 0 0 0.333333 0.333333 0 0 0 0 0 0 0 0 0 0 0 0 0.333333 
ATATATAA 0.5 0 0 0 0 0 0 0 0 0 0 0 0.166667 0 0 0.333333 0.2 0 0 0.4 0 0 0 0 0 0 0 0 0.4 0 0 0 0.5 0 0 0 0 0 0 0 0 0 0 0 0.25 0 0 0.25 0.333333 0 0 0.333333 0 0 0 0 0 0 0 0 0.333333 0 0 0 
ATATATAC 0.5 0 0 0 0 0 0 0 0 0 0 0 0 0.166667 0 0.333333 0 0.2 0 0.4 0 0 0 0 0 0 0 0 0.4 0 0 0 0.5 0 0 0 0 0 0 0 0 0 0 0 0 0.25 0 0.25 0 0.333333 0 0.333333 0 0 0 0 0 0 0 0 0.333333 0 0 0 
ATATATAG 0.5 0 0 0 0 0 0 0 0 0 0 0 0 0 0.166667 0.333333 0 0 0.2 0.4 0 0 0 0 0 0 0 0 0.4 0 0 0 0.5 0 0 0 0 0 0 0 0 0 0 0 0 0 0.25 0.25 0 0 0.333333 0.333333 0 0 0 0 0 0 0 0 0.333333 0 0 0 
ATATATAT 0.5 0 0 0 0 0 0 0 0 0 0 0 0 0 0 0.5 0 0 0 0.6 0 0 0 0 0 0 0 0 0.4 0 0 0 0.5 0 0 0 0 0 0 0 0 0 0 0 0 0 0 0.5 0 0 0 0.666667 0 0 0 0 0 0 0 0 0.333333 0 0 0 
ATATATCA 0.333333 0.166667 0 0 0 0 0 0 0 0 0 0 0.166667 0 0 0.333333 0.2 0 0 0.4 0 0 0 0 0 0 0 0 0.2 0.2 0 0 0.25 0.25 0 0 0 0 0 0 0 0 0 0 0.25 0 0 0.25 0.333333 0 0 0.333333 0 0 0 0 0 0 0 0 0 0.333333 0 0 
ATATATCC 0.333333 0.166667 0 0 0 0 0 0 0 0 0 0 0 0.166667 0 0.333333 0 0.2 0 0.4 0 0 0 0 0 0 0 0 0.2 0.2 0 0 0.25 0.25 0 0 0 0 0 0 0 0 0 0 0 0.25 0 0.25 0 0.333333 0 0.333333 0 0 0 0 0 0 0 0 0 0.333333 0 0 
ATATATCG 0.333333 0.166667 0 0 0 0 0 0 0 0 0 0 0 0 0.166667 0.333333 0 0 0.2 0.4 0 0 0 0 0 0 0 0 0.2 0.2 0 0 0.25 0.25 0 0 0 0 0 0 0 0 0 0 0 0 0.25 0.25 0 0 0.333333 0.333333 0 0 0 0 0 0 0 0 0 0.333333 0 0 
ATATATGA 0.333333 0 0.166667 0 0 0 0 0 0 0 0 0 0.166667 0 0 0.333333 0.2 0 0 0.4 0 0 0 0 0 0 0 0 0.2 0 0.2 0 0.25 0 0.25 0 0 0 0 0 0 0 0 0 0.25 0 0 0.25 0.333333 0 0 0.333333 0 0 0 0 0 0 0 0 0 0 0.333333 0 
ATATATGC 0.333333 0 0.166667 0 0 0 0 0 0 0 0 0 0 0.166667 0 0.333333 0 0.2 0 0.4 0 0 0 0 0 0 0 0 0.2 0 0.2 0 0.25 0 0.25 0 0 0 0 0 0 0 0 0 0 0.25 0 0.25 0 0.333333 0 0.333333 0 0 0 0 0 0 0 0 0 0 0.333333 0 
ATATATGG 0.333333 0 0.166667 0 0 0 0 0 0 0 0 0 0 0 0.166667 0.333333 0 0 0.2 0.4 0 0 0 0 0 0 0 0 0.2 0 0.2 0 0.25 0 0.25 0 0 0 0 0 0 0 0 0 0 0 0.25 0.25 0 0 0.333333 0.333333 0 0 0 0 0 0 0 0 0 0 0.333333 0 
ATATATTA 0.333333 0 0 0.166667 0 0 0 0 0 0 0 0 0.166667 0 0 0.333333 0.2 0 0 0.4 0 0 0 0 0 0 0 0 0.2 0 0 0.2 0.25 0 0 0.25 0 0 0 0 0 0 0 0 0.25 0 0 0.25 0.333333 0 0 0.333333 0 0 0 0 0 0 0 0 0 0 0 0.333333 
ATATATTC 0.333333 0 0 0.166667 0 0 0 0 0 0 0 0 0 0.166667 0 0.333333 0 0.2 0 0.4 0 0 0 0 0 0 0 0 0.2 0 0 0.2 0.25 0 0 0.25 0 0 0 0 0 0 0 0 0 0.25 0 0.25 0 0.333333 0 0.333333 0 0 0 0 0 0 0 0 0 0 0 0.333333 
ATATATTG 0.333333 0 0 0.166667 0 0 0 0 0 0 0 0 0 0 0.166667 0.333333 0 0 0.2 0.4 0 0 0 0 0 0 0 0 0.2 0 0 0.2 0.25 0 0 0.25 0 0 0 0 0 0 0 0 0 0 0.25 0.25 0 0 0.333333 0.333333 0 0 0 0 0 0 0 0 0 0 0 0.333333 
ATATTAAA 0.333333 0 0 0.166667 0 0 0 0 0 0 0 0 0.333333 0 0 0.166667 0.2 0 0 0.2 0 0 0 0 0 0 0 0 0.4 0 0 0.2 0.25 0 0 0.25 0 0 0 0 0 0 0 0 0.5 0 0 0 0.666667 0 0 0 0 0 0 0 0 0 0 0 0.333333 0 0 0 
ATATTAAG 0.166667 0 0.166667 0.166667 0 0 0 0 0 0 0 0 0.333333 0 0 0.166667 0.2 0 0 0.2 0 0 0 0 0 0 0 0 0.2 0 0.2 0.2 0.25 0 0 0.25 0 0 0 0 0 0 0 0 0.25 0 0.25 0 0.333333 0 0.333333 0 0 0 0 0 0 0 0 0 0.333333 0 0 0 
ATATTAAT 0.166667 0 0 0.333333 0 0 0 0 0 0 0 0 0.333333 0 0 0.166667 0.2 0 0 0.2 0 0 0 0 0 0 0 0 0.2 0 0 0.4 0.25 0 0 0.25 0 0 0 0 0 0 0 0 0.25 0 0 0.25 0.333333 0 0 0.333333 0 0 0 0 0 0 0 0 0.333333 0 0 0 
ATATTATA 0.333333 0 0 0.166667 0 0 0 0 0 0 0 0 0.166667 0 0 0.333333 0.2 0 0 0.2 0 0 0 0 0 0 0 0 0.2 0 0 0.4 0 0 0 0.5 0 0 0 0 0 0 0 0 0.5 0 0 0 0.666667 0 0 0 0 0 0 0 0 0 0 0 0 0 0 0.333333 
ATATTATC 0.166667 0.166667 0 0.166667 0 0 0 0 0 0 0 0 0.166667 0 0 0.333333 0.2 0 0 0.2 0 0 0 0 0 0 0 0 0 0.2 0 0.4 0 0 0 0.5 0 0 0 0 0 0 0 0 0.25 0.25 0 0 0.333333 0.333333 0 0 0 0 0 0 0 0 0 0 0 0 0 0.333333 
ATATTATG 0.166667 0 0.166667 0.166667 0 0 0 0 0 0 0 0 0.166667 0 0 0.333333 0.2 0 0 0.2 0 0 0 0 0 0 0 0 0 0 0.2 0.4 0 0 0 0.5 0 0 0 0 0 0 0 0 0.25 0 0.25 0 0.333333 0 0.333333 0 0 0 0 0 0 0 0 0 0 0 0 0.333333 
ATATTCCC 0.166667 0 0 0.166667 0 0.166667 0 0 0 0 0 0 0 0.333333 0 0.166667 0 0.2 0 0.2 0 0 0 0 0 0 0 0 0 0.4 0 0.2 0 0.25 0 0.25 0 0 0 0 0 0 0 0 0 0.5 0 0 0 0.666667 0 0 0 0 0 0 0 0 0 0 0 0.333333 0 0 
ATATTTAA 0.166667 0 0 0.166667 0 0 0 0 0 0 0 0 0.333333 0 0 0.333333 0 0 0 0.4 0 0 0 0 0 0 0 0 0.4 0 0 0.2 0.25 0 0 0.25 0 0 0 0 0 0 0 0 0.25 0 0 0.25 0.333333 0 0 0.333333 0 0 0 0 0 0 0 0 0.333333 0 0 0 
ATATTTAG 0.166667 0 0 0.166667 0 0 0 0 0 0 0 0 0.166667 0 0.166667 0.333333 0 0 0 0.4 0 0 0 0 0 0 0 0 0.2 0 0.2 0.2 0.25 0 0 0.25 0 0 0 0 0 0 0 0 0 0 0.25 0.25 0 0 0.333333 0.333333 0 0 0 0 0 0 0 0 0.333333 0 0 0 
ATATTTGC 0.166667 0 0 0.166667 0 0 0 0 0 0 0 0 0 0.166667 0.166667 0.333333 0 0 0 0.4 0 0 0 0 0 0 0 0 0 0.2 0.2 0.2 0 0 0.25 0.25 0 0 0 0 0 0 0 0 0 0.25 0 0.25 0 0.333333 0 0.333333 0 0 0 0 0 0 0 0 0 0 0.333333 0 
ATATTTTA 0.166667 0 0 0.166667 0 0 0 0 0 0 0 0 0.166667 0 0 0.5 0 0 0 0.4 0 0 0 0 0 0 0 0 0.2 0 0 0.4 0 0 0 0.5 0 0 0 0 0 0 0 0 0.25 0 0 0.25 0.333333 0 0 0.333333 0 0 0 0 0 0 0 0 0 0 0 0.333333 
ATCATATA 0.333333 0.166667 0 0 0 0 0 0.166667 0 0 0 0 0.166667 0 0 0.166667 0.2 0 0 0.2 0.2 0 0 0 0 0 0 0 0.2 0 0 0.2 0.25 0 0 0.25 0 0 0 0.25 0 0 0 0 0.25 0 0 0 0.333333 0 0 0 0.333333 0 0 0 0 0 0 0 0 0 0 0.333333 
ATCTTATA 0.166667 0.166667 0 0 0 0 0 0.166667 0 0 0 0 0.166667 0 0 0.333333 0 0 0 0.2 0.2 0 0 0 0 0 0 0 0.2 0 0 0.4 0 0 0 0.25 0 0 0 0.25 0 0 0 0 0.5 0 0 0 0.333333 0 0 0 0.333333 0 0 0 0 0 0 0 0 0 0 0.333333 
ATGATATA 0.333333 0 0.166667 0 0 0 0 0 0 0 0 0.166667 0.166667 0 0 0.166667 0.2 0 0 0.2 0 0 0 0 0.2 0 0 0 0.2 0 0 0.2 0.25 0 0 0.25 0 0 0 0 0 0 0 0.25 0.25 0 0 0 0.333333 0 0 0 0 0 0 0 0.333333 0 0 0 0 0 0 0.333333 
ATTAAAAT 0.333333 0 0 0.333333 0 0 0 0 0 0 0 0 0.333333 0 0 0 0.4 0 0 0.2 0 0 0 0 0 0 0 0 0.4 0 0 0 0.25 0 0 0.25 0 0 0 0 0 0 0 0 0.5 0 0 0 0.333333 0 0 0 0 0 0 0 0 0 0 0 0.333333 0 0 0.333333 
ATTAAATA 0.333333 0 0 0.333333 0 0 0 0 0 0 0 0 0.333333 0 0 0 0.4 0 0 0.2 0 0 0 0 0 0 0 0 0.4 0 0 0 0.5 0 0 0 0 0 0 0 0 0 0 0 0.25 0 0 0.25 0.333333 0 0 0 0 0 0 0 0 0 0 0 0.333333 0 0 0.333333 
ATTAATAA 0.166667 0 0 0.333333 0 0 0 0 0 0 0 0 0.5 0 0 0 0.6 0 0 0 0 0 0 0 0 0 0 0 0.2 0 0 0.2 0.5 0 0 0 0 0 0 0 0 0 0 0 0.25 0 0 0.25 0 0 0 0.333333 0 0 0 0 0 0 0 0 0.666667 0 0 0 
ATTAATAC 0.166667 0 0 0.333333 0 0 0 0 0 0 0 0 0.333333 0.166667 0 0 0.4 0.2 0 0 0 0 0 0 0 0 0 0 0.2 0 0 0.2 0.25 0.25 0 0 0 0 0 0 0 0 0 0 0.25 0 0 0.25 0 0 0 0.333333 0 0 0 0 0 0 0 0 0.333333 0.333333 0 0 
ATTAATAG 0.166667 0 0 0.333333 0 0 0 0 0 0 0 0 0.333333 0 0.166667 0 0.4 0 0.2 0 0 0 0 0 0 0 0 0 0.2 0 0 0.2 0.25 0 0.25 0 0 0 0 0 0 0 0 0 0.25 0 0 0.25 0 0 0 0.333333 0 0 0 0 0 0 0 0 0.333333 0 0.333333 0 
ATTAATTA 0 0 0 0.5 0 0 0 0 0 0 0 0 0.5 0 0 0 0.4 0 0 0.2 0 0 0 0 0 0 0 0 0.2 0 0 0.2 0.5 0 0 0 0 0 0 0 0 0 0 0 0 0 0 0.5 0 0 0 0.333333 0 0 0 0 0 0 0 0 0.333333 0 0 0.333333 
ATTAATTC 0 0 0 0.5 0 0 0 0 0 0 0 0 0.333333 0.166667 0 0 0.2 0.2 0 0.2 0 0 0 0 0 0 0 0 0.2 0 0 0.2 0.25 0.25 0 0 0 0 0 0 0 0 0 0 0 0 0 0.5 0 0 0 0.333333 0 0 0 0 0 0 0 0 0 0.333333 0 0.333333 
ATTATAAA 0.333333 0 0 0.166667 0 0 0 0 0 0 0 0 0.333333 0 0 0.166667 0.4 0 0 0 0 0 0 0 0 0 0 0 0.4 0 0 0.2 0.25 0 0 0.25 0 0 0 0 0 0 0 0 0.5 0 0 0 0.333333 0 0 0 0 0 0 0 0 0 0 0 0.666667 0 0 0 
ATTATAAG 0.166667 0 0.166667 0.166667 0 0 0 0 0 0 0 0 0.333333 0 0 0.166667 0.4 0 0 0 0 0 0 0 0 0 0 0 0.2 0 0.2 0.2 0 0 0.25 0.25 0 0 0 0 0 0 0 0 0.5 0 0 0 0.333333 0 0 0 0 0 0 0 0 0 0 0 0.333333 0 0.333333 0 
ATTATAAT 0.166667 0 0 0.333333 0 0 0 0 0 0 0 0 0.333333 0 0 0.166667 0.4 0 0 0 0 0 0 0 0 0 0 0 0.2 0 0 0.4 0 0 0 0.5 0 0 0 0 0 0 0 0 0.5 0 0 0 0.333333 0 0 0 0 0 0 0 0 0 0 0 0.333333 0 0 0.333333 
ATTATATA 0.333333 0 0 0.166667 0 0 0 0 0 0 0 0 0.166667 0 0 0.333333 0.2 0 0 0.2 0 0 0 0 0 0 0 0 0.4 0 0 0.2 0.25 0 0 0.25 0 0 0 0 0 0 0 0 0.25 0 0 0.25 0.333333 0 0 0 0 0 0 0 0 0 0 0 0.333333 0 0 0.333333 
ATTATATC 0.166667 0.166667 0 0.166667 0 0 0 0 0 0 0 0 0.166667 0 0 0.333333 0.2 0 0 0.2 0 0 0 0 0 0 0 0 0.2 0.2 0 0.2 0 0.25 0 0.25 0 0 0 0 0 0 0 0 0.25 0 0 0.25 0.333333 0 0 0 0 0 0 0 0 0 0 0 0 0.333333 0 0.333333 
ATTATATG 0.166667 0 0.166667 0.166667 0 0 0 0 0 0 0 0 0.166667 0 0 0.333333 0.2 0 0 0.2 0 0 0 0 0 0 0 0 0.2 0 0.2 0.2 0 0 0.25 0.25 0 0 0 0 0 0 0 0 0.25 0 0 0.25 0.333333 0 0 0 0 0 0 0 0 0 0 0 0 0 0.333333 0.333333 
ATTATTAA 0 0 0 0.333333 0 0 0 0 0 0 0 0 0.5 0 0 0.166667 0.4 0 0 0 0 0 0 0 0 0 0 0 0.2 0 0 0.4 0.25 0 0 0.25 0 0 0 0 0 0 0 0 0.25 0 0 0.25 0 0 0 0.333333 0 0 0 0 0 0 0 0 0.666667 0 0 0 
ATTATTAG 0 0 0 0.333333 0 0 0 0 0 0 0 0 0.333333 0 0.166667 0.166667 0.4 0 0 0 0 0 0 0 0 0 0 0 0 0 0.2 0.4 0 0 0.25 0.25 0 0 0 0 0 0 0 0 0.25 0 0 0.25 0 0 0 0.333333 0 0 0 0 0 0 0 0 0.333333 0 0.333333 0 
ATTATTTA 0 0 0 0.333333 0 0 0 0 0 0 0 0 0.333333 0 0 0.333333 0.2 0 0 0.2 0 0 0 0 0 0 0 0 0.2 0 0 0.4 0.25 0 0 0.25 0 0 0 0 0 0 0 0 0 0 0 0.5 0 0 0 0.333333 0 0 0 0 0 0 0 0 0.333333 0 0 0.333333 
ATTTAAAA 0.333333 0 0 0.166667 0 0 0 0 0 0 0 0 0.333333 0 0 0.166667 0.2 0 0 0.2 0 0 0 0 0 0 0 0 0.6 0 0 0 0.25 0 0 0 0 0 0 0 0 0 0 0 0.75 0 0 0 0.333333 0 0 0 0 0 0 0 0 0 0 0 0.666667 0 0 0 
ATTTAAAC 0.166667 0.166667 0 0.166667 0 0 0 0 0 0 0 0 0.333333 0 0 0.166667 0 0.2 0 0.2 0 0 0 0 0 0 0 0 0.6 0 0 0 0.25 0 0 0 0 0 0 0 0 0 0 0 0.5 0.25 0 0 0.333333 0 0 0 0 0 0 0 0 0 0 0 0.333333 0.333333 0 0 
ATTTAAAG 0.166667 0 0.166667 0.166667 0 0 0 0 0 0 0 0 0.333333 0 0 0.166667 0 0 0.2 0.2 0 0 0 0 0 0 0 0 0.6 0 0 0 0.25 0 0 0 0 0 0 0 0 0 0 0 0.5 0 0.25 0 0.333333 0 0 0 0 0 0 0 0 0 0 0 0.333333 0 0.333333 0 
ATTTAAAT 0.166667 0 0 0.333333 0 0 0 0 0 0 0 0 0.333333 0 0 0.166667 0 0 0 0.4 0 0 0 0 0 0 0 0 0.6 0 0 0 0.25 0 0 0 0 0 0 0 0 0 0 0 0.5 0 0 0.25 0.333333 0 0 0 0 0 0 0 0 0 0 0 0.333333 0 0 0.333333 
ATTTAATA 0.166667 0 0 0.333333 0 0 0 0 0 0 0 0 0.333333 0 0 0.166667 0.2 0 0 0.2 0 0 0 0 0 0 0 0 0.4 0 0 0.2 0.25 0 0 0 0 0 0 0 0 0 0 0 0.5 0 0 0.25 0.333333 0 0 0 0 0 0 0 0 0 0 0 0.333333 0 0 0.333333 
ATTTATAA 0.166667 0 0 0.166667 0 0 0 0 0 0 0 0 0.333333 0 0 0.333333 0.2 0 0 0.2 0 0 0 0 0 0 0 0 0.4 0 0 0.2 0.25 0 0 0 0 0 0 0 0 0 0 0 0.5 0 0 0.25 0 0 0 0.333333 0 0 0 0 0 0 0 0 0.666667 0 0 0 
ATTTATGG 0 0 0.166667 0.166667 0 0 0 0 0 0 0 0 0.166667 0 0.166667 0.333333 0 0 0.2 0.2 0 0 0 0 0 0 0 0 0.2 0 0.2 0.2 0.25 0 0 0 0 0 0 0 0 0 0 0 0 0 0.5 0.25 0 0 0 0.333333 0 0 0 0 0 0 0 0 0 0 0.666667 0 
ATTTATTA 0 0 0 0.333333 0 0 0 0 0 0 0 0 0.333333 0 0 0.333333 0.2 0 0 0.2 0 0 0 0 0 0 0 0 0.2 0 0 0.4 0.25 0 0 0 0 0 0 0 0 0 0 0 0.25 0 0 0.5 0 0 0 0.333333 0 0 0 0 0 0 0 0 0.333333 0 0 0.333333 
ATTTTAAA 0.166667 0 0 0.166667 0 0 0 0 0 0 0 0 0.333333 0 0 0.333333 0 0 0 0.2 0 0 0 0 0 0 0 0 0.6 0 0 0.2 0 0 0 0.25 0 0 0 0 0 0 0 0 0.75 0 0 0 0.333333 0 0 0 0 0 0 0 0 0 0 0 0.666667 0 0 0 
ATTTTATA 0.166667 0 0 0.166667 0 0 0 0 0 0 0 0 0.166667 0 0 0.5 0 0 0 0.2 0 0 0 0 0 0 0 0 0.4 0 0 0.4 0 0 0 0.25 0 0 0 0 0 0 0 0 0.5 0 0 0.25 0.333333 0 0 0 0 0 0 0 0 0 0 0 0.333333 0 0 0.333333 
CAAATATA 0.5 0 0 0.166667 0.166667 0 0 0 0 0 0 0 0 0 0 0.166667 0.2 0 0 0.4 0.2 0 0 0 0 0 0 0 0.2 0 0 0 0.5 0 0 0.25 0 0 0 0.25 0 0 0 0 0 0 0 0 0.333333 0 0 0.333333 0.333333 0 0 0 0 0 0 0 0 0 0 0 
CAATATAA 0.333333 0 0 0.166667 0.166667 0 0 0 0 0 0 0 0.166667 0 0 0.166667 0.4 0 0 0.2 0 0 0 0.2 0 0 0 0 0.2 0 0 0 0.25 0 0 0.25 0.25 0 0 0 0 0 0 0 0.25 0 0 0 0.666667 0 0 0 0 0 0 0.333333 0 0 0 0 0 0 0 0 
CAATTATA 0.166667 0 0 0.333333 0.166667 0 0 0 0 0 0 0 0.166667 0 0 0.166667 0.2 0 0 0.2 0 0 0 0.2 0 0 0 0 0.2 0 0 0.2 0.25 0 0 0.25 0 0 0 0.25 0 0 0 0 0.25 0 0 0 0.333333 0 0 0.333333 0.333333 0 0 0 0 0 0 0 0 0 0 0 
CATAAATA 0.5 0 0 0.166667 0 0 0 0.166667 0 0 0 0 0.166667 0 0 0 0.4 0 0 0.2 0.2 0 0 0 0 0 0 0 0.2 0 0 0 0.5 0 0 0 0.25 0 0 0 0 0 0 0 0 0 0 0.25 0 0 0 0.333333 0.333333 0 0 0 0 0 0 0 0.333333 0 0 0 
CATATAAA 0.5 0 0 0 0 0 0 0.166667 0 0 0 0 0.166667 0 0 0.166667 0.2 0 0 0.2 0.2 0 0 0 0 0 0 0 0.4 0 0 0 0.5 0 0 0 0 0 0 0.25 0 0 0 0 0.25 0 0 0 0.333333 0 0 0 0.333333 0 0 0 0 0 0 0 0.333333 0 0 0 
CATATAAG 0.333333 0 0.166667 0 0 0 0 0.166667 0 0 0 0 0.166667 0 0 0.166667 0.2 0 0 0.2 0.2 0 0 0 0 0 0 0 0.2 0 0.2 0 0.25 0 0.25 0 0 0 0 0.25 0 0 0 0 0.25 0 0 0 0.333333 0 0 0 0.333333 0 0 0 0 0 0 0 0 0 0.333333 0 
CATATATA 0.5 0 0 0 0 0 0 0.166667 0 0 0 0 0 0 0 0.333333 0 0 0 0.4 0.2 0 0 0 0 0 0 0 0.4 0 0 0 0.5 0 0 0 0 0 0 0.25 0 0 0 0 0 0 0 0.25 0 0 0 0.333333 0.333333 0 0 0 0 0 0 0 0.333333 0 0 0 
CATATATC 0.333333 0.166667 0 0 0 0 0 0.166667 0 0 0 0 0 0 0 0.333333 0 0 0 0.4 0.2 0 0 0 0 0 0 0 0.2 0.2 0 0 0.25 0.25 0 0 0 0 0 0.25 0 0 0 0 0 0 0 0.25 0 0 0 0.333333 0.333333 0 0 0 0 0 0 0 0 0.333333 0 0 
CATATATG 0.333333 0 0.166667 0 0 0 0 0.166667 0 0 0 0 0 0 0 0.333333 0 0 0 0.4 0.2 0 0 0 0 0 0 0 0.2 0 0.2 0 0.25 0 0.25 0 0 0 0 0.25 0 0 0 0 0 0 0 0.25 0 0 0 0.333333 0.333333 0 0 0 0 0 0 0 0 0 0.333333 0 
CATTAATA 0.166667 0 0 0.333333 0 0 0 0.166667 0 0 0 0 0.333333 0 0 0 0.4 0 0 0 0 0 0 0.2 0 0 0 0 0.2 0 0 0.2 0.25 0 0 0 0.25 0 0 0 0 0 0 0 0.25 0 0 0.25 0 0 0 0.333333 0.333333 0 0 0 0 0 0 0 0.333333 0 0 0 
CATTATAA 0.166667 0 0 0.166667 0 0 0 0.166667 0 0 0 0 0.333333 0 0 0.166667 0.4 0 0 0 0 0 0 0.2 0 0 0 0 0.2 0 0 0.2 0 0 0 0.25 0.25 0 0 0 0 0 0 0 0.5 0 0 0 0.333333 0 0 0 0 0 0 0.333333 0 0 0 0 0.333333 0 0 0 
CATTTAAA 0.166667 0 0 0.166667 0 0 0 0.166667 0 0 0 0 0.333333 0 0 0.166667 0 0 0 0.2 0 0 0 0.2 0 0 0 0 0.6 0 0 0 0.25 0 0 0 0 0 0 0.25 0 0 0 0 0.5 0 0 0 0.333333 0 0 0 0.333333 0 0 0 0 0 0 0 0.333333 0 0 0 
CATTTATA 0.166667 0 0 0.166667 0 0 0 0.166667 0 0 0 0 0.166667 0 0 0.333333 0 0 0 0.2 0 0 0 0.2 0 0 0 0 0.4 0 0 0.2 0.25 0 0 0 0 0 0 0.25 0 0 0 0 0.25 0 0 0.25 0 0 0 0.333333 0.333333 0 0 0 0 0 0 0 0.333333 0 0 0 
CATTTTAA 0 0 0 0.166667 0 0 0 0.166667 0 0 0 0 0.333333 0 0 0.333333 0 0 0 0.2 0 0 0 0.2 0 0 0 0 0.4 0 0 0.2 0 0 0 0.25 0 0 0 0.25 0 0 0 0 0.5 0 0 0 0.333333 0 0 0 0 0 0 0.333333 0 0 0 0 0.333333 0 0 0 
CCATATAA 0.333333 0 0 0 0.166667 0 0 0.166667 0 0 0 0 0.166667 0 0 0.166667 0.2 0 0 0.2 0.2 0 0 0.2 0 0 0 0 0.2 0 0 0 0.25 0 0 0 0.25 0 0 0.25 0 0 0 0 0.25 0 0 0 0.333333 0 0 0 0.333333 0 0 0.333333 0 0 0 0 0 0 0 0 
CCTATATA 0.333333 0 0 0 0.166667 0 0 0.166667 0 0 0 0 0 0 0 0.333333 0 0 0 0.2 0.2 0 0 0.2 0 0 0 0 0.4 0 0 0 0.25 0 0 0 0.25 0 0 0.25 0 0 0 0 0 0 0 0.25 0 0 0 0 0.333333 0 0 0.333333 0 0 0 0 0.333333 0 0 0 
CCTTATAA 0.166667 0 0 0 0 0 0 0.333333 0 0 0 0 0.333333 0 0 0.166667 0.2 0 0 0 0.2 0 0 0.2 0 0 0 0 0.2 0 0 0.2 0 0 0 0 0.25 0 0 0.25 0 0 0 0 0.5 0 0 0 0 0 0 0 0.333333 0 0 0.333333 0 0 0 0 0.333333 0 0 0 
CCTTTATA 0.166667 0 0 0 0 0 0 0.333333 0 0 0 0 0.166667 0 0 0.333333 0 0 0 0 0 0 0 0.4 0 0 0 0 0.4 0 0 0.2 0 0 0 0 0.25 0 0 0.25 0 0 0 0 0.25 0 0 0.25 0 0 0 0 0.333333 0 0 0.333333 0 0 0 0 0.333333 0 0 0 
CGAATATA 0.333333 0 0 0.166667 0.166667 0 0 0 0.166667 0 0 0 0 0 0 0.166667 0.2 0 0 0.2 0.2 0 0 0 0 0 0 0.2 0.2 0 0 0 0.25 0 0 0.25 0 0 0 0.25 0.25 0 0 0 0 0 0 0 0.333333 0 0 0 0.333333 0 0 0 0 0 0 0.333333 0 0 0 0 
CGTATATA 0.333333 0 0 0 0 0 0 0.166667 0.166667 0 0 0 0 0 0 0.333333 0 0 0 0.2 0.2 0 0 0 0 0 0 0.2 0.4 0 0 0 0.25 0 0 0 0 0 0 0.25 0.25 0 0 0 0 0 0 0.25 0 0 0 0 0.333333 0 0 0 0 0 0 0.333333 0.333333 0 0 0 
CGTTTATA 0.166667 0 0 0 0 0 0 0.166667 0 0 0 0.166667 0.166667 0 0 0.333333 0 0 0 0 0 0 0 0.2 0 0 0 0.2 0.4 0 0 0.2 0 0 0 0 0 0 0 0.25 0.25 0 0 0 0.25 0 0 0.25 0 0 0 0 0.333333 0 0 0 0 0 0 0.333333 0.333333 0 0 0 
CTAATATA 0.333333 0 0 0.166667 0.166667 0 0 0 0 0 0 0 0.166667 0 0 0.166667 0.2 0 0 0.2 0.2 0 0 0 0 0 0 0 0.2 0 0 0.2 0.25 0 0 0.25 0 0 0 0.25 0 0 0 0 0.25 0 0 0 0.333333 0 0 0 0.333333 0 0 0 0 0 0 0 0 0 0 0.333333 
CTATATAA 0.333333 0 0 0 0.166667 0 0 0 0 0 0 0 0.166667 0 0 0.333333 0.2 0 0 0.2 0 0 0 0.2 0 0 0 0 0.4 0 0 0 0.25 0 0 0 0.25 0 0 0 0 0 0 0 0.25 0 0 0.25 0.333333 0 0 0 0 0 0 0.333333 0 0 0 0 0.333333 0 0 0 
CTATATAC 0.333333 0 0 0 0.166667 0 0 0 0 0 0 0 0 0.166667 0 0.333333 0 0.2 0 0.2 0 0 0 0.2 0 0 0 0 0.4 0 0 0 0.25 0 0 0 0.25 0 0 0 0 0 0 0 0 0.25 0 0.25 0 0.333333 0 0 0 0 0 0.333333 0 0 0 0 0.333333 0 0 0 
CTATATAG 0.333333 0 0 0 0.166667 0 0 0 0 0 0 0 0 0 0.166667 0.333333 0 0 0.2 0.2 0 0 0 0.2 0 0 0 0 0.4 0 0 0 0.25 0 0 0 0.25 0 0 0 0 0 0 0 0 0 0.25 0.25 0 0 0.333333 0 0 0 0 0.333333 0 0 0 0 0.333333 0 0 0 
CTATATTA 0.166667 0 0 0.166667 0.166667 0 0 0 0 0 0 0 0.166667 0 0 0.333333 0.2 0 0 0.2 0 0 0 0.2 0 0 0 0 0.2 0 0 0.2 0 0 0 0.25 0.25 0 0 0 0 0 0 0 0.25 0 0 0.25 0.333333 0 0 0 0 0 0 0.333333 0 0 0 0 0 0 0 0.333333 
CTATTTAA 0 0 0 0.166667 0.166667 0 0 0 0 0 0 0 0.333333 0 0 0.333333 0 0 0 0.2 0 0 0 0.2 0 0 0 0 0.4 0 0 0.2 0.25 0 0 0 0 0 0 0.25 0 0 0 0 0.25 0 0 0.25 0.333333 0 0 0 0 0 0 0.333333 0 0 0 0 0.333333 0 0 0 
CTTAAATA 0.333333 0 0 0.166667 0 0 0 0.166667 0 0 0 0 0.333333 0 0 0 0.2 0 0 0.2 0.2 0 0 0 0 0 0 0 0.4 0 0 0 0.25 0 0 0 0.25 0 0 0 0 0 0 0 0.25 0 0 0.25 0 0 0 0 0.333333 0 0 0 0 0 0 0 0.333333 0 0 0.333333 
CTTATAAA 0.333333 0 0 0 0 0 0 0.166667 0 0 0 0 0.333333 0 0 0.166667 0.2 0 0 0 0.2 0 0 0 0 0 0 0 0.4 0 0 0.2 0.25 0 0 0 0 0 0 0.25 0 0 0 0 0.5 0 0 0 0 0 0 0 0.333333 0 0 0 0 0 0 0 0.666667 0 0 0 
CTTATAAG 0.166667 0 0.166667 0 0 0 0 0.166667 0 0 0 0 0.333333 0 0 0.166667 0.2 0 0 0 0.2 0 0 0 0 0 0 0 0.2 0 0.2 0.2 0 0 0.25 0 0 0 0 0.25 0 0 0 0 0.5 0 0 0 0 0 0 0 0.333333 0 0 0 0 0 0 0 0.333333 0 0.333333 0 
CTTATATA 0.333333 0 0 0 0 0 0 0.166667 0 0 0 0 0.166667 0 0 0.333333 0 0 0 0.2 0.2 0 0 0 0 0 0 0 0.4 0 0 0.2 0.25 0 0 0 0 0 0 0.25 0 0 0 0 0.25 0 0 0.25 0 0 0 0 0.333333 0 0 0 0 0 0 0 0.333333 0 0 0.333333 
CTTATTAA 0 0 0 0.166667 0 0 0 0.166667 0 0 0 0 0.5 0 0 0.166667 0.2 0 0 0 0.2 0 0 0 0 0 0 0 0.2 0 0 0.4 0.25 0 0 0 0 0 0 0.25 0 0 0 0 0.25 0 0 0.25 0 0 0 0 0 0 0 0.333333 0 0 0 0 0.666667 0 0 0 
CTTTAATA 0.166667 0 0 0.166667 0 0 0 0.166667 0 0 0 0 0.333333 0 0 0.166667 0.2 0 0 0 0 0 0 0.2 0 0 0 0 0.4 0 0 0.2 0 0 0 0 0.25 0 0 0 0 0 0 0 0.5 0 0 0.25 0 0 0 0 0.333333 0 0 0 0 0 0 0 0.333333 0 0 0.333333 
CTTTATAA 0.166667 0 0 0 0 0 0 0.166667 0 0 0 0 0.333333 0 0 0.333333 0.2 0 0 0 0 0 0 0.2 0 0 0 0 0.4 0 0 0.2 0 0 0 0 0.25 0 0 0 0 0 0 0 0.5 0 0 0.25 0 0 0 0 0 0 0 0.333333 0 0 0 0 0.666667 0 0 0 
CTTTTAAA 0.166667 0 0 0 0 0 0 0.166667 0 0 0 0 0.333333 0 0 0.333333 0 0 0 0 0 0 0 0.2 0 0 0 0 0.6 0 0 0.2 0 0 0 0 0 0 0 0.25 0 0 0 0 0.75 0 0 0 0 0 0 0 0.333333 0 0 0 0 0 0 0 0.666667 0 0 0 
CTTTTATA 0.166667 0 0 0 0 0 0 0.166667 0 0 0 0 0.166667 0 0 0.5 0 0 0 0 0 0 0 0.2 0 0 0 0 0.4 0 0 0.4 0 0 0 0 0 0 0 0.25 0 0 0 0 0.5 0 0 0.25 0 0 0 0 0.333333 0 0 0 0 0 0 0 0.333333 0 0 0.333333 
GAAATATA 0.5 0 0 0.166667 0 0 0 0 0.166667 0 0 0 0 0 0 0.166667 0.2 0 0 0.4 0 0 0 0 0.2 0 0 0 0.2 0 0 0 0.5 0 0 0.25 0 0 0 0 0 0 0 0.25 0 0 0 0 0.333333 0 0 0.333333 0 0 0 0 0.333333 0 0 0 0 0 0 0 
GAATATAA 0.333333 0 0 0.166667 0 0 0 0 0.166667 0 0 0 0.166667 0 0 0.166667 0.4 0 0 0.2 0 0 0 0 0 0 0 0.2 0.2 0 0 0 0.25 0 0 0.25 0 0 0 0 0.25 0 0 0 0.25 0 0 0 0.666667 0 0 0 0 0 0 0 0 0 0 0.333333 0 0 0 0 
GAATATTA 0.166667 0 0 0.333333 0 0 0 0 0.166667 0 0 0 0.166667 0 0 0.166667 0.4 0 0 0.2 0 0 0 0 0 0 0 0.2 0 0 0 0.2 0 0 0 0.5 0 0 0 0 0.25 0 0 0 0.25 0 0 0 0.333333 0 0 0.333333 0 0 0 0 0 0 0 0.333333 0 0 0 0 
GAGATATA 0.5 0 0 0 0 0 0 0 0 0 0.166667 0.166667 0 0 0 0.166667 0 0 0 0.4 0 0 0 0 0.4 0 0 0 0.2 0 0 0 0.5 0 0 0 0 0 0 0 0 0 0 0.5 0 0 0 0 0 0 0 0.333333 0 0 0 0 0.666667 0 0 0 0 0 0 0 
GATATATA 0.5 0 0 0 0 0 0 0 0 0 0 0.166667 0 0 0 0.333333 0 0 0 0.4 0 0 0 0 0.2 0 0 0 0.4 0 0 0 0.5 0 0 0 0 0 0 0 0 0 0 0.25 0 0 0 0.25 0 0 0 0.333333 0 0 0 0 0.333333 0 0 0 0.333333 0 0 0 
GATTATAA 0.166667 0 0 0.166667 0 0 0 0 0 0 0 0.166667 0.333333 0 0 0.166667 0.4 0 0 0 0 0 0 0 0 0 0 0.2 0.2 0 0 0.2 0 0 0 0.25 0 0 0 0 0.25 0 0 0 0.5 0 0 0 0.333333 0 0 0 0 0 0 0 0 0 0 0.333333 0.333333 0 0 0 
GATTTAAA 0.166667 0 0 0.166667 0 0 0 0 0 0 0 0.166667 0.333333 0 0 0.166667 0 0 0 0.2 0 0 0 0 0 0 0 0.2 0.6 0 0 0 0.25 0 0 0 0 0 0 0 0 0 0 0.25 0.5 0 0 0 0.333333 0 0 0 0 0 0 0 0.333333 0 0 0 0.333333 0 0 0 
GCTATATA 0.333333 0 0 0 0.166667 0 0 0 0 0 0 0.166667 0 0 0 0.333333 0 0 0 0.2 0 0 0 0.2 0.2 0 0 0 0.4 0 0 0 0.25 0 0 0 0.25 0 0 0 0 0 0 0.25 0 0 0 0.25 0 0 0 0 0 0 0 0.333333 0.333333 0 0 0 0.333333 0 0 0 
GCTTATAA 0.166667 0 0 0 0 0 0 0.166667 0 0 0 0.166667 0.333333 0 0 0.166667 0.2 0 0 0 0.2 0 0 0 0 0 0 0.2 0.2 0 0 0.2 0 0 0 0 0 0 0 0.25 0.25 0 0 0 0.5 0 0 0 0 0 0 0 0.333333 0 0 0 0 0 0 0.333333 0.333333 0 0 0 
GCTTATTA 0 0 0 0.166667 0 0 0 0.166667 0 0 0 0.166667 0.333333 0 0 0.166667 0.2 0 0 0 0.2 0 0 0 0 0 0 0.2 0 0 0 0.4 0 0 0 0 0 0 0 0.25 0.25 0 0 0 0.25 0 0 0.25 0 0 0 0 0 0 0 0.333333 0 0 0 0.333333 0.333333 0 0 0 
GGATTATA 0.166667 0 0 0.166667 0 0 0 0 0.166667 0 0 0.166667 0.166667 0 0 0.166667 0.2 0 0 0 0 0 0 0 0 0 0 0.4 0.2 0 0 0.2 0 0 0 0.25 0 0 0 0 0.25 0 0 0.25 0.25 0 0 0 0.333333 0 0 0 0 0 0 0 0.333333 0 0 0.333333 0 0 0 0 
GGTATAAA 0.333333 0 0 0 0 0 0 0 0.166667 0 0 0.166667 0.166667 0 0 0.166667 0.2 0 0 0 0 0 0 0 0.2 0 0 0.2 0.4 0 0 0 0.25 0 0 0 0 0 0 0 0.25 0 0 0.25 0.25 0 0 0 0 0 0 0 0 0 0 0 0.666667 0 0 0 0.333333 0 0 0 
GGTATATA 0.333333 0 0 0 0 0 0 0 0.166667 0 0 0.166667 0 0 0 0.333333 0 0 0 0.2 0 0 0 0 0.2 0 0 0.2 0.4 0 0 0 0.25 0 0 0 0 0 0 0 0.25 0 0 0.25 0 0 0 0.25 0 0 0 0 0 0 0 0 0.333333 0 0 0.333333 0.333333 0 0 0 
GGTTTAAA 0.166667 0 0 0 0 0 0 0 0 0 0 0.333333 0.333333 0 0 0.166667 0 0 0 0 0 0 0 0 0 0 0 0.4 0.6 0 0 0 0 0 0 0 0 0 0 0 0.25 0 0 0.25 0.5 0 0 0 0 0 0 0 0 0 0 0 0.666667 0 0 0 0.333333 0 0 0 
GGTTTATA 0.166667 0 0 0 0 0 0 0 0 0 0 0.333333 0.166667 0 0 0.333333 0 0 0 0 0 0 0 0 0 0 0 0.4 0.4 0 0 0.2 0 0 0 0 0 0 0 0 0.25 0 0 0.25 0.25 0 0 0.25 0 0 0 0 0 0 0 0 0.333333 0 0 0.333333 0.333333 0 0 0 
GTAATATA 0.333333 0 0 0.166667 0 0 0 0 0.166667 0 0 0 0.166667 0 0 0.166667 0.2 0 0 0.2 0 0 0 0 0.2 0 0 0 0.2 0 0 0.2 0.25 0 0 0.25 0 0 0 0 0 0 0 0.25 0.25 0 0 0 0.333333 0 0 0 0 0 0 0 0.333333 0 0 0 0 0 0 0.333333 
GTATAAAA 0.5 0 0 0 0 0 0 0 0.166667 0 0 0 0.166667 0 0 0.166667 0.4 0 0 0 0 0 0 0 0 0 0 0.2 0.4 0 0 0 0.25 0 0 0 0 0 0 0 0.25 0 0 0 0.5 0 0 0 0.333333 0 0 0 0 0 0 0 0.333333 0 0 0 0.333333 0 0 0 
GTATAAAC 0.333333 0.166667 0 0 0 0 0 0 0.166667 0 0 0 0.166667 0 0 0.166667 0.2 0.2 0 0 0 0 0 0 0 0 0 0.2 0.4 0 0 0 0.25 0 0 0 0 0 0 0 0.25 0 0 0 0.25 0.25 0 0 0 0.333333 0 0 0 0 0 0 0.333333 0 0 0 0.333333 0 0 0 
GTATAATA 0.333333 0 0 0.166667 0 0 0 0 0.166667 0 0 0 0.166667 0 0 0.166667 0.4 0 0 0 0 0 0 0 0 0 0 0.2 0.2 0 0 0.2 0 0 0 0.25 0 0 0 0 0.25 0 0 0 0.5 0 0 0 0.333333 0 0 0 0 0 0 0 0.333333 0 0 0 0 0 0 0.333333 
GTATATAA 0.333333 0 0 0 0 0 0 0 0.166667 0 0 0 0.166667 0 0 0.333333 0.2 0 0 0.2 0 0 0 0 0 0 0 0.2 0.4 0 0 0 0.25 0 0 0 0 0 0 0 0.25 0 0 0 0.25 0 0 0.25 0.333333 0 0 0 0 0 0 0 0 0 0 0.333333 0.333333 0 0 0 
GTATATTA 0.166667 0 0 0.166667 0 0 0 0 0.166667 0 0 0 0.166667 0 0 0.333333 0.2 0 0 0.2 0 0 0 0 0 0 0 0.2 0.2 0 0 0.2 0 0 0 0.25 0 0 0 0 0.25 0 0 0 0.25 0 0 0.25 0.333333 0 0 0 0 0 0 0 0 0 0 0.333333 0 0 0 0.333333 
GTATTAAA 0.166667 0 0 0.166667 0 0 0 0 0.166667 0 0 0 0.333333 0 0 0.166667 0.2 0 0 0 0 0 0 0 0 0 0 0.2 0.4 0 0 0.2 0.25 0 0 0 0 0 0 0 0 0 0 0.25 0.5 0 0 0 0.333333 0 0 0 0 0 0 0 0.333333 0 0 0 0.333333 0 0 0 
GTATTATA 0.166667 0 0 0.166667 0 0 0 0 0.166667 0 0 0 0.166667 0 0 0.333333 0.2 0 0 0 0 0 0 0 0 0 0 0.2 0.2 0 0 0.4 0 0 0 0.25 0 0 0 0 0 0 0 0.25 0.5 0 0 0 0.333333 0 0 0 0 0 0 0 0.333333 0 0 0 0 0 0 0.333333 
GTATTTAA 0 0 0 0.166667 0 0 0 0 0.166667 0 0 0 0.333333 0 0 0.333333 0 0 0 0.2 0 0 0 0 0 0 0 0.2 0.4 0 0 0.2 0.25 0 0 0 0 0 0 0 0 0 0 0.25 0.25 0 0 0.25 0.333333 0 0 0 0 0 0 0 0 0 0 0.333333 0.333333 0 0 0 
GTTATAAA 0.333333 0 0 0 0 0 0 0 0 0 0 0.166667 0.333333 0 0 0.166667 0.2 0 0 0 0 0 0 0 0.2 0 0 0 0.4 0 0 0.2 0.25 0 0 0 0 0 0 0 0 0 0 0.25 0.5 0 0 0 0 0 0 0 0 0 0 0 0.333333 0 0 0 0.666667 0 0 0 
GTTATATA 0.333333 0 0 0 0 0 0 0 0 0 0 0.166667 0.166667 0 0 0.333333 0 0 0 0.2 0 0 0 0 0.2 0 0 0 0.4 0 0 0.2 0.25 0 0 0 0 0 0 0 0 0 0 0.25 0.25 0 0 0.25 0 0 0 0 0 0 0 0 0.333333 0 0 0 0.333333 0 0 0.333333 
GTTTAAAC 0.166667 0.166667 0 0 0 0 0 0 0 0 0 0.166667 0.333333 0 0 0.166667 0 0.2 0 0 0 0 0 0 0 0 0 0.2 0.6 0 0 0 0 0 0 0 0 0 0 0 0.25 0 0 0 0.5 0.25 0 0 0 0 0 0 0 0 0 0 0.333333 0 0 0 0.333333 0.333333 0 0 
GTTTATAA 0.166667 0 0 0 0 0 0 0 0 0 0 0.166667 0.333333 0 0 0.333333 0.2 0 0 0 0 0 0 0 0 0 0 0.2 0.4 0 0 0.2 0 0 0 0 0 0 0 0 0.25 0 0 0 0.5 0 0 0.25 0 0 0 0 0 0 0 0 0 0 0 0.333333 0.666667 0 0 0 
GTTTTAAA 0.166667 0 0 0 0 0 0 0 0 0 0 0.166667 0.333333 0 0 0.333333 0 0 0 0 0 0 0 0 0 0 0 0.2 0.6 0 0 0.2 0 0 0 0 0 0 0 0 0 0 0 0.25 0.75 0 0 0 0 0 0 0 0 0 0 0 0.333333 0 0 0 0.666667 0 0 0 
GTTTTATA 0.166667 0 0 0 0 0 0 0 0 0 0 0.166667 0.166667 0 0 0.5 0 0 0 0 0 0 0 0 0 0 0 0.2 0.4 0 0 0.4 0 0 0 0 0 0 0 0 0 0 0 0.25 0.5 0 0 0.25 0 0 0 0 0 0 0 0 0.333333 0 0 0 0.333333 0 0 0.333333 
TAAAATTA 0.333333 0 0 0.333333 0 0 0 0 0 0 0 0 0.333333 0 0 0 0.4 0 0 0.4 0 0 0 0 0 0 0 0 0.2 0 0 0 0.25 0 0 0.5 0 0 0 0 0 0 0 0 0.25 0 0 0 0.333333 0 0 0.333333 0 0 0 0 0 0 0 0 0 0 0 0.333333 
TAAATAAA 0.5 0 0 0.166667 0 0 0 0 0 0 0 0 0.333333 0 0 0 0.4 0 0 0.2 0 0 0 0 0 0 0 0 0.4 0 0 0 0.75 0 0 0 0 0 0 0 0 0 0 0 0 0 0 0.25 0.666667 0 0 0 0 0 0 0 0 0 0 0 0.333333 0 0 0 
TAAATATA 0.5 0 0 0.166667 0 0 0 0 0 0 0 0 0.166667 0 0 0.166667 0.2 0 0 0.4 0 0 0 0 0 0 0 0 0.4 0 0 0 0.5 0 0 0.25 0 0 0 0 0 0 0 0 0 0 0 0.25 0.333333 0 0 0.333333 0 0 0 0 0 0 0 0 0.333333 0 0 0 
TAATATAA 0.333333 0 0 0.166667 0 0 0 0 0 0 0 0 0.333333 0 0 0.166667 0.4 0 0 0.2 0 0 0 0 0 0 0 0 0.2 0 0 0.2 0.25 0 0 0.25 0 0 0 0 0 0 0 0 0.5 0 0 0 0.666667 0 0 0 0 0 0 0 0 0 0 0 0 0 0 0.333333 
TAATATTA 0.166667 0 0 0.333333 0 0 0 0 0 0 0 0 0.333333 0 0 0.166667 0.4 0 0 0.2 0 0 0 0 0 0 0 0 0 0 0 0.4 0 0 0 0.5 0 0 0 0 0 0 0 0 0.5 0 0 0 0.333333 0 0 0.333333 0 0 0 0 0 0 0 0 0 0 0 0.333333 
TAATTTAA 0 0 0 0.333333 0 0 0 0 0 0 0 0 0.5 0 0 0.166667 0 0 0 0.4 0 0 0 0 0 0 0 0 0.4 0 0 0.2 0.25 0 0 0.25 0 0 0 0 0 0 0 0 0.25 0 0 0.25 0.666667 0 0 0 0 0 0 0 0 0 0 0 0 0 0 0.333333 
TACATATA 0.5 0 0 0 0 0 0 0.166667 0 0 0 0 0 0.166667 0 0.166667 0 0 0 0.4 0.2 0 0 0 0 0 0 0 0.4 0 0 0 0.5 0 0 0 0 0 0 0.25 0 0 0 0 0 0 0 0.25 0 0 0 0.333333 0.333333 0 0 0 0 0 0 0 0.333333 0 0 0 
TACTTATA 0.166667 0 0 0.166667 0 0 0 0.166667 0 0 0 0 0.166667 0.166667 0 0.166667 0 0 0 0.2 0.2 0 0 0 0 0 0 0 0.2 0 0 0.4 0.25 0 0 0 0 0 0 0.25 0 0 0 0 0.25 0 0 0.25 0 0 0 0.333333 0.333333 0 0 0 0 0 0 0 0.333333 0 0 0 
TACTTTAA 0 0 0 0.166667 0 0 0 0.166667 0 0 0 0 0.333333 0.166667 0 0.166667 0 0 0 0.2 0 0 0 0.2 0 0 0 0 0.4 0 0 0.2 0 0 0 0.25 0.25 0 0 0 0 0 0 0 0.25 0 0 0.25 0.333333 0 0 0 0.333333 0 0 0 0 0 0 0 0 0 0 0.333333 
TAGTTATA 0.166667 0 0 0.166667 0 0 0 0 0 0 0 0.166667 0.166667 0 0.166667 0.166667 0 0 0 0.2 0 0 0 0 0.2 0 0 0 0.2 0 0 0.4 0.25 0 0 0 0 0 0 0 0 0 0 0.25 0.25 0 0 0.25 0 0 0 0.333333 0 0 0 0 0.333333 0 0 0 0.333333 0 0 0 
TATAAAAA 0.666667 0 0 0 0 0 0 0 0 0 0 0 0.166667 0 0 0.166667 0.6 0 0 0 0 0 0 0 0 0 0 0 0.4 0 0 0 0.5 0 0 0 0 0 0 0 0 0 0 0 0.5 0 0 0 0.333333 0 0 0 0 0 0 0 0 0 0 0 0.666667 0 0 0 
TATAAACA 0.5 0.166667 0 0 0 0 0 0 0 0 0 0 0.166667 0 0 0.166667 0.4 0.2 0 0 0 0 0 0 0 0 0 0 0.4 0 0 0 0.5 0 0 0 0 0 0 0 0 0 0 0 0.25 0.25 0 0 0 0.333333 0 0 0 0 0 0 0 0 0 0 0.666667 0 0 0 
TATAAATA 0.5 0 0 0.166667 0 0 0 0 0 0 0 0 0.166667 0 0 0.166667 0.4 0 0 0.2 0 0 0 0 0 0 0 0 0.4 0 0 0 0.5 0 0 0 0 0 0 0 0 0 0 0 0.25 0 0 0.25 0 0 0 0.333333 0 0 0 0 0 0 0 0 0.666667 0 0 0 
TATAAGCA 0.166667 0.166667 0.166667 0 0 0 0 0 0.166667 0 0 0 0.166667 0 0 0.166667 0.4 0.2 0 0 0 0 0 0 0 0 0 0 0.2 0 0.2 0 0.25 0 0.25 0 0 0 0 0 0 0 0 0 0.25 0.25 0 0 0 0.333333 0 0 0 0 0 0 0 0 0 0 0.333333 0 0.333333 0 
TATAATAA 0.333333 0 0 0.166667 0 0 0 0 0 0 0 0 0.333333 0 0 0.166667 0.6 0 0 0 0 0 0 0 0 0 0 0 0.2 0 0 0.2 0.25 0 0 0.25 0 0 0 0 0 0 0 0 0.5 0 0 0 0.333333 0 0 0 0 0 0 0 0 0 0 0 0.333333 0 0 0.333333 
TATAATGA 0.166667 0 0.166667 0.166667 0 0 0 0 0 0 0 0 0.333333 0 0 0.166667 0.4 0 0.2 0 0 0 0 0 0 0 0 0 0.2 0 0 0.2 0.25 0 0 0.25 0 0 0 0 0 0 0 0 0.25 0 0.25 0 0 0 0.333333 0 0 0 0 0 0 0 0 0 0.333333 0 0 0.333333 
TATAGATA 0.5 0 0 0 0 0 0 0 0 0 0 0.166667 0 0 0.166667 0.166667 0 0 0.2 0.2 0 0 0 0 0.2 0 0 0 0.4 0 0 0 0.5 0 0 0 0 0 0 0 0 0 0 0 0 0 0.25 0.25 0 0 0 0.333333 0 0 0 0 0 0 0 0 0.666667 0 0 0 
TATATAAA 0.5 0 0 0 0 0 0 0 0 0 0 0 0.166667 0 0 0.333333 0.2 0 0 0.2 0 0 0 0 0 0 0 0 0.6 0 0 0 0.5 0 0 0 0 0 0 0 0 0 0 0 0.25 0 0 0.25 0.333333 0 0 0 0 0 0 0 0 0 0 0 0.666667 0 0 0 
TATATACA 0.5 0 0 0 0 0 0 0 0 0 0 0 0 0.166667 0 0.333333 0 0.2 0 0.2 0 0 0 0 0 0 0 0 0.6 0 0 0 0.5 0 0 0 0 0 0 0 0 0 0 0 0 0.25 0 0.25 0 0.333333 0 0 0 0 0 0 0 0 0 0 0.666667 0 0 0 
TATATAGA 0.5 0 0 0 0 0 0 0 0 0 0 0 0 0 0.166667 0.333333 0 0 0.2 0.2 0 0 0 0 0 0 0 0 0.6 0 0 0 0.5 0 0 0 0 0 0 0 0 0 0 0 0 0 0.25 0.25 0 0 0.333333 0 0 0 0 0 0 0 0 0 0.666667 0 0 0 
TATATATA 0.5 0 0 0 0 0 0 0 0 0 0 0 0 0 0 0.5 0 0 0 0.4 0 0 0 0 0 0 0 0 0.6 0 0 0 0.5 0 0 0 0 0 0 0 0 0 0 0 0 0 0 0.5 0 0 0 0.333333 0 0 0 0 0 0 0 0 0.666667 0 0 0 
TATATGAA 0.166667 0 0.166667 0 0 0 0 0 0.166667 0 0 0 0.166667 0 0 0.333333 0.2 0 0 0.2 0 0 0 0 0 0 0 0 0.4 0 0.2 0 0.25 0 0.25 0 0 0 0 0 0 0 0 0 0.25 0 0 0.25 0.333333 0 0 0 0 0 0 0 0 0 0 0 0.333333 0 0.333333 0 
TATATTAA 0.166667 0 0 0.166667 0 0 0 0 0 0 0 0 0.333333 0 0 0.333333 0.2 0 0 0.2 0 0 0 0 0 0 0 0 0.4 0 0 0.2 0.25 0 0 0.25 0 0 0 0 0 0 0 0 0.25 0 0 0.25 0.333333 0 0 0 0 0 0 0 0 0 0 0 0.333333 0 0 0.333333 
TATATTCA 0.166667 0 0 0.166667 0 0 0 0 0 0 0 0 0.166667 0.166667 0 0.333333 0 0.2 0 0.2 0 0 0 0 0 0 0 0 0.4 0 0 0.2 0.25 0 0 0.25 0 0 0 0 0 0 0 0 0 0.25 0 0.25 0 0.333333 0 0 0 0 0 0 0 0 0 0 0.333333 0 0 0.333333 
TATATTGA 0.166667 0 0 0.166667 0 0 0 0 0 0 0 0 0.166667 0 0.166667 0.333333 0 0 0.2 0.2 0 0 0 0 0 0 0 0 0.4 0 0 0.2 0.25 0 0 0.25 0 0 0 0 0 0 0 0 0 0 0.25 0.25 0 0 0.333333 0 0 0 0 0 0 0 0 0 0.333333 0 0 0.333333 
TATTAAAA 0.333333 0 0 0.166667 0 0 0 0 0 0 0 0 0.333333 0 0 0.166667 0.4 0 0 0 0 0 0 0 0 0 0 0 0.4 0 0 0.2 0.25 0 0 0 0 0 0 0 0 0 0 0 0.75 0 0 0 0.333333 0 0 0 0 0 0 0 0 0 0 0 0.666667 0 0 0 
TATTAATA 0.166667 0 0 0.333333 0 0 0 0 0 0 0 0 0.333333 0 0 0.166667 0.4 0 0 0 0 0 0 0 0 0 0 0 0.2 0 0 0.4 0.25 0 0 0 0 0 0 0 0 0 0 0 0.5 0 0 0.25 0 0 0 0.333333 0 0 0 0 0 0 0 0 0.666667 0 0 0 
TATTATAA 0.166667 0 0 0.166667 0 0 0 0 0 0 0 0 0.333333 0 0 0.333333 0.4 0 0 0 0 0 0 0 0 0 0 0 0.2 0 0 0.4 0 0 0 0.25 0 0 0 0 0 0 0 0 0.75 0 0 0 0.333333 0 0 0 0 0 0 0 0 0 0 0 0.333333 0 0 0.333333 
TATTTAAA 0.166667 0 0 0.166667 0 0 0 0 0 0 0 0 0.333333 0 0 0.333333 0 0 0 0.2 0 0 0 0 0 0 0 0 0.6 0 0 0.2 0.25 0 0 0 0 0 0 0 0 0 0 0 0.5 0 0 0.25 0.333333 0 0 0 0 0 0 0 0 0 0 0 0.666667 0 0 0 
TCATATAA 0.333333 0 0 0 0 0 0 0.166667 0 0 0 0 0.333333 0 0 0.166667 0.2 0 0 0.2 0.2 0 0 0 0 0 0 0 0.2 0 0 0.2 0.25 0 0 0 0 0 0 0.25 0 0 0 0 0.5 0 0 0 0.333333 0 0 0 0.333333 0 0 0 0 0 0 0 0 0 0 0.333333 
TCTTATAA 0.166667 0 0 0 0 0 0 0.166667 0 0 0 0 0.333333 0 0 0.333333 0.2 0 0 0 0.2 0 0 0 0 0 0 0 0.2 0 0 0.4 0 0 0 0 0 0 0 0.25 0 0 0 0 0.75 0 0 0 0 0 0 0 0.333333 0 0 0 0 0 0 0 0.333333 0 0 0.333333 
TCTTTTAA 0 0 0 0 0 0 0 0.166667 0 0 0 0 0.333333 0 0 0.5 0 0 0 0 0 0 0 0.2 0 0 0 0 0.4 0 0 0.4 0 0 0 0 0 0 0 0.25 0 0 0 0 0.5 0 0 0.25 0 0 0 0 0.333333 0 0 0 0 0 0 0 0.333333 0 0 0.333333 
TGATTTAA 0 0 0 0.166667 0 0 0 0 0 0 0 0.166667 0.5 0 0 0.166667 0 0 0 0.2 0 0 0 0 0 0 0 0.2 0.4 0 0 0.2 0.25 0 0 0 0 0 0 0 0 0 0 0.25 0.25 0 0 0.25 0.333333 0 0 0 0 0 0 0 0.333333 0 0 0 0 0 0 0.333333 
TTAAATAA 0.333333 0 0 0.166667 0 0 0 0 0 0 0 0 0.5 0 0 0 0.4 0 0 0.2 0 0 0 0 0 0 0 0 0.4 0 0 0 0.5 0 0 0 0 0 0 0 0 0 0 0 0.25 0 0 0.25 0.333333 0 0 0 0 0 0 0 0 0 0 0 0.333333 0 0 0.333333 
TTAATAAA 0.333333 0 0 0.166667 0 0 0 0 0 0 0 0 0.5 0 0 0 0.4 0 0 0 0 0 0 0 0 0 0 0 0.4 0 0 0.2 0.5 0 0 0 0 0 0 0 0 0 0 0 0.25 0 0 0.25 0.333333 0 0 0 0 0 0 0 0 0 0 0 0.666667 0 0 0 
TTAATTAA 0 0 0 0.333333 0 0 0 0 0 0 0 0 0.666667 0 0 0 0.2 0 0 0.2 0 0 0 0 0 0 0 0 0.4 0 0 0.2 0.5 0 0 0 0 0 0 0 0 0 0 0 0 0 0 0.5 0.333333 0 0 0 0 0 0 0 0 0 0 0 0.333333 0 0 0.333333 
TTATAAAA 0.5 0 0 0 0 0 0 0 0 0 0 0 0.333333 0 0 0.166667 0.4 0 0 0 0 0 0 0 0 0 0 0 0.4 0 0 0.2 0.25 0 0 0 0 0 0 0 0 0 0 0 0.75 0 0 0 0.333333 0 0 0 0 0 0 0 0 0 0 0 0.666667 0 0 0 
TTATATAA 0.333333 0 0 0 0 0 0 0 0 0 0 0 0.333333 0 0 0.333333 0.2 0 0 0.2 0 0 0 0 0 0 0 0 0.4 0 0 0.2 0.25 0 0 0 0 0 0 0 0 0 0 0 0.5 0 0 0.25 0.333333 0 0 0 0 0 0 0 0 0 0 0 0.333333 0 0 0.333333 
TTATTAAA 0.166667 0 0 0.166667 0 0 0 0 0 0 0 0 0.5 0 0 0.166667 0.2 0 0 0 0 0 0 0 0 0 0 0 0.4 0 0 0.4 0.25 0 0 0 0 0 0 0 0 0 0 0 0.5 0 0 0.25 0.333333 0 0 0 0 0 0 0 0 0 0 0 0.666667 0 0 0 
TTTAAAAA 0.5 0 0 0 0 0 0 0 0 0 0 0 0.333333 0 0 0.166667 0.4 0 0 0 0 0 0 0 0 0 0 0 0.6 0 0 0 0.25 0 0 0 0 0 0 0 0 0 0 0 0.75 0 0 0 0 0 0 0 0 0 0 0 0 0 0 0 1 0 0 0 
TTTATAAA 0.333333 0 0 0 0 0 0 0 0 0 0 0 0.333333 0 0 0.333333 0.2 0 0 0 0 0 0 0 0 0 0 0 0.6 0 0 0.2 0.25 0 0 0 0 0 0 0 0 0 0 0 0.5 0 0 0.25 0 0 0 0 0 0 0 0 0 0 0 0 1 0 0 0 
TTTTAAAA 0.333333 0 0 0 0 0 0 0 0 0 0 0 0.333333 0 0 0.333333 0.2 0 0 0 0 0 0 0 0 0 0 0 0.6 0 0 0.2 0 0 0 0 0 0 0 0 0 0 0 0 1 0 0 0 0 0 0 0 0 0 0 0 0 0 0 0 1 0 0 0 
