0.416947711
0.394568503
0.369973926
0.428635564
0.371244799
0.479735546
0.387382649
0.404396223
0.376594569
0.390273332
0.356226339
0.35928649
0.377849906
0.35847461
0.351517981
0.345208493
0.385448711
0.356341657
0.349784802
0.344462706
0.383759172
0.425601832
0.454321342
0.354389685
0.427385108
0.432114148
0.341161845
0.486215257
0.443572839
0.422273227
0.484250275
0.403751498
0.363921719
0.455762816
0.379332167
0.411412264
0.34399136
0.353328392
0.402843526
0.419645733
0.421683003
0.440759868
0.343873229
0.414409515
0.401203247
0.359767451
0.379349043
0.424766914
0.422857754
0.354418039
0.361226669
0.437997099
0.402853562
0.36342338
0.391197394
0.361874824
0.365527735
0.340598883
0.470164757
0.362992288
0.370123315
0.454516168
0.416671647
0.378254926
0.41294357
0.388386052
0.389225023
0.343454629
0.353056495
0.376803605
0.34736732
0.345580325
0.372822916
0.361707497
0.399238645
0.407957805
0.357849231
0.366831901
0.344235643
0.448474367
0.376103258
0.369127913
0.385806862
0.353735453
0.343614466
0.419117295
0.44343502
0.425929155
0.456839712
0.422579488
0.388989836
0.423192458
0.417005371
0.42585465
0.385919367
0.355504423
0.379631843
0.428353498
0.355196629
0.405218445
0.355748949
0.363143297
0.48580863
0.481509712
0.479116156
0.490419442
0.400899482
0.445842638
0.407869201
0.438796978
0.434071745
0.441969635
0.476828831
0.465348507
0.477396605
0.423428719
0.349339589
0.418875553
0.416646743
0.426803886
0.39043084
0.343076142
0.451559885
0.38150114
0.359994049
0.35377653
0.382665144
0.368893352
0.34394917
0.386949452
0.388564795
0.405194536
0.350475137
0.354578132
0.353228066
0.360254387
0.467114626
0.420995787
0.441486367
0.480604042
0.36663029
0.369367374
0.371610636
0.341932508
0.392111807
0.426096323
0.380781226
0.399522891
0.470827558
0.393654665
0.449779527
0.354986532
0.38177635
0.389560985
0.35391163
0.394708864
0.431132682
0.386597538
0.361524198
0.381579465
0.389148277
0.483498248
0.384124904
0.38601061
0.392322223
0.38328897
0.387111685
0.365662742
0.368901321
0.353714652
0.422382418
0.367029685
0.368056552
0.381571028
0.390876763
0.403597975
0.424910351
0.407841262
0.363439541
0.394343009
0.382092377
0.411609552
0.38191417
0.39101196
0.415926581
0.46072197
0.366598129
0.371338647
0.393845384
0.367262256
0.439899594
0.422932041
0.407987332
0.378434935
0.344551075
0.46807927
0.425248497
0.409379588
0.419403833
0.354960555
0.354024886
0.366082766
0.343226322
0.396109252
0.370340161
0.384511034
0.413083834
0.347171084
0.363978812
0.360621451
0.460176286
0.341580928
0.352850699
0.405428261
0.348657527
0.384789897
0.450008157
0.373124074
0.443181882
0.358116432
0.386747743
0.354614697
0.343505103
0.443394374
0.443895557
0.4130952
0.383270374
0.390883927
0.355191083
0.36496802
0.361011492
0.417647385
0.368714455
0.44692031
0.354962623
0.414327611
0.351875529
0.349626464
0.470786517
0.440972388
0.444213328
0.489730201
0.340042415
0.442228917
0.389964966
0.42245387
0.425498228
0.418104478
0.461925308
0.467905809
0.349761406
0.352046976
0.370300784
0.341078858
0.397565045
0.389615175
0.40423159
0.467231972
0.485876786
0.380001575
0.393195673
0.473476411
0.425964342
