0.44442444
0.456629797
0.435946232
0.432777157
0.443167705
0.435236933
0.455436033
0.438360528
0.436754937
0.457451632
0.431226603
0.436217123
0.430992687
0.466248046
0.472643077
0.433544743
0.457538765
0.435013127
0.439960781
0.44944543
0.449404475
0.457105895
0.451802431
0.446546845
0.437067495
0.448153228
0.435378564
0.434837313
0.440745098
0.436795452
0.463538405
0.432662609
0.438495718
0.433178485
0.448304105
0.431056701
0.457858465
0.466204383
0.434706031
0.4484026
0.435270596
0.454189798
0.447814124
0.434661463
0.440397182
0.437084498
0.442032312
0.447297427
0.442828562
0.468119249
0.473281869
0.452736001
0.466341655
0.438560769
0.441223212
0.451137194
0.448716096
0.441666265
0.446960451
0.463083404
0.438315871
0.440938433
0.438885008
0.44179143
0.468572851
0.444441768
0.433315196
0.43869538
0.451374169
0.484591422
0.431912062
0.457493136
0.447890248
0.472465435
0.431358086
0.45845378
0.448034209
0.464204847
0.449508332
0.441802765
0.453427121
0.451452452
0.456318046
0.436045848
0.446776282
0.443743175
0.43335536
0.481988924
0.436821849
0.474556217
0.459810077
0.43305731
0.432282674
0.44441768
0.437771997
0.448210424
0.433754453
0.432718941
0.45938343
0.444457984
0.44311959
0.459033334
0.438189526
0.438202608
0.442747479
0.471249954
0.46478048
0.430240401
0.449488337
0.442792981
0.441315332
0.451876987
0.43294435
0.440966771
0.439668902
0.432815168
0.460583361
0.432009514
0.441352165
0.445772856
0.456745238
0.449944862
0.432102719
0.449721192
0.460324438
0.483583143
0.459991439
0.437572258
0.478561919
0.465694304
0.431431114
0.439986993
0.448226483
0.451208039
0.441442424
0.443277446
0.462257948
0.443935045
0.441227324
0.43994183
0.464740141
0.469254879
0.433715497
0.468451568
0.487943032
0.450226187
0.430756864
0.442261389
0.465040764
0.433917044
0.443857352
0.468953147
0.465045026
0.430059954
0.436306869
0.432356311
0.439630708
0.436519304
0.448760982
0.444096161
0.461299957
0.456095767
0.430143549
0.437000865
0.434817891
0.430652365
0.457725678
0.45051657
0.451661818
0.449107006
0.443089043
0.446061112
0.471989464
0.459206569
0.448024244
0.448321955
0.466801367
0.460888271
0.461930944
0.472475589
0.438141469
0.438728961
0.440909691
0.465127258
0.447200068
0.465403123
0.452231293
0.464111104
0.437506143
0.456851887
0.434649416
0.465725667
0.457750513
0.436634762
0.460824563
0.433560975
0.433322729
0.471987503
0.453004077
0.438196968
0.443662149
0.439136728
0.430814184
0.437367768
0.452375412
0.473878519
0.471988127
0.448950081
0.434403073
0.439373445
0.44254282
0.43730208
0.433487598
0.43230559
0.460324726
0.450336845
0.442094486
0.463044297
0.445818217
0.440041955
0.433236466
0.438062956
0.433671546
0.480714149
0.438149223
0.472138292
0.455324383
0.436009615
0.434731634
0.475165879
0.450167669
0.458573014
0.477192675
0.467844772
0.439118153
0.458733386
0.44116243
0.456615787
0.475000597
0.440303118
0.451371981
0.439413228
0.443599954
0.44853924
0.434936931
0.468228214
0.478883285
0.450926235
0.436569698
0.434018661
0.43987184
0.434813375
0.451650462
0.43291019
0.447141104
0.443785171
0.45544991
0.447870918
0.445599187
0.437030317
0.430461398
0.435773737
0.440611838
0.458086691
0.440274595
0.465004114
0.478507327
0.438373277
0.444020275
0.460874328
0.439662306
0.431430117
0.434056951
0.471524728
0.441055723
0.447576071
0.432462925
0.459081916
0.431960372
0.456017227
0.434487624
0.454936032
0.438365611
0.466418314
0.43812114
0.438996262
0.430727129
0.437795374
0.463099103
0.451654096
0.466873329
0.458309859
0.484390575
0.437643914
0.448634715
0.459974772
0.435153357
0.450356472
0.462998012
0.448499653
0.458694695
0.437000865
0.443799961
0.476942906
0.45328536
0.461193064
0.477679424
0.474996552
0.483657012
0.471152658
0.452996706
0.443052353
0.472851878
0.433616775
0.47415418
0.452240809
0.434112128
0.440706265
0.440517588
0.440393696
0.433774256
0.439934791
0.436184246
0.454805875
0.465985916
0.432653647
0.45063171
0.433509429
0.449712781
0.450624043
0.46418713
0.470905006
0.465858759
0.466886248
0.439405373
0.452230861
0.44710595
0.458923202
0.46643804
0.473688268
0.455773243
0.466579716
0.463034441
0.44194513
0.431857865
0.447964532
0.432999966
0.439478663
0.43578897
0.431370261
0.463394657
0.455166532
0.452990731
0.446486693
0.435483053
0.446539977
0.441045852
0.455095474
0.446804856
0.438594917
0.435333663
0.44599701
0.472716829
0.466862392
0.445670169
0.463206785
0.475453588
0.436711183
0.465984018
0.451940512
0.43783607
0.435604489
0.442059161
0.475916175
0.451962662
0.430532991
0.473525822
0.440635021
0.470806809
0.45420521
0.469656447
0.447162385
0.468727123
0.464804089
0.439423675
0.446413739
0.438213393
0.46500984
0.451186107
0.454581897
0.436105574
0.474867948
0.455252198
0.453406734
0.468839551
0.475594725
0.462926619
0.44657465
0.434931343
0.469496303
0.450291006
0.432915103
0.432309616
0.433447277
0.445076264
0.455364076
0.434658003
0.437862509
0.438241911
0.438324267
0.453652739
0.441089187
0.439359852
0.450444832
0.459345248
0.43879217
0.446264505
0.43112706
0.443150301
0.442330195
0.452018147
0.439827446
0.443330581
0.437749721
0.432299395
0.447748083
0.45323868
0.436124058
0.431033566
0.44588438
0.451033889
0.438620565
0.456263181
0.451587682
0.467928852
0.482976063
0.460465945
0.442585679
0.474414764
0.439564187
0.467848656
0.4408597
0.440968985
0.458416437
0.442681325
0.459542634
0.44515773
0.490691122
0.452316646
0.433234234
0.453074163
0.45946998
0.440029786
0.439351874
0.441427071
0.433810859
0.477242823
0.464186603
0.464973363
0.460057924
0.432743786
0.449198772
0.469086717
0.442753908
0.437782589
0.430754888
0.475957172
0.448733475
0.438352368
0.478466989
0.442264949
0.449344843
0.467391468
0.453526038
0.443077269
0.44967892
0.431178992
0.430949837
0.434177329
0.436303565
0.451785885
0.439464065
0.455293168
0.444753477
0.451051941
0.470706332
0.471099536
0.430868294
0.453951771
0.448566163
0.439322332
0.467021772
0.443726802
0.457825329
0.460861723
0.442568328
0.472303547
0.463999618
0.436453304
0.435723955
0.448233832
0.471092202
0.448528982
0.439230683
0.434100306
0.43810595
0.446274322
0.459687181
0.465726577
0.454030215
0.438285694
0.441268172
0.448337768
0.440271061
0.457315616
0.439835227
0.45101831
0.432627503
0.446805841
0.46093638
0.43604853
0.430240548
0.443340423
0.435642785
0.437054325
0.439650822
0.438010348
0.434453329
0.438426499
0.462251529
0.465841738
0.430634888
0.434382879
0.489461222
0.446507098
0.465441498
0.436094778
0.468924765
0.436655141
0.472627694
0.463786244
0.43565602
0.485164126
0.459000675
0.436636633
0.435890226
0.475816556
0.468470782
0.454625464
