AAAGCCAC 0.166667 0.166667 0.166667 0 0.166667 0.166667 0 0 0 0.166667 0 0 0 0 0 0 0 0.4 0.2 0 0 0.2 0 0 0.2 0 0 0 0 0 0 0 0.25 0.5 0 0 0 0 0 0 0 0.25 0 0 0 0 0 0 0.333333 0.666667 0 0 0 0 0 0 0 0 0 0 0 0 0 0 
AACGCCAC 0 0.166667 0.166667 0 0.166667 0.333333 0 0 0 0.166667 0 0 0 0 0 0 0 0.2 0.2 0 0 0.4 0 0 0.2 0 0 0 0 0 0 0 0 0.5 0 0 0.25 0 0 0 0 0.25 0 0 0 0 0 0 0.333333 0.333333 0 0 0 0.333333 0 0 0 0 0 0 0 0 0 0 
AACTGTGG 0 0.166667 0 0.166667 0 0 0.166667 0 0 0 0.166667 0 0 0 0.166667 0.166667 0 0 0.2 0.2 0 0 0 0.2 0 0 0.2 0 0 0 0.2 0 0 0 0.25 0.25 0 0 0.25 0 0 0 0 0 0 0 0.25 0 0 0 0.333333 0.333333 0 0 0.333333 0 0 0 0 0 0 0 0 0 
AAGCCACA 0.166667 0.166667 0.166667 0 0.166667 0.166667 0 0 0 0.166667 0 0 0 0 0 0 0 0.4 0 0 0.2 0.2 0 0 0.2 0 0 0 0 0 0 0 0.25 0.25 0 0 0.25 0 0 0 0 0.25 0 0 0 0 0 0 0.333333 0.333333 0 0 0 0 0 0 0.333333 0 0 0 0 0 0 0 
AATGTGGC 0 0 0.166667 0.166667 0 0 0 0 0 0.166667 0.166667 0 0 0 0.166667 0.166667 0 0 0.2 0.2 0 0 0 0 0 0 0.2 0 0 0.2 0.2 0 0 0 0.25 0.25 0 0 0 0 0 0.25 0 0 0 0 0.25 0 0 0 0.666667 0 0 0 0 0 0 0 0 0 0 0.333333 0 0 
ACGCCACA 0.166667 0 0.166667 0 0.166667 0.333333 0 0 0 0.166667 0 0 0 0 0 0 0 0.2 0 0 0.2 0.4 0 0 0.2 0 0 0 0 0 0 0 0 0.25 0 0 0.5 0 0 0 0 0.25 0 0 0 0 0 0 0.333333 0 0 0 0 0.333333 0 0 0.333333 0 0 0 0 0 0 0 
ACTGTGGC 0 0 0 0.166667 0 0 0.166667 0 0 0.166667 0.166667 0 0 0 0.166667 0.166667 0 0 0.2 0 0 0 0 0.2 0 0 0.2 0 0 0.2 0.2 0 0 0 0 0.25 0 0 0.25 0 0 0.25 0 0 0 0 0.25 0 0 0 0.333333 0 0 0 0.333333 0 0 0 0 0 0 0.333333 0 0 
AGCCACAA 0.166667 0.166667 0 0 0.333333 0.166667 0 0 0 0.166667 0 0 0 0 0 0 0.2 0.2 0 0 0.2 0.2 0 0 0.2 0 0 0 0 0 0 0 0.25 0 0 0 0.5 0 0 0 0 0.25 0 0 0 0 0 0 0 0.333333 0 0 0.333333 0 0 0 0.333333 0 0 0 0 0 0 0 
AGCCACAC 0.166667 0.166667 0 0 0.166667 0.333333 0 0 0 0.166667 0 0 0 0 0 0 0 0.4 0 0 0.2 0.2 0 0 0.2 0 0 0 0 0 0 0 0.25 0 0 0 0.25 0.25 0 0 0 0.25 0 0 0 0 0 0 0 0.333333 0 0 0 0.333333 0 0 0.333333 0 0 0 0 0 0 0 
AGCCACAG 0.166667 0.166667 0 0 0.166667 0.166667 0.166667 0 0 0.166667 0 0 0 0 0 0 0 0.2 0.2 0 0.2 0.2 0 0 0.2 0 0 0 0 0 0 0 0.25 0 0 0 0.25 0 0.25 0 0 0.25 0 0 0 0 0 0 0 0.333333 0 0 0 0 0.333333 0 0.333333 0 0 0 0 0 0 0 
AGCCACAT 0.166667 0.166667 0 0 0.166667 0.166667 0 0.166667 0 0.166667 0 0 0 0 0 0 0 0.2 0 0.2 0.2 0.2 0 0 0.2 0 0 0 0 0 0 0 0.25 0 0 0 0.25 0 0 0.25 0 0.25 0 0 0 0 0 0 0 0.333333 0 0 0 0 0 0.333333 0.333333 0 0 0 0 0 0 0 
AGCGCCAC 0 0.166667 0 0 0.166667 0.333333 0 0 0 0.166667 0.166667 0 0 0 0 0 0 0 0.2 0 0 0.4 0 0 0.2 0.2 0 0 0 0 0 0 0 0.25 0 0 0.25 0 0 0 0 0.5 0 0 0 0 0 0 0 0.333333 0 0 0 0.333333 0 0 0.333333 0 0 0 0 0 0 0 
AGTGTGGC 0 0 0 0.166667 0 0 0 0 0 0.166667 0.333333 0 0 0 0.166667 0.166667 0 0 0.2 0 0 0 0 0 0 0 0.2 0.2 0 0.2 0.2 0 0 0 0 0.25 0 0 0 0 0 0.25 0.25 0 0 0 0.25 0 0 0 0.333333 0 0 0 0 0 0 0 0.333333 0 0 0.333333 0 0 
ATGCCACA 0.166667 0 0.166667 0 0.166667 0.166667 0 0 0 0.166667 0 0 0 0.166667 0 0 0 0.2 0 0 0.2 0.2 0 0 0.2 0 0 0 0 0.2 0 0 0 0.25 0 0 0.25 0 0 0 0 0.25 0 0 0.25 0 0 0 0.333333 0 0 0 0 0 0 0 0.333333 0 0 0 0 0.333333 0 0 
ATGTGGCG 0 0 0.166667 0 0 0 0 0 0 0.166667 0.333333 0 0 0 0.166667 0.166667 0 0 0 0.2 0 0 0 0 0 0 0.4 0 0 0.2 0.2 0 0 0 0.25 0 0 0 0 0 0 0.25 0 0 0 0 0.5 0 0 0 0.333333 0 0 0 0 0 0 0 0.333333 0 0 0.333333 0 0 
ATTGTGGC 0 0 0 0.166667 0 0 0 0 0 0.166667 0.166667 0 0 0 0.333333 0.166667 0 0 0.2 0 0 0 0 0 0 0 0.2 0 0 0.2 0.2 0.2 0 0 0 0.25 0 0 0 0 0 0.25 0 0 0 0 0.5 0 0 0 0.333333 0 0 0 0 0 0 0 0 0 0 0.333333 0.333333 0 
CACTGTGG 0 0 0 0.166667 0 0.166667 0.166667 0 0 0 0.166667 0 0 0 0.166667 0.166667 0 0 0.2 0 0 0 0 0.4 0 0 0.2 0 0 0 0.2 0 0 0 0 0.25 0 0 0.5 0 0 0 0 0 0 0 0.25 0 0 0 0.333333 0 0 0 0.333333 0.333333 0 0 0 0 0 0 0 0 
CAGCCACA 0.166667 0.166667 0 0 0.166667 0.166667 0.166667 0 0 0.166667 0 0 0 0 0 0 0 0.2 0 0 0.2 0.4 0 0 0.2 0 0 0 0 0 0 0 0.25 0 0 0 0.25 0.25 0 0 0 0.25 0 0 0 0 0 0 0 0.333333 0 0 0.333333 0 0 0 0.333333 0 0 0 0 0 0 0 
CCGCCACA 0.166667 0 0 0 0.166667 0.333333 0.166667 0 0 0.166667 0 0 0 0 0 0 0 0 0 0 0.2 0.6 0 0 0.2 0 0 0 0 0 0 0 0 0 0 0 0.5 0.25 0 0 0 0.25 0 0 0 0 0 0 0 0 0 0 0.333333 0.333333 0 0 0.333333 0 0 0 0 0 0 0 
CCTGTGGC 0 0 0 0 0 0 0.166667 0.166667 0 0.166667 0.166667 0 0 0 0.166667 0.166667 0 0 0 0 0 0 0.2 0.2 0 0 0.2 0 0 0.2 0.2 0 0 0 0 0 0 0 0.25 0.25 0 0.25 0 0 0 0 0.25 0 0 0 0 0 0 0 0.666667 0 0 0 0 0 0 0.333333 0 0 
CGCCACAA 0.166667 0 0 0 0.333333 0.333333 0 0 0 0.166667 0 0 0 0 0 0 0.2 0 0 0 0.2 0.4 0 0 0.2 0 0 0 0 0 0 0 0 0 0 0 0.75 0 0 0 0 0.25 0 0 0 0 0 0 0 0 0 0 0.333333 0.333333 0 0 0.333333 0 0 0 0 0 0 0 
CGCCACAC 0.166667 0 0 0 0.166667 0.5 0 0 0 0.166667 0 0 0 0 0 0 0 0.2 0 0 0.2 0.4 0 0 0.2 0 0 0 0 0 0 0 0 0 0 0 0.5 0.25 0 0 0 0.25 0 0 0 0 0 0 0 0 0 0 0 0.666667 0 0 0.333333 0 0 0 0 0 0 0 
CGCCACAG 0.166667 0 0 0 0.166667 0.333333 0.166667 0 0 0.166667 0 0 0 0 0 0 0 0 0.2 0 0.2 0.4 0 0 0.2 0 0 0 0 0 0 0 0 0 0 0 0.5 0 0.25 0 0 0.25 0 0 0 0 0 0 0 0 0 0 0 0.333333 0.333333 0 0.333333 0 0 0 0 0 0 0 
CGCGCCAC 0 0 0 0 0.166667 0.5 0 0 0 0.166667 0.166667 0 0 0 0 0 0 0 0 0 0 0.4 0.2 0 0.2 0.2 0 0 0 0 0 0 0 0 0 0 0.25 0.25 0 0 0 0.5 0 0 0 0 0 0 0 0 0 0 0 0.666667 0 0 0.333333 0 0 0 0 0 0 0 
CTGTGGCA 0 0 0 0 0 0 0.166667 0 0.166667 0.166667 0.166667 0 0 0 0.166667 0.166667 0 0 0 0 0 0 0 0.2 0.2 0 0.2 0 0 0.2 0.2 0 0 0 0 0 0 0 0.25 0 0 0.25 0 0 0.25 0 0.25 0 0 0 0 0 0 0 0.333333 0 0.333333 0 0 0 0 0.333333 0 0 
GACGCCAC 0 0 0.166667 0 0.166667 0.333333 0 0 0 0.333333 0 0 0 0 0 0 0 0.2 0 0 0 0.4 0 0 0.2 0 0.2 0 0 0 0 0 0 0.25 0 0 0.25 0 0 0 0 0.5 0 0 0 0 0 0 0.333333 0 0 0 0 0.333333 0 0 0 0.333333 0 0 0 0 0 0 
GAGCCACA 0.166667 0.166667 0 0 0.166667 0.166667 0 0 0 0.166667 0.166667 0 0 0 0 0 0 0.2 0 0 0.2 0.2 0 0 0.2 0.2 0 0 0 0 0 0 0.25 0 0 0 0.25 0 0 0 0 0.5 0 0 0 0 0 0 0 0.333333 0 0 0 0 0 0 0.666667 0 0 0 0 0 0 0 
GATGTGGC 0 0 0.166667 0 0 0 0 0 0 0.166667 0.166667 0.166667 0 0 0.166667 0.166667 0 0 0 0.2 0 0 0 0 0 0 0.4 0 0 0.2 0.2 0 0 0 0.25 0 0 0 0 0 0 0.25 0 0.25 0 0 0.25 0 0 0 0.333333 0 0 0 0 0 0 0 0.333333 0 0 0.333333 0 0 
GCCACAAC 0.166667 0.166667 0 0 0.333333 0.166667 0 0 0 0.166667 0 0 0 0 0 0 0.2 0 0 0 0.2 0.4 0 0 0.2 0 0 0 0 0 0 0 0 0.25 0 0 0.5 0 0 0 0 0.25 0 0 0 0 0 0 0 0 0 0 0.333333 0.333333 0 0 0.333333 0 0 0 0 0 0 0 
GCCACACA 0.333333 0 0 0 0.166667 0.333333 0 0 0 0.166667 0 0 0 0 0 0 0 0.2 0 0 0.4 0.2 0 0 0.2 0 0 0 0 0 0 0 0.25 0 0 0 0.25 0.25 0 0 0 0.25 0 0 0 0 0 0 0 0 0 0 0.333333 0.333333 0 0 0.333333 0 0 0 0 0 0 0 
GCCACACC 0.166667 0.166667 0 0 0.166667 0.333333 0 0 0 0.166667 0 0 0 0 0 0 0 0.2 0 0 0.2 0.4 0 0 0.2 0 0 0 0 0 0 0 0 0.25 0 0 0.25 0.25 0 0 0 0.25 0 0 0 0 0 0 0 0 0 0 0 0.666667 0 0 0.333333 0 0 0 0 0 0 0 
GCCACAGC 0.166667 0.166667 0 0 0.166667 0.166667 0.166667 0 0 0.166667 0 0 0 0 0 0 0 0 0.2 0 0.2 0.4 0 0 0.2 0 0 0 0 0 0 0 0 0.25 0 0 0.25 0 0.25 0 0 0.25 0 0 0 0 0 0 0 0 0 0 0 0.333333 0.333333 0 0.333333 0 0 0 0 0 0 0 
GCGCCACA 0.166667 0 0 0 0.166667 0.333333 0 0 0 0.166667 0.166667 0 0 0 0 0 0 0 0 0 0.2 0.4 0 0 0.2 0.2 0 0 0 0 0 0 0 0 0 0 0.5 0 0 0 0 0.5 0 0 0 0 0 0 0 0 0 0 0 0.333333 0 0 0.666667 0 0 0 0 0 0 0 
GGCGCCAC 0 0 0 0 0.166667 0.333333 0 0 0 0.333333 0.166667 0 0 0 0 0 0 0 0 0 0 0.4 0 0 0.2 0.2 0.2 0 0 0 0 0 0 0 0 0 0.25 0 0 0 0 0.75 0 0 0 0 0 0 0 0 0 0 0 0.333333 0 0 0.333333 0.333333 0 0 0 0 0 0 
GTGCCACA 0.166667 0 0 0 0.166667 0.166667 0 0 0 0.166667 0.166667 0 0 0.166667 0 0 0 0 0 0 0.2 0.2 0 0 0.2 0.2 0 0 0 0.2 0 0 0 0 0 0 0.25 0 0 0 0 0.5 0 0 0.25 0 0 0 0 0 0 0 0 0 0 0 0.666667 0 0 0 0 0.333333 0 0 
GTGGCGCA 0 0 0 0 0 0.166667 0 0 0.166667 0.166667 0.333333 0 0 0 0.166667 0 0 0 0 0 0.2 0 0 0 0 0.2 0.4 0 0 0.2 0 0 0 0 0 0 0 0 0 0 0.25 0.5 0 0 0 0 0.25 0 0 0 0 0 0 0 0 0 0.333333 0 0.333333 0 0 0.333333 0 0 
GTGGCGTA 0 0 0 0 0 0 0 0.166667 0.166667 0.166667 0.333333 0 0 0 0.166667 0 0 0 0 0 0.2 0 0 0 0 0 0.4 0.2 0 0.2 0 0 0 0 0 0 0 0 0 0 0.25 0.25 0 0.25 0 0 0.25 0 0 0 0 0 0 0 0 0 0.333333 0 0.333333 0 0 0 0 0.333333 
AACGCCAC 0 0.166667 0.166667 0 0.166667 0.333333 0 0 0 0.166667 0 0 0 0 0 0 0 0.2 0.2 0 0 0.4 0 0 0.2 0 0 0 0 0 0 0 0 0.5 0 0 0.25 0 0 0 0 0.25 0 0 0 0 0 0 0.333333 0.333333 0 0 0 0.333333 0 0 0 0 0 0 0 0 0 0 
AACTGTGG 0 0.166667 0 0.166667 0 0 0.166667 0 0 0 0.166667 0 0 0 0.166667 0.166667 0 0 0.2 0.2 0 0 0 0.2 0 0 0.2 0 0 0 0.2 0 0 0 0.25 0.25 0 0 0.25 0 0 0 0 0 0 0 0.25 0 0 0 0.333333 0.333333 0 0 0.333333 0 0 0 0 0 0 0 0 0 
AAGCCACA 0.166667 0.166667 0.166667 0 0.166667 0.166667 0 0 0 0.166667 0 0 0 0 0 0 0 0.4 0 0 0.2 0.2 0 0 0.2 0 0 0 0 0 0 0 0.25 0.25 0 0 0.25 0 0 0 0 0.25 0 0 0 0 0 0 0.333333 0.333333 0 0 0 0 0 0 0.333333 0 0 0 0 0 0 0 
AATGTGGC 0 0 0.166667 0.166667 0 0 0 0 0 0.166667 0.166667 0 0 0 0.166667 0.166667 0 0 0.2 0.2 0 0 0 0 0 0 0.2 0 0 0.2 0.2 0 0 0 0.25 0.25 0 0 0 0 0 0.25 0 0 0 0 0.25 0 0 0 0.666667 0 0 0 0 0 0 0 0 0 0 0.333333 0 0 
ACGCCACA 0.166667 0 0.166667 0 0.166667 0.333333 0 0 0 0.166667 0 0 0 0 0 0 0 0.2 0 0 0.2 0.4 0 0 0.2 0 0 0 0 0 0 0 0 0.25 0 0 0.5 0 0 0 0 0.25 0 0 0 0 0 0 0.333333 0 0 0 0 0.333333 0 0 0.333333 0 0 0 0 0 0 0 
ACTGTGGC 0 0 0 0.166667 0 0 0.166667 0 0 0.166667 0.166667 0 0 0 0.166667 0.166667 0 0 0.2 0 0 0 0 0.2 0 0 0.2 0 0 0.2 0.2 0 0 0 0 0.25 0 0 0.25 0 0 0.25 0 0 0 0 0.25 0 0 0 0.333333 0 0 0 0.333333 0 0 0 0 0 0 0.333333 0 0 
AGCCACAA 0.166667 0.166667 0 0 0.333333 0.166667 0 0 0 0.166667 0 0 0 0 0 0 0.2 0.2 0 0 0.2 0.2 0 0 0.2 0 0 0 0 0 0 0 0.25 0 0 0 0.5 0 0 0 0 0.25 0 0 0 0 0 0 0 0.333333 0 0 0.333333 0 0 0 0.333333 0 0 0 0 0 0 0 
AGCCACAC 0.166667 0.166667 0 0 0.166667 0.333333 0 0 0 0.166667 0 0 0 0 0 0 0 0.4 0 0 0.2 0.2 0 0 0.2 0 0 0 0 0 0 0 0.25 0 0 0 0.25 0.25 0 0 0 0.25 0 0 0 0 0 0 0 0.333333 0 0 0 0.333333 0 0 0.333333 0 0 0 0 0 0 0 
AGCCACAG 0.166667 0.166667 0 0 0.166667 0.166667 0.166667 0 0 0.166667 0 0 0 0 0 0 0 0.2 0.2 0 0.2 0.2 0 0 0.2 0 0 0 0 0 0 0 0.25 0 0 0 0.25 0 0.25 0 0 0.25 0 0 0 0 0 0 0 0.333333 0 0 0 0 0.333333 0 0.333333 0 0 0 0 0 0 0 
AGCCACAT 0.166667 0.166667 0 0 0.166667 0.166667 0 0.166667 0 0.166667 0 0 0 0 0 0 0 0.2 0 0.2 0.2 0.2 0 0 0.2 0 0 0 0 0 0 0 0.25 0 0 0 0.25 0 0 0.25 0 0.25 0 0 0 0 0 0 0 0.333333 0 0 0 0 0 0.333333 0.333333 0 0 0 0 0 0 0 
AGCGCCAC 0 0.166667 0 0 0.166667 0.333333 0 0 0 0.166667 0.166667 0 0 0 0 0 0 0 0.2 0 0 0.4 0 0 0.2 0.2 0 0 0 0 0 0 0 0.25 0 0 0.25 0 0 0 0 0.5 0 0 0 0 0 0 0 0.333333 0 0 0 0.333333 0 0 0.333333 0 0 0 0 0 0 0 
AGTGTGGC 0 0 0 0.166667 0 0 0 0 0 0.166667 0.333333 0 0 0 0.166667 0.166667 0 0 0.2 0 0 0 0 0 0 0 0.2 0.2 0 0.2 0.2 0 0 0 0 0.25 0 0 0 0 0 0.25 0.25 0 0 0 0.25 0 0 0 0.333333 0 0 0 0 0 0 0 0.333333 0 0 0.333333 0 0 
ATGTGGCG 0 0 0.166667 0 0 0 0 0 0 0.166667 0.333333 0 0 0 0.166667 0.166667 0 0 0 0.2 0 0 0 0 0 0 0.4 0 0 0.2 0.2 0 0 0 0.25 0 0 0 0 0 0 0.25 0 0 0 0 0.5 0 0 0 0.333333 0 0 0 0 0 0 0 0.333333 0 0 0.333333 0 0 
ATTGTGGC 0 0 0 0.166667 0 0 0 0 0 0.166667 0.166667 0 0 0 0.333333 0.166667 0 0 0.2 0 0 0 0 0 0 0 0.2 0 0 0.2 0.2 0.2 0 0 0 0.25 0 0 0 0 0 0.25 0 0 0 0 0.5 0 0 0 0.333333 0 0 0 0 0 0 0 0 0 0 0.333333 0.333333 0 
CAGCCACA 0.166667 0.166667 0 0 0.166667 0.166667 0.166667 0 0 0.166667 0 0 0 0 0 0 0 0.2 0 0 0.2 0.4 0 0 0.2 0 0 0 0 0 0 0 0.25 0 0 0 0.25 0.25 0 0 0 0.25 0 0 0 0 0 0 0 0.333333 0 0 0.333333 0 0 0 0.333333 0 0 0 0 0 0 0 
CCCGCCAC 0 0 0 0 0.166667 0.5 0.166667 0 0 0.166667 0 0 0 0 0 0 0 0 0 0 0 0.6 0.2 0 0.2 0 0 0 0 0 0 0 0 0 0 0 0.25 0.5 0 0 0 0.25 0 0 0 0 0 0 0 0 0 0 0.333333 0.666667 0 0 0 0 0 0 0 0 0 0 
CCGCCACA 0.166667 0 0 0 0.166667 0.333333 0.166667 0 0 0.166667 0 0 0 0 0 0 0 0 0 0 0.2 0.6 0 0 0.2 0 0 0 0 0 0 0 0 0 0 0 0.5 0.25 0 0 0 0.25 0 0 0 0 0 0 0 0 0 0 0.333333 0.333333 0 0 0.333333 0 0 0 0 0 0 0 
CCTGTGGC 0 0 0 0 0 0 0.166667 0.166667 0 0.166667 0.166667 0 0 0 0.166667 0.166667 0 0 0 0 0 0 0.2 0.2 0 0 0.2 0 0 0.2 0.2 0 0 0 0 0 0 0 0.25 0.25 0 0.25 0 0 0 0 0.25 0 0 0 0 0 0 0 0.666667 0 0 0 0 0 0 0.333333 0 0 
CGCCACAA 0.166667 0 0 0 0.333333 0.333333 0 0 0 0.166667 0 0 0 0 0 0 0.2 0 0 0 0.2 0.4 0 0 0.2 0 0 0 0 0 0 0 0 0 0 0 0.75 0 0 0 0 0.25 0 0 0 0 0 0 0 0 0 0 0.333333 0.333333 0 0 0.333333 0 0 0 0 0 0 0 
CGCCACAC 0.166667 0 0 0 0.166667 0.5 0 0 0 0.166667 0 0 0 0 0 0 0 0.2 0 0 0.2 0.4 0 0 0.2 0 0 0 0 0 0 0 0 0 0 0 0.5 0.25 0 0 0 0.25 0 0 0 0 0 0 0 0 0 0 0 0.666667 0 0 0.333333 0 0 0 0 0 0 0 
CGCCACAG 0.166667 0 0 0 0.166667 0.333333 0.166667 0 0 0.166667 0 0 0 0 0 0 0 0 0.2 0 0.2 0.4 0 0 0.2 0 0 0 0 0 0 0 0 0 0 0 0.5 0 0.25 0 0 0.25 0 0 0 0 0 0 0 0 0 0 0 0.333333 0.333333 0 0.333333 0 0 0 0 0 0 0 
CGCGCCAC 0 0 0 0 0.166667 0.5 0 0 0 0.166667 0.166667 0 0 0 0 0 0 0 0 0 0 0.4 0.2 0 0.2 0.2 0 0 0 0 0 0 0 0 0 0 0.25 0.25 0 0 0 0.5 0 0 0 0 0 0 0 0 0 0 0 0.666667 0 0 0.333333 0 0 0 0 0 0 0 
CGTGGCGC 0 0 0 0 0 0.166667 0 0.166667 0 0.166667 0.333333 0 0 0 0.166667 0 0 0 0 0 0 0 0.2 0 0 0.2 0.4 0 0 0.2 0 0 0 0 0 0 0 0 0.25 0 0 0.5 0 0 0 0 0.25 0 0 0 0 0 0 0.333333 0 0 0 0 0.333333 0 0 0.333333 0 0 
GACGCCAC 0 0 0.166667 0 0.166667 0.333333 0 0 0 0.333333 0 0 0 0 0 0 0 0.2 0 0 0 0.4 0 0 0.2 0 0.2 0 0 0 0 0 0 0.25 0 0 0.25 0 0 0 0 0.5 0 0 0 0 0 0 0.333333 0 0 0 0 0.333333 0 0 0 0.333333 0 0 0 0 0 0 
GAGCCACA 0.166667 0.166667 0 0 0.166667 0.166667 0 0 0 0.166667 0.166667 0 0 0 0 0 0 0.2 0 0 0.2 0.2 0 0 0.2 0.2 0 0 0 0 0 0 0.25 0 0 0 0.25 0 0 0 0 0.5 0 0 0 0 0 0 0 0.333333 0 0 0 0 0 0 0.666667 0 0 0 0 0 0 0 
GATGTGGC 0 0 0.166667 0 0 0 0 0 0 0.166667 0.166667 0.166667 0 0 0.166667 0.166667 0 0 0 0.2 0 0 0 0 0 0 0.4 0 0 0.2 0.2 0 0 0 0.25 0 0 0 0 0 0 0.25 0 0.25 0 0 0.25 0 0 0 0.333333 0 0 0 0 0 0 0 0.333333 0 0 0.333333 0 0 
GCCACAAC 0.166667 0.166667 0 0 0.333333 0.166667 0 0 0 0.166667 0 0 0 0 0 0 0.2 0 0 0 0.2 0.4 0 0 0.2 0 0 0 0 0 0 0 0 0.25 0 0 0.5 0 0 0 0 0.25 0 0 0 0 0 0 0 0 0 0 0.333333 0.333333 0 0 0.333333 0 0 0 0 0 0 0 
GCCACACA 0.333333 0 0 0 0.166667 0.333333 0 0 0 0.166667 0 0 0 0 0 0 0 0.2 0 0 0.4 0.2 0 0 0.2 0 0 0 0 0 0 0 0.25 0 0 0 0.25 0.25 0 0 0 0.25 0 0 0 0 0 0 0 0 0 0 0.333333 0.333333 0 0 0.333333 0 0 0 0 0 0 0 
GCCACACC 0.166667 0.166667 0 0 0.166667 0.333333 0 0 0 0.166667 0 0 0 0 0 0 0 0.2 0 0 0.2 0.4 0 0 0.2 0 0 0 0 0 0 0 0 0.25 0 0 0.25 0.25 0 0 0 0.25 0 0 0 0 0 0 0 0 0 0 0 0.666667 0 0 0.333333 0 0 0 0 0 0 0 
GCCACAGC 0.166667 0.166667 0 0 0.166667 0.166667 0.166667 0 0 0.166667 0 0 0 0 0 0 0 0 0.2 0 0.2 0.4 0 0 0.2 0 0 0 0 0 0 0 0 0.25 0 0 0.25 0 0.25 0 0 0.25 0 0 0 0 0 0 0 0 0 0 0 0.333333 0.333333 0 0.333333 0 0 0 0 0 0 0 
GCGCCACA 0.166667 0 0 0 0.166667 0.333333 0 0 0 0.166667 0.166667 0 0 0 0 0 0 0 0 0 0.2 0.4 0 0 0.2 0.2 0 0 0 0 0 0 0 0 0 0 0.5 0 0 0 0 0.5 0 0 0 0 0 0 0 0 0 0 0 0.333333 0 0 0.666667 0 0 0 0 0 0 0 
GGCGCCAC 0 0 0 0 0.166667 0.333333 0 0 0 0.333333 0.166667 0 0 0 0 0 0 0 0 0 0 0.4 0 0 0.2 0.2 0.2 0 0 0 0 0 0 0 0 0 0.25 0 0 0 0 0.75 0 0 0 0 0 0 0 0 0 0 0 0.333333 0 0 0.333333 0.333333 0 0 0 0 0 0 
GTGCCACA 0.166667 0 0 0 0.166667 0.166667 0 0 0 0.166667 0.166667 0 0 0.166667 0 0 0 0 0 0 0.2 0.2 0 0 0.2 0.2 0 0 0 0.2 0 0 0 0 0 0 0.25 0 0 0 0 0.5 0 0 0.25 0 0 0 0 0 0 0 0 0 0 0 0.666667 0 0 0 0 0.333333 0 0 
GTGGCGCA 0 0 0 0 0 0.166667 0 0 0.166667 0.166667 0.333333 0 0 0 0.166667 0 0 0 0 0 0.2 0 0 0 0 0.2 0.4 0 0 0.2 0 0 0 0 0 0 0 0 0 0 0.25 0.5 0 0 0 0 0.25 0 0 0 0 0 0 0 0 0 0.333333 0 0.333333 0 0 0.333333 0 0 
GTGGCGTA 0 0 0 0 0 0 0 0.166667 0.166667 0.166667 0.333333 0 0 0 0.166667 0 0 0 0 0 0.2 0 0 0 0 0 0.4 0.2 0 0.2 0 0 0 0 0 0 0 0 0 0 0.25 0.25 0 0.25 0 0 0.25 0 0 0 0 0 0 0 0 0 0.333333 0 0.333333 0 0 0 0 0.333333 
TCGCCACA 0.166667 0 0 0 0.166667 0.333333 0 0 0 0.166667 0 0 0 0 0.166667 0 0 0 0 0 0.2 0.4 0 0 0.2 0 0 0 0 0.2 0 0 0 0 0 0 0.5 0 0 0 0 0.25 0 0 0 0.25 0 0 0 0 0 0 0 0.333333 0 0 0.333333 0 0 0 0.333333 0 0 0 
TGGCGCCA 0 0 0 0 0.166667 0.166667 0 0 0 0.333333 0.166667 0 0 0 0.166667 0 0 0 0 0 0 0.2 0 0 0.2 0.2 0.2 0 0 0.2 0 0 0 0 0 0 0.25 0 0 0 0 0.5 0 0 0 0 0.25 0 0 0 0 0 0 0 0 0 0.333333 0.333333 0 0 0 0.333333 0 0 
AACCCCGC 0 0.333333 0 0 0 0.5 0.166667 0 0 0 0 0 0 0 0 0 0 0.4 0 0 0 0.4 0.2 0 0 0 0 0 0 0 0 0 0 0.5 0 0 0 0.25 0.25 0 0 0 0 0 0 0 0 0 0 0.333333 0.333333 0 0 0.333333 0 0 0 0 0 0 0 0 0 0 
AAGCGGGG 0 0.166667 0.166667 0 0 0 0.166667 0 0 0 0.5 0 0 0 0 0 0 0.2 0.2 0 0 0 0.2 0 0 0 0.4 0 0 0 0 0 0 0 0.5 0 0 0 0.25 0 0 0 0.25 0 0 0 0 0 0 0 0.666667 0 0 0 0 0 0 0 0.333333 0 0 0 0 0 
ACCCCACA 0.166667 0.166667 0 0 0.166667 0.5 0 0 0 0 0 0 0 0 0 0 0 0.2 0 0 0.4 0.4 0 0 0 0 0 0 0 0 0 0 0 0.25 0 0 0.5 0.25 0 0 0 0 0 0 0 0 0 0 0.333333 0 0 0 0.333333 0.333333 0 0 0 0 0 0 0 0 0 0 
ACCCCGCA 0 0.166667 0 0 0 0.5 0.166667 0 0.166667 0 0 0 0 0 0 0 0 0.2 0 0 0.2 0.4 0.2 0 0 0 0 0 0 0 0 0 0 0.25 0 0 0.25 0.25 0.25 0 0 0 0 0 0 0 0 0 0 0 0.333333 0 0.333333 0.333333 0 0 0 0 0 0 0 0 0 0 
ACCCCGCG 0 0.166667 0 0 0 0.5 0.166667 0 0 0 0.166667 0 0 0 0 0 0 0.2 0 0 0 0.4 0.4 0 0 0 0 0 0 0 0 0 0 0.25 0 0 0 0.25 0.5 0 0 0 0 0 0 0 0 0 0 0 0.333333 0 0 0.333333 0.333333 0 0 0 0 0 0 0 0 0 
ACCCCGCT 0 0.166667 0 0 0 0.5 0.166667 0 0 0 0 0.166667 0 0 0 0 0 0.2 0 0 0 0.4 0.2 0.2 0 0 0 0 0 0 0 0 0 0.25 0 0 0 0.25 0.25 0.25 0 0 0 0 0 0 0 0 0 0 0.333333 0 0 0.333333 0 0.333333 0 0 0 0 0 0 0 0 
ACGCGGGG 0 0 0.166667 0 0 0.166667 0.166667 0 0 0 0.5 0 0 0 0 0 0 0.2 0 0 0 0 0.4 0 0 0 0.4 0 0 0 0 0 0 0 0.25 0 0 0 0.5 0 0 0 0.25 0 0 0 0 0 0 0 0.333333 0 0 0 0.333333 0 0 0 0.333333 0 0 0 0 0 
ATCCGGGG 0 0.166667 0 0 0 0 0.333333 0 0 0 0.333333 0 0 0.166667 0 0 0 0.2 0 0 0 0 0.4 0 0 0 0.2 0 0 0 0.2 0 0 0 0.25 0 0 0 0.5 0 0 0 0 0 0 0 0.25 0 0 0 0.333333 0 0 0 0.333333 0 0 0 0 0 0 0 0.333333 0 
ATGCGGGG 0 0 0.166667 0 0 0 0.166667 0 0 0 0.5 0 0 0.166667 0 0 0 0.2 0 0 0 0 0.2 0 0 0 0.4 0 0 0 0.2 0 0 0 0.25 0 0 0 0.25 0 0 0 0.25 0 0 0 0.25 0 0 0 0.333333 0 0 0 0 0 0 0 0.333333 0 0 0 0.333333 0 
ATGTGGGG 0 0 0.166667 0 0 0 0 0 0 0 0.5 0 0 0 0.166667 0.166667 0 0 0 0.2 0 0 0 0 0 0 0.4 0 0 0 0.4 0 0 0 0.25 0 0 0 0 0 0 0 0.25 0 0 0 0.5 0 0 0 0.333333 0 0 0 0 0 0 0 0.333333 0 0 0 0.333333 0 
CACCCCGC 0 0.166667 0 0 0 0.666667 0.166667 0 0 0 0 0 0 0 0 0 0 0.2 0 0 0 0.6 0.2 0 0 0 0 0 0 0 0 0 0 0.25 0 0 0 0.5 0.25 0 0 0 0 0 0 0 0 0 0 0 0.333333 0 0 0.666667 0 0 0 0 0 0 0 0 0 0 
CCCCACAA 0.166667 0 0 0 0.333333 0.5 0 0 0 0 0 0 0 0 0 0 0.2 0 0 0 0.4 0.4 0 0 0 0 0 0 0 0 0 0 0 0 0 0 0.75 0.25 0 0 0 0 0 0 0 0 0 0 0 0 0 0 0.666667 0.333333 0 0 0 0 0 0 0 0 0 0 
CCCCACAC 0.166667 0 0 0 0.166667 0.666667 0 0 0 0 0 0 0 0 0 0 0 0.2 0 0 0.4 0.4 0 0 0 0 0 0 0 0 0 0 0 0 0 0 0.5 0.5 0 0 0 0 0 0 0 0 0 0 0 0 0 0 0.333333 0.666667 0 0 0 0 0 0 0 0 0 0 
CCCCCACA 0.166667 0 0 0 0.166667 0.666667 0 0 0 0 0 0 0 0 0 0 0 0 0 0 0.4 0.6 0 0 0 0 0 0 0 0 0 0 0 0 0 0 0.5 0.5 0 0 0 0 0 0 0 0 0 0 0 0 0 0 0.666667 0.333333 0 0 0 0 0 0 0 0 0 0 
CCCCCCGC 0 0 0 0 0 0.833333 0.166667 0 0 0 0 0 0 0 0 0 0 0 0 0 0 0.8 0.2 0 0 0 0 0 0 0 0 0 0 0 0 0 0 0.75 0.25 0 0 0 0 0 0 0 0 0 0 0 0 0 0 0.666667 0.333333 0 0 0 0 0 0 0 0 0 
CCCCCGCA 0 0 0 0 0 0.666667 0.166667 0 0.166667 0 0 0 0 0 0 0 0 0 0 0 0.2 0.6 0.2 0 0 0 0 0 0 0 0 0 0 0 0 0 0.25 0.5 0.25 0 0 0 0 0 0 0 0 0 0 0 0 0 0.333333 0.333333 0.333333 0 0 0 0 0 0 0 0 0 
CCCCCGCC 0 0 0 0 0 0.666667 0.166667 0 0 0.166667 0 0 0 0 0 0 0 0 0 0 0 0.8 0.2 0 0 0 0 0 0 0 0 0 0 0 0 0 0 0.75 0.25 0 0 0 0 0 0 0 0 0 0 0 0 0 0 0.666667 0.333333 0 0 0 0 0 0 0 0 0 
CCCCCGCG 0 0 0 0 0 0.666667 0.166667 0 0 0 0.166667 0 0 0 0 0 0 0 0 0 0 0.6 0.4 0 0 0 0 0 0 0 0 0 0 0 0 0 0 0.5 0.5 0 0 0 0 0 0 0 0 0 0 0 0 0 0 0.333333 0.666667 0 0 0 0 0 0 0 0 0 
CCCCGCAA 0 0 0 0 0.166667 0.5 0.166667 0 0.166667 0 0 0 0 0 0 0 0 0 0 0 0.2 0.4 0.2 0 0.2 0 0 0 0 0 0 0 0 0 0 0 0.5 0.25 0.25 0 0 0 0 0 0 0 0 0 0 0 0 0 0.666667 0.333333 0 0 0 0 0 0 0 0 0 0 
CCCCGCAC 0 0 0 0 0 0.666667 0.166667 0 0.166667 0 0 0 0 0 0 0 0 0 0 0 0.2 0.4 0.2 0 0 0.2 0 0 0 0 0 0 0 0 0 0 0.25 0.5 0.25 0 0 0 0 0 0 0 0 0 0 0 0 0 0.333333 0.666667 0 0 0 0 0 0 0 0 0 0 
CCCCGCGC 0 0 0 0 0 0.666667 0.166667 0 0 0 0.166667 0 0 0 0 0 0 0 0 0 0 0.4 0.4 0 0 0.2 0 0 0 0 0 0 0 0 0 0 0 0.5 0.5 0 0 0 0 0 0 0 0 0 0 0 0 0 0 0.666667 0.333333 0 0 0 0 0 0 0 0 0 
GCGGGGAA 0 0 0 0 0 0 0.166667 0 0.333333 0 0.5 0 0 0 0 0 0 0 0 0 0 0 0.2 0 0.4 0 0.4 0 0 0 0 0 0 0 0 0 0 0 0.25 0 0.5 0 0.25 0 0 0 0 0 0 0 0 0 0.333333 0 0 0 0.333333 0 0.333333 0 0 0 0 0 
GCGGGGGA 0 0 0 0 0 0 0.166667 0 0.166667 0 0.666667 0 0 0 0 0 0 0 0 0 0 0 0.2 0 0.2 0 0.6 0 0 0 0 0 0 0 0 0 0 0 0.25 0 0.25 0 0.5 0 0 0 0 0 0 0 0 0 0 0 0.333333 0 0.333333 0 0.333333 0 0 0 0 0 
GCGGGGTA 0 0 0 0 0 0 0.166667 0 0.166667 0 0.5 0.166667 0 0 0 0 0 0 0 0 0 0 0.2 0 0.2 0 0.4 0.2 0 0 0 0 0 0 0 0 0 0 0.25 0 0.25 0 0.25 0.25 0 0 0 0 0 0 0 0 0 0 0 0.333333 0.333333 0 0.333333 0 0 0 0 0 
GTGGGGAA 0 0 0 0 0 0 0 0 0.333333 0 0.5 0 0 0 0.166667 0 0 0 0 0 0 0 0 0 0.4 0 0.4 0 0 0 0.2 0 0 0 0 0 0 0 0 0 0.5 0 0.25 0 0 0 0.25 0 0 0 0 0 0 0 0 0 0.333333 0 0.333333 0 0.333333 0 0 0 
GTGGGGTA 0 0 0 0 0 0 0 0 0.166667 0 0.5 0.166667 0 0 0.166667 0 0 0 0 0 0 0 0 0 0.2 0 0.4 0.2 0 0 0.2 0 0 0 0 0 0 0 0 0 0.25 0 0.25 0.25 0 0 0.25 0 0 0 0 0 0 0 0 0 0.333333 0 0.333333 0 0 0 0 0.333333 
TCCCCACA 0.166667 0 0 0 0.166667 0.5 0 0 0 0 0 0 0 0.166667 0 0 0 0 0 0 0.4 0.4 0 0 0 0 0 0 0 0.2 0 0 0 0 0 0 0.5 0.25 0 0 0 0 0 0 0 0.25 0 0 0 0 0 0 0.333333 0.333333 0 0 0 0 0 0 0.333333 0 0 0 
TCCCCGCA 0 0 0 0 0 0.5 0.166667 0 0.166667 0 0 0 0 0.166667 0 0 0 0 0 0 0.2 0.4 0.2 0 0 0 0 0 0 0.2 0 0 0 0 0 0 0.25 0.25 0.25 0 0 0 0 0 0 0.25 0 0 0 0 0 0 0.333333 0.333333 0 0 0 0 0 0 0 0 0.333333 0 
AACCCCAC 0 0.333333 0 0 0.166667 0.5 0 0 0 0 0 0 0 0 0 0 0 0.4 0 0 0.2 0.4 0 0 0 0 0 0 0 0 0 0 0 0.5 0 0 0.25 0.25 0 0 0 0 0 0 0 0 0 0 0.333333 0.333333 0 0 0 0.333333 0 0 0 0 0 0 0 0 0 0 
AACCCCGC 0 0.333333 0 0 0 0.5 0.166667 0 0 0 0 0 0 0 0 0 0 0.4 0 0 0 0.4 0.2 0 0 0 0 0 0 0 0 0 0 0.5 0 0 0 0.25 0.25 0 0 0 0 0 0 0 0 0 0 0.333333 0.333333 0 0 0.333333 0 0 0 0 0 0 0 0 0 0 
AAGCGGGG 0 0.166667 0.166667 0 0 0 0.166667 0 0 0 0.5 0 0 0 0 0 0 0.2 0.2 0 0 0 0.2 0 0 0 0.4 0 0 0 0 0 0 0 0.5 0 0 0 0.25 0 0 0 0.25 0 0 0 0 0 0 0 0.666667 0 0 0 0 0 0 0 0.333333 0 0 0 0 0 
ACCCCACA 0.166667 0.166667 0 0 0.166667 0.5 0 0 0 0 0 0 0 0 0 0 0 0.2 0 0 0.4 0.4 0 0 0 0 0 0 0 0 0 0 0 0.25 0 0 0.5 0.25 0 0 0 0 0 0 0 0 0 0 0.333333 0 0 0 0.333333 0.333333 0 0 0 0 0 0 0 0 0 0 
ACCCCCGC 0 0.166667 0 0 0 0.666667 0.166667 0 0 0 0 0 0 0 0 0 0 0.2 0 0 0 0.6 0.2 0 0 0 0 0 0 0 0 0 0 0.25 0 0 0 0.5 0.25 0 0 0 0 0 0 0 0 0 0 0.333333 0 0 0 0.333333 0.333333 0 0 0 0 0 0 0 0 0 
ACCCCGCA 0 0.166667 0 0 0 0.5 0.166667 0 0.166667 0 0 0 0 0 0 0 0 0.2 0 0 0.2 0.4 0.2 0 0 0 0 0 0 0 0 0 0 0.25 0 0 0.25 0.25 0.25 0 0 0 0 0 0 0 0 0 0 0 0.333333 0 0.333333 0.333333 0 0 0 0 0 0 0 0 0 0 
ACCCCGCC 0 0.166667 0 0 0 0.5 0.166667 0 0 0.166667 0 0 0 0 0 0 0 0.2 0 0 0 0.6 0.2 0 0 0 0 0 0 0 0 0 0 0.25 0 0 0 0.5 0.25 0 0 0 0 0 0 0 0 0 0 0 0.333333 0 0 0.666667 0 0 0 0 0 0 0 0 0 0 
ACCCCGCG 0 0.166667 0 0 0 0.5 0.166667 0 0 0 0.166667 0 0 0 0 0 0 0.2 0 0 0 0.4 0.4 0 0 0 0 0 0 0 0 0 0 0.25 0 0 0 0.25 0.5 0 0 0 0 0 0 0 0 0 0 0 0.333333 0 0 0.333333 0.333333 0 0 0 0 0 0 0 0 0 
ACCCCGCT 0 0.166667 0 0 0 0.5 0.166667 0 0 0 0 0.166667 0 0 0 0 0 0.2 0 0 0 0.4 0.2 0.2 0 0 0 0 0 0 0 0 0 0.25 0 0 0 0.25 0.25 0.25 0 0 0 0 0 0 0 0 0 0 0.333333 0 0 0.333333 0 0.333333 0 0 0 0 0 0 0 0 
ACGCGGGG 0 0 0.166667 0 0 0.166667 0.166667 0 0 0 0.5 0 0 0 0 0 0 0.2 0 0 0 0 0.4 0 0 0 0.4 0 0 0 0 0 0 0 0.25 0 0 0 0.5 0 0 0 0.25 0 0 0 0 0 0 0 0.333333 0 0 0 0.333333 0 0 0 0.333333 0 0 0 0 0 
AGCCCCGC 0 0.166667 0 0 0 0.5 0.166667 0 0 0.166667 0 0 0 0 0 0 0 0.2 0 0 0 0.4 0.2 0 0 0.2 0 0 0 0 0 0 0 0.25 0 0 0 0.25 0.25 0 0 0.25 0 0 0 0 0 0 0 0.333333 0 0 0 0.333333 0 0 0 0 0.333333 0 0 0 0 0 
AGGCGGGG 0 0 0.166667 0 0 0 0.166667 0 0 0.166667 0.5 0 0 0 0 0 0 0.2 0 0 0 0 0.2 0 0 0 0.6 0 0 0 0 0 0 0 0.25 0 0 0 0.25 0 0 0 0.5 0 0 0 0 0 0 0 0.333333 0 0 0 0 0 0 0 0.666667 0 0 0 0 0 
ATGCGGGG 0 0 0.166667 0 0 0 0.166667 0 0 0 0.5 0 0 0.166667 0 0 0 0.2 0 0 0 0 0.2 0 0 0 0.4 0 0 0 0.2 0 0 0 0.25 0 0 0 0.25 0 0 0 0.25 0 0 0 0.25 0 0 0 0.333333 0 0 0 0 0 0 0 0.333333 0 0 0 0.333333 0 
ATGTGGGG 0 0 0.166667 0 0 0 0 0 0 0 0.5 0 0 0 0.166667 0.166667 0 0 0 0.2 0 0 0 0 0 0 0.4 0 0 0 0.4 0 0 0 0.25 0 0 0 0 0 0 0 0.25 0 0 0 0.5 0 0 0 0.333333 0 0 0 0 0 0 0 0.333333 0 0 0 0.333333 0 
CACCCCGC 0 0.166667 0 0 0 0.666667 0.166667 0 0 0 0 0 0 0 0 0 0 0.2 0 0 0 0.6 0.2 0 0 0 0 0 0 0 0 0 0 0.25 0 0 0 0.5 0.25 0 0 0 0 0 0 0 0 0 0 0 0.333333 0 0 0.666667 0 0 0 0 0 0 0 0 0 0 
CCCCACAA 0.166667 0 0 0 0.333333 0.5 0 0 0 0 0 0 0 0 0 0 0.2 0 0 0 0.4 0.4 0 0 0 0 0 0 0 0 0 0 0 0 0 0 0.75 0.25 0 0 0 0 0 0 0 0 0 0 0 0 0 0 0.666667 0.333333 0 0 0 0 0 0 0 0 0 0 
CCCCACAC 0.166667 0 0 0 0.166667 0.666667 0 0 0 0 0 0 0 0 0 0 0 0.2 0 0 0.4 0.4 0 0 0 0 0 0 0 0 0 0 0 0 0 0 0.5 0.5 0 0 0 0 0 0 0 0 0 0 0 0 0 0 0.333333 0.666667 0 0 0 0 0 0 0 0 0 0 
CCCCACAG 0.166667 0 0 0 0.166667 0.5 0.166667 0 0 0 0 0 0 0 0 0 0 0 0.2 0 0.4 0.4 0 0 0 0 0 0 0 0 0 0 0 0 0 0 0.5 0.25 0.25 0 0 0 0 0 0 0 0 0 0 0 0 0 0.333333 0.333333 0.333333 0 0 0 0 0 0 0 0 0 
CCCCCACA 0.166667 0 0 0 0.166667 0.666667 0 0 0 0 0 0 0 0 0 0 0 0 0 0 0.4 0.6 0 0 0 0 0 0 0 0 0 0 0 0 0 0 0.5 0.5 0 0 0 0 0 0 0 0 0 0 0 0 0 0 0.666667 0.333333 0 0 0 0 0 0 0 0 0 0 
CCCCCCGC 0 0 0 0 0 0.833333 0.166667 0 0 0 0 0 0 0 0 0 0 0 0 0 0 0.8 0.2 0 0 0 0 0 0 0 0 0 0 0 0 0 0 0.75 0.25 0 0 0 0 0 0 0 0 0 0 0 0 0 0 0.666667 0.333333 0 0 0 0 0 0 0 0 0 
CCCCCGCA 0 0 0 0 0 0.666667 0.166667 0 0.166667 0 0 0 0 0 0 0 0 0 0 0 0.2 0.6 0.2 0 0 0 0 0 0 0 0 0 0 0 0 0 0.25 0.5 0.25 0 0 0 0 0 0 0 0 0 0 0 0 0 0.333333 0.333333 0.333333 0 0 0 0 0 0 0 0 0 
CCCCCGCG 0 0 0 0 0 0.666667 0.166667 0 0 0 0.166667 0 0 0 0 0 0 0 0 0 0 0.6 0.4 0 0 0 0 0 0 0 0 0 0 0 0 0 0 0.5 0.5 0 0 0 0 0 0 0 0 0 0 0 0 0 0 0.333333 0.666667 0 0 0 0 0 0 0 0 0 
CCCCGCAA 0 0 0 0 0.166667 0.5 0.166667 0 0.166667 0 0 0 0 0 0 0 0 0 0 0 0.2 0.4 0.2 0 0.2 0 0 0 0 0 0 0 0 0 0 0 0.5 0.25 0.25 0 0 0 0 0 0 0 0 0 0 0 0 0 0.666667 0.333333 0 0 0 0 0 0 0 0 0 0 
CCCCGCAC 0 0 0 0 0 0.666667 0.166667 0 0.166667 0 0 0 0 0 0 0 0 0 0 0 0.2 0.4 0.2 0 0 0.2 0 0 0 0 0 0 0 0 0 0 0.25 0.5 0.25 0 0 0 0 0 0 0 0 0 0 0 0 0 0.333333 0.666667 0 0 0 0 0 0 0 0 0 0 
CCCCGCAG 0 0 0 0 0 0.5 0.333333 0 0.166667 0 0 0 0 0 0 0 0 0 0 0 0.2 0.4 0.2 0 0 0 0.2 0 0 0 0 0 0 0 0 0 0.25 0.25 0.5 0 0 0 0 0 0 0 0 0 0 0 0 0 0.333333 0.333333 0.333333 0 0 0 0 0 0 0 0 0 
CCCCGCCA 0 0 0 0 0.166667 0.5 0.166667 0 0 0.166667 0 0 0 0 0 0 0 0 0 0 0 0.6 0.2 0 0.2 0 0 0 0 0 0 0 0 0 0 0 0.25 0.5 0.25 0 0 0 0 0 0 0 0 0 0 0 0 0 0.333333 0.666667 0 0 0 0 0 0 0 0 0 0 
CCCCGCCC 0 0 0 0 0 0.666667 0.166667 0 0 0.166667 0 0 0 0 0 0 0 0 0 0 0 0.6 0.2 0 0 0.2 0 0 0 0 0 0 0 0 0 0 0 0.75 0.25 0 0 0 0 0 0 0 0 0 0 0 0 0 0 1 0 0 0 0 0 0 0 0 0 0 
CCCCGCGC 0 0 0 0 0 0.666667 0.166667 0 0 0 0.166667 0 0 0 0 0 0 0 0 0 0 0.4 0.4 0 0 0.2 0 0 0 0 0 0 0 0 0 0 0 0.5 0.5 0 0 0 0 0 0 0 0 0 0 0 0 0 0 0.666667 0.333333 0 0 0 0 0 0 0 0 0 
CGCCCCGC 0 0 0 0 0 0.666667 0.166667 0 0 0.166667 0 0 0 0 0 0 0 0 0 0 0 0.6 0.2 0 0 0.2 0 0 0 0 0 0 0 0 0 0 0 0.5 0.25 0 0 0.25 0 0 0 0 0 0 0 0 0 0 0 0.666667 0 0 0 0 0.333333 0 0 0 0 0 
CGCGGGGA 0 0 0 0 0 0.166667 0.166667 0 0.166667 0 0.5 0 0 0 0 0 0 0 0 0 0 0 0.4 0 0.2 0 0.4 0 0 0 0 0 0 0 0 0 0 0 0.5 0 0.25 0 0.25 0 0 0 0 0 0 0 0 0 0.333333 0 0.333333 0 0 0 0.333333 0 0 0 0 0 
CGCGGGGC 0 0 0 0 0 0.166667 0.166667 0 0 0.166667 0.5 0 0 0 0 0 0 0 0 0 0 0 0.4 0 0 0.2 0.4 0 0 0 0 0 0 0 0 0 0 0 0.5 0 0 0.25 0.25 0 0 0 0 0 0 0 0 0 0 0.333333 0.333333 0 0 0 0.333333 0 0 0 0 0 
GACCCCGC 0 0.166667 0 0 0 0.5 0.166667 0 0 0.166667 0 0 0 0 0 0 0 0.2 0 0 0 0.4 0.2 0 0 0.2 0 0 0 0 0 0 0 0.25 0 0 0 0.25 0.25 0 0 0.25 0 0 0 0 0 0 0 0 0.333333 0 0 0.333333 0 0 0 0.333333 0 0 0 0 0 0 
GCCCCACA 0.166667 0 0 0 0.166667 0.5 0 0 0 0.166667 0 0 0 0 0 0 0 0 0 0 0.4 0.4 0 0 0 0.2 0 0 0 0 0 0 0 0 0 0 0.5 0.25 0 0 0 0.25 0 0 0 0 0 0 0 0 0 0 0.333333 0.333333 0 0 0.333333 0 0 0 0 0 0 0 
GCCCCGCA 0 0 0 0 0 0.5 0.166667 0 0.166667 0.166667 0 0 0 0 0 0 0 0 0 0 0.2 0.4 0.2 0 0 0.2 0 0 0 0 0 0 0 0 0 0 0.25 0.25 0.25 0 0 0.25 0 0 0 0 0 0 0 0 0 0 0.333333 0.333333 0 0 0 0 0.333333 0 0 0 0 0 
GCGGGGAA 0 0 0 0 0 0 0.166667 0 0.333333 0 0.5 0 0 0 0 0 0 0 0 0 0 0 0.2 0 0.4 0 0.4 0 0 0 0 0 0 0 0 0 0 0 0.25 0 0.5 0 0.25 0 0 0 0 0 0 0 0 0 0.333333 0 0 0 0.333333 0 0.333333 0 0 0 0 0 
GCGGGGCA 0 0 0 0 0 0 0.166667 0 0.166667 0.166667 0.5 0 0 0 0 0 0 0 0 0 0 0 0.2 0 0.2 0.2 0.4 0 0 0 0 0 0 0 0 0 0 0 0.25 0 0.25 0.25 0.25 0 0 0 0 0 0 0 0 0 0 0.333333 0 0 0.333333 0 0.333333 0 0 0 0 0 
GCGGGGGA 0 0 0 0 0 0 0.166667 0 0.166667 0 0.666667 0 0 0 0 0 0 0 0 0 0 0 0.2 0 0.2 0 0.6 0 0 0 0 0 0 0 0 0 0 0 0.25 0 0.25 0 0.5 0 0 0 0 0 0 0 0 0 0 0 0.333333 0 0.333333 0 0.333333 0 0 0 0 0 
GCGGGGTA 0 0 0 0 0 0 0.166667 0 0.166667 0 0.5 0.166667 0 0 0 0 0 0 0 0 0 0 0.2 0 0.2 0 0.4 0.2 0 0 0 0 0 0 0 0 0 0 0.25 0 0.25 0 0.25 0.25 0 0 0 0 0 0 0 0 0 0 0 0.333333 0.333333 0 0.333333 0 0 0 0 0 
GTGGGGAA 0 0 0 0 0 0 0 0 0.333333 0 0.5 0 0 0 0.166667 0 0 0 0 0 0 0 0 0 0.4 0 0.4 0 0 0 0.2 0 0 0 0 0 0 0 0 0 0.5 0 0.25 0 0 0 0.25 0 0 0 0 0 0 0 0 0 0.333333 0 0.333333 0 0.333333 0 0 0 
GTGGGGTA 0 0 0 0 0 0 0 0 0.166667 0 0.5 0.166667 0 0 0.166667 0 0 0 0 0 0 0 0 0 0.2 0 0.4 0.2 0 0 0.2 0 0 0 0 0 0 0 0 0 0.25 0 0.25 0.25 0 0 0.25 0 0 0 0 0 0 0 0 0 0.333333 0 0.333333 0 0 0 0 0.333333 
TCCCCACA 0.166667 0 0 0 0.166667 0.5 0 0 0 0 0 0 0 0.166667 0 0 0 0 0 0 0.4 0.4 0 0 0 0 0 0 0 0.2 0 0 0 0 0 0 0.5 0.25 0 0 0 0 0 0 0 0.25 0 0 0 0 0 0 0.333333 0.333333 0 0 0 0 0 0 0.333333 0 0 0 
TCCCCGCA 0 0 0 0 0 0.5 0.166667 0 0.166667 0 0 0 0 0.166667 0 0 0 0 0 0 0.2 0.4 0.2 0 0 0 0 0 0 0.2 0 0 0 0 0 0 0.25 0.25 0.25 0 0 0 0 0 0 0.25 0 0 0 0 0 0 0.333333 0.333333 0 0 0 0 0 0 0 0 0.333333 0 
AACCCCGC 0 0.333333 0 0 0 0.5 0.166667 0 0 0 0 0 0 0 0 0 0 0.4 0 0 0 0.4 0.2 0 0 0 0 0 0 0 0 0 0 0.5 0 0 0 0.25 0.25 0 0 0 0 0 0 0 0 0 0 0.333333 0.333333 0 0 0.333333 0 0 0 0 0 0 0 0 0 0 
AAGCGGGG 0 0.166667 0.166667 0 0 0 0.166667 0 0 0 0.5 0 0 0 0 0 0 0.2 0.2 0 0 0 0.2 0 0 0 0.4 0 0 0 0 0 0 0 0.5 0 0 0 0.25 0 0 0 0.25 0 0 0 0 0 0 0 0.666667 0 0 0 0 0 0 0 0.333333 0 0 0 0 0 
ACCCCACA 0.166667 0.166667 0 0 0.166667 0.5 0 0 0 0 0 0 0 0 0 0 0 0.2 0 0 0.4 0.4 0 0 0 0 0 0 0 0 0 0 0 0.25 0 0 0.5 0.25 0 0 0 0 0 0 0 0 0 0 0.333333 0 0 0 0.333333 0.333333 0 0 0 0 0 0 0 0 0 0 
ACCCCCGC 0 0.166667 0 0 0 0.666667 0.166667 0 0 0 0 0 0 0 0 0 0 0.2 0 0 0 0.6 0.2 0 0 0 0 0 0 0 0 0 0 0.25 0 0 0 0.5 0.25 0 0 0 0 0 0 0 0 0 0 0.333333 0 0 0 0.333333 0.333333 0 0 0 0 0 0 0 0 0 
ACCCCGCA 0 0.166667 0 0 0 0.5 0.166667 0 0.166667 0 0 0 0 0 0 0 0 0.2 0 0 0.2 0.4 0.2 0 0 0 0 0 0 0 0 0 0 0.25 0 0 0.25 0.25 0.25 0 0 0 0 0 0 0 0 0 0 0 0.333333 0 0.333333 0.333333 0 0 0 0 0 0 0 0 0 0 
ACCCCGCC 0 0.166667 0 0 0 0.5 0.166667 0 0 0.166667 0 0 0 0 0 0 0 0.2 0 0 0 0.6 0.2 0 0 0 0 0 0 0 0 0 0 0.25 0 0 0 0.5 0.25 0 0 0 0 0 0 0 0 0 0 0 0.333333 0 0 0.666667 0 0 0 0 0 0 0 0 0 0 
ACCCCGCG 0 0.166667 0 0 0 0.5 0.166667 0 0 0 0.166667 0 0 0 0 0 0 0.2 0 0 0 0.4 0.4 0 0 0 0 0 0 0 0 0 0 0.25 0 0 0 0.25 0.5 0 0 0 0 0 0 0 0 0 0 0 0.333333 0 0 0.333333 0.333333 0 0 0 0 0 0 0 0 0 
ACGCGGGG 0 0 0.166667 0 0 0.166667 0.166667 0 0 0 0.5 0 0 0 0 0 0 0.2 0 0 0 0 0.4 0 0 0 0.4 0 0 0 0 0 0 0 0.25 0 0 0 0.5 0 0 0 0.25 0 0 0 0 0 0 0 0.333333 0 0 0 0.333333 0 0 0 0.333333 0 0 0 0 0 
AGGCGGGG 0 0 0.166667 0 0 0 0.166667 0 0 0.166667 0.5 0 0 0 0 0 0 0.2 0 0 0 0 0.2 0 0 0 0.6 0 0 0 0 0 0 0 0.25 0 0 0 0.25 0 0 0 0.5 0 0 0 0 0 0 0 0.333333 0 0 0 0 0 0 0 0.666667 0 0 0 0 0 
ATGCGGGG 0 0 0.166667 0 0 0 0.166667 0 0 0 0.5 0 0 0.166667 0 0 0 0.2 0 0 0 0 0.2 0 0 0 0.4 0 0 0 0.2 0 0 0 0.25 0 0 0 0.25 0 0 0 0.25 0 0 0 0.25 0 0 0 0.333333 0 0 0 0 0 0 0 0.333333 0 0 0 0.333333 0 
ATGTGGGG 0 0 0.166667 0 0 0 0 0 0 0 0.5 0 0 0 0.166667 0.166667 0 0 0 0.2 0 0 0 0 0 0 0.4 0 0 0 0.4 0 0 0 0.25 0 0 0 0 0 0 0 0.25 0 0 0 0.5 0 0 0 0.333333 0 0 0 0 0 0 0 0.333333 0 0 0 0.333333 0 
CACCCCGC 0 0.166667 0 0 0 0.666667 0.166667 0 0 0 0 0 0 0 0 0 0 0.2 0 0 0 0.6 0.2 0 0 0 0 0 0 0 0 0 0 0.25 0 0 0 0.5 0.25 0 0 0 0 0 0 0 0 0 0 0 0.333333 0 0 0.666667 0 0 0 0 0 0 0 0 0 0 
CCCCACAA 0.166667 0 0 0 0.333333 0.5 0 0 0 0 0 0 0 0 0 0 0.2 0 0 0 0.4 0.4 0 0 0 0 0 0 0 0 0 0 0 0 0 0 0.75 0.25 0 0 0 0 0 0 0 0 0 0 0 0 0 0 0.666667 0.333333 0 0 0 0 0 0 0 0 0 0 
CCCCACAC 0.166667 0 0 0 0.166667 0.666667 0 0 0 0 0 0 0 0 0 0 0 0.2 0 0 0.4 0.4 0 0 0 0 0 0 0 0 0 0 0 0 0 0 0.5 0.5 0 0 0 0 0 0 0 0 0 0 0 0 0 0 0.333333 0.666667 0 0 0 0 0 0 0 0 0 0 
CCCCCACA 0.166667 0 0 0 0.166667 0.666667 0 0 0 0 0 0 0 0 0 0 0 0 0 0 0.4 0.6 0 0 0 0 0 0 0 0 0 0 0 0 0 0 0.5 0.5 0 0 0 0 0 0 0 0 0 0 0 0 0 0 0.666667 0.333333 0 0 0 0 0 0 0 0 0 0 
CCCCCCGC 0 0 0 0 0 0.833333 0.166667 0 0 0 0 0 0 0 0 0 0 0 0 0 0 0.8 0.2 0 0 0 0 0 0 0 0 0 0 0 0 0 0 0.75 0.25 0 0 0 0 0 0 0 0 0 0 0 0 0 0 0.666667 0.333333 0 0 0 0 0 0 0 0 0 
CCCCCGCA 0 0 0 0 0 0.666667 0.166667 0 0.166667 0 0 0 0 0 0 0 0 0 0 0 0.2 0.6 0.2 0 0 0 0 0 0 0 0 0 0 0 0 0 0.25 0.5 0.25 0 0 0 0 0 0 0 0 0 0 0 0 0 0.333333 0.333333 0.333333 0 0 0 0 0 0 0 0 0 
CCCCCGCC 0 0 0 0 0 0.666667 0.166667 0 0 0.166667 0 0 0 0 0 0 0 0 0 0 0 0.8 0.2 0 0 0 0 0 0 0 0 0 0 0 0 0 0 0.75 0.25 0 0 0 0 0 0 0 0 0 0 0 0 0 0 0.666667 0.333333 0 0 0 0 0 0 0 0 0 
CCCCCGCG 0 0 0 0 0 0.666667 0.166667 0 0 0 0.166667 0 0 0 0 0 0 0 0 0 0 0.6 0.4 0 0 0 0 0 0 0 0 0 0 0 0 0 0 0.5 0.5 0 0 0 0 0 0 0 0 0 0 0 0 0 0 0.333333 0.666667 0 0 0 0 0 0 0 0 0 
CCCCGCAA 0 0 0 0 0.166667 0.5 0.166667 0 0.166667 0 0 0 0 0 0 0 0 0 0 0 0.2 0.4 0.2 0 0.2 0 0 0 0 0 0 0 0 0 0 0 0.5 0.25 0.25 0 0 0 0 0 0 0 0 0 0 0 0 0 0.666667 0.333333 0 0 0 0 0 0 0 0 0 0 
CCCCGCAC 0 0 0 0 0 0.666667 0.166667 0 0.166667 0 0 0 0 0 0 0 0 0 0 0 0.2 0.4 0.2 0 0 0.2 0 0 0 0 0 0 0 0 0 0 0.25 0.5 0.25 0 0 0 0 0 0 0 0 0 0 0 0 0 0.333333 0.666667 0 0 0 0 0 0 0 0 0 0 
CCCCGCAG 0 0 0 0 0 0.5 0.333333 0 0.166667 0 0 0 0 0 0 0 0 0 0 0 0.2 0.4 0.2 0 0 0 0.2 0 0 0 0 0 0 0 0 0 0.25 0.25 0.5 0 0 0 0 0 0 0 0 0 0 0 0 0 0.333333 0.333333 0.333333 0 0 0 0 0 0 0 0 0 
CCCCGCGC 0 0 0 0 0 0.666667 0.166667 0 0 0 0.166667 0 0 0 0 0 0 0 0 0 0 0.4 0.4 0 0 0.2 0 0 0 0 0 0 0 0 0 0 0 0.5 0.5 0 0 0 0 0 0 0 0 0 0 0 0 0 0 0.666667 0.333333 0 0 0 0 0 0 0 0 0 
GCCCCGCA 0 0 0 0 0 0.5 0.166667 0 0.166667 0.166667 0 0 0 0 0 0 0 0 0 0 0.2 0.4 0.2 0 0 0.2 0 0 0 0 0 0 0 0 0 0 0.25 0.25 0.25 0 0 0.25 0 0 0 0 0 0 0 0 0 0 0.333333 0.333333 0 0 0 0 0.333333 0 0 0 0 0 
GCGGGGAA 0 0 0 0 0 0 0.166667 0 0.333333 0 0.5 0 0 0 0 0 0 0 0 0 0 0 0.2 0 0.4 0 0.4 0 0 0 0 0 0 0 0 0 0 0 0.25 0 0.5 0 0.25 0 0 0 0 0 0 0 0 0 0.333333 0 0 0 0.333333 0 0.333333 0 0 0 0 0 
GCGGGGGA 0 0 0 0 0 0 0.166667 0 0.166667 0 0.666667 0 0 0 0 0 0 0 0 0 0 0 0.2 0 0.2 0 0.6 0 0 0 0 0 0 0 0 0 0 0 0.25 0 0.25 0 0.5 0 0 0 0 0 0 0 0 0 0 0 0.333333 0 0.333333 0 0.333333 0 0 0 0 0 
GCGGGGTA 0 0 0 0 0 0 0.166667 0 0.166667 0 0.5 0.166667 0 0 0 0 0 0 0 0 0 0 0.2 0 0.2 0 0.4 0.2 0 0 0 0 0 0 0 0 0 0 0.25 0 0.25 0 0.25 0.25 0 0 0 0 0 0 0 0 0 0 0 0.333333 0.333333 0 0.333333 0 0 0 0 0 
GTGGGGAA 0 0 0 0 0 0 0 0 0.333333 0 0.5 0 0 0 0.166667 0 0 0 0 0 0 0 0 0 0.4 0 0.4 0 0 0 0.2 0 0 0 0 0 0 0 0 0 0.5 0 0.25 0 0 0 0.25 0 0 0 0 0 0 0 0 0 0.333333 0 0.333333 0 0.333333 0 0 0 
TCCCCACA 0.166667 0 0 0 0.166667 0.5 0 0 0 0 0 0 0 0.166667 0 0 0 0 0 0 0.4 0.4 0 0 0 0 0 0 0 0.2 0 0 0 0 0 0 0.5 0.25 0 0 0 0 0 0 0 0.25 0 0 0 0 0 0 0.333333 0.333333 0 0 0 0 0 0 0.333333 0 0 0 
TCCCCGCA 0 0 0 0 0 0.5 0.166667 0 0.166667 0 0 0 0 0.166667 0 0 0 0 0 0 0.2 0.4 0.2 0 0 0 0 0 0 0.2 0 0 0 0 0 0 0.25 0.25 0.25 0 0 0 0 0 0 0.25 0 0 0 0 0 0 0.333333 0.333333 0 0 0 0 0 0 0 0 0.333333 0 
AAAGGGTC 0.166667 0 0.333333 0 0 0 0 0 0 0.166667 0.166667 0.166667 0 0 0 0 0 0 0.6 0 0 0 0 0 0 0.2 0 0.2 0 0 0 0 0 0 0.5 0.25 0 0 0 0 0 0.25 0 0 0 0 0 0 0 0.333333 0.333333 0.333333 0 0 0 0 0 0 0 0 0 0 0 0 
AACCCTGA 0 0.333333 0 0 0 0.166667 0.166667 0.166667 0 0 0 0 0.166667 0 0 0 0 0.4 0 0 0.2 0 0.2 0.2 0 0 0 0 0 0 0 0 0 0.25 0 0.25 0.25 0 0.25 0 0 0 0 0 0 0 0 0 0 0 0.333333 0.333333 0.333333 0 0 0 0 0 0 0 0 0 0 0 
AAGACCCT 0.166667 0.166667 0.166667 0 0 0.166667 0 0.166667 0 0.166667 0 0 0 0 0 0 0.2 0.4 0 0 0 0 0 0.2 0 0.2 0 0 0 0 0 0 0 0.5 0 0.25 0 0 0 0 0 0.25 0 0 0 0 0 0 0 0.666667 0 0 0 0 0 0 0 0 0 0.333333 0 0 0 0 
AAGGGACC 0 0.166667 0.333333 0 0 0 0 0 0.166667 0.166667 0.166667 0 0 0 0 0 0 0 0.4 0 0 0 0 0 0.2 0.4 0 0 0 0 0 0 0.25 0 0.25 0 0 0 0 0 0 0.5 0 0 0 0 0 0 0.333333 0.333333 0 0 0 0 0 0 0 0.333333 0 0 0 0 0 0 
AAGGGTCC 0 0 0.333333 0 0 0 0 0 0 0.166667 0.166667 0.166667 0 0.166667 0 0 0 0 0.4 0 0 0 0 0 0 0.4 0 0.2 0 0 0 0 0 0 0.25 0.25 0 0 0 0 0 0.5 0 0 0 0 0 0 0 0.333333 0 0.333333 0 0 0 0 0 0.333333 0 0 0 0 0 0 
AAGGGTCT 0 0 0.333333 0 0 0 0 0 0 0.166667 0.166667 0.166667 0 0 0 0.166667 0 0 0.4 0 0 0 0 0 0 0.2 0 0.4 0 0 0 0 0 0 0.25 0.25 0 0 0 0 0 0.25 0 0.25 0 0 0 0 0 0.333333 0 0.333333 0 0 0 0 0 0 0 0.333333 0 0 0 0 
AAGGGTTC 0 0 0.333333 0 0 0 0 0 0 0 0.166667 0.333333 0 0.166667 0 0 0 0 0.4 0 0 0 0 0 0 0.2 0 0.4 0 0 0 0 0 0 0.25 0.25 0 0 0 0 0 0.25 0 0.25 0 0 0 0 0 0 0 0.666667 0 0 0 0 0 0.333333 0 0 0 0 0 0 
ACAGGGAC 0.166667 0 0.166667 0 0 0 0.166667 0 0.166667 0.166667 0.166667 0 0 0 0 0 0 0 0.4 0 0 0 0.2 0 0.2 0.2 0 0 0 0 0 0 0.25 0 0.25 0 0 0 0.25 0 0 0.25 0 0 0 0 0 0 0 0.333333 0.333333 0 0.333333 0 0 0 0 0 0 0 0 0 0 0 
ACAGGGTC 0.166667 0 0.166667 0 0 0 0.166667 0 0 0.166667 0.166667 0.166667 0 0 0 0 0 0 0.4 0 0 0 0.2 0 0 0.2 0 0.2 0 0 0 0 0 0 0.25 0.25 0 0 0.25 0 0 0.25 0 0 0 0 0 0 0 0.333333 0.333333 0 0 0 0 0.333333 0 0 0 0 0 0 0 0 
ACCCTGAA 0 0.166667 0 0 0 0.166667 0.166667 0.166667 0.166667 0 0 0 0.166667 0 0 0 0 0.2 0 0 0.2 0 0.2 0.2 0 0 0 0 0.2 0 0 0 0 0 0 0.25 0.5 0 0.25 0 0 0 0 0 0 0 0 0 0 0 0.333333 0 0.666667 0 0 0 0 0 0 0 0 0 0 0 
AGAACCCT 0.166667 0.333333 0 0 0 0.166667 0 0.166667 0.166667 0 0 0 0 0 0 0 0.2 0.4 0 0 0 0 0 0.2 0 0.2 0 0 0 0 0 0 0 0.5 0 0.25 0 0 0 0 0 0.25 0 0 0 0 0 0 0 0.333333 0 0.333333 0 0 0 0 0 0.333333 0 0 0 0 0 0 
AGACCCTG 0.166667 0.166667 0 0 0 0.166667 0.166667 0.166667 0 0.166667 0 0 0 0 0 0 0 0.4 0 0 0 0 0.2 0.2 0 0.2 0 0 0 0 0 0 0 0.25 0 0.25 0 0 0.25 0 0 0.25 0 0 0 0 0 0 0 0.333333 0.333333 0 0 0 0 0 0 0 0 0.333333 0 0 0 0 
AGGACCCC 0 0.166667 0.166667 0 0 0.333333 0 0 0.166667 0.166667 0 0 0 0 0 0 0.2 0.2 0 0 0 0.2 0 0 0 0.4 0 0 0 0 0 0 0 0.5 0 0 0 0 0 0 0 0.5 0 0 0 0 0 0 0 0.333333 0 0 0 0 0 0 0 0.666667 0 0 0 0 0 0 
AGGACCCT 0 0.166667 0.166667 0 0 0.166667 0 0.166667 0.166667 0.166667 0 0 0 0 0 0 0.2 0.2 0 0 0 0 0 0.2 0 0.4 0 0 0 0 0 0 0 0.25 0 0.25 0 0 0 0 0 0.5 0 0 0 0 0 0 0 0.333333 0 0 0 0 0 0 0 0.333333 0 0.333333 0 0 0 0 
AGGGACCA 0 0.166667 0.166667 0 0.166667 0 0 0 0.166667 0.166667 0.166667 0 0 0 0 0 0.2 0 0.2 0 0 0 0 0 0.2 0.4 0 0 0 0 0 0 0.25 0 0 0 0 0 0 0 0.25 0.5 0 0 0 0 0 0 0 0.333333 0 0 0 0 0 0 0.333333 0.333333 0 0 0 0 0 0 
AGGGACCC 0 0.166667 0.166667 0 0 0.166667 0 0 0.166667 0.166667 0.166667 0 0 0 0 0 0 0.2 0.2 0 0 0 0 0 0.2 0.4 0 0 0 0 0 0 0.25 0 0 0 0 0 0 0 0 0.75 0 0 0 0 0 0 0 0.333333 0 0 0 0 0 0 0 0.666667 0 0 0 0 0 0 
AGGGCCCT 0 0 0.166667 0 0 0.166667 0 0.166667 0 0.333333 0.166667 0 0 0 0 0 0 0 0.2 0 0 0 0 0.2 0 0.6 0 0 0 0 0 0 0 0.25 0 0 0 0 0 0 0 0.5 0 0.25 0 0 0 0 0 0.333333 0 0 0 0 0 0 0 0.333333 0 0.333333 0 0 0 0 
AGGGGTCC 0 0 0.166667 0 0 0 0 0 0 0.166667 0.333333 0.166667 0 0.166667 0 0 0 0 0.2 0 0 0 0 0 0 0.4 0.2 0.2 0 0 0 0 0 0 0.25 0 0 0 0 0 0 0.5 0 0.25 0 0 0 0 0 0 0 0.333333 0 0 0 0 0 0.666667 0 0 0 0 0 0 
AGGGTCCA 0 0 0.166667 0 0.166667 0 0 0 0 0.166667 0.166667 0.166667 0 0.166667 0 0 0 0 0.2 0 0 0 0 0 0 0.4 0 0.2 0.2 0 0 0 0 0 0 0.25 0 0 0 0 0.25 0.5 0 0 0 0 0 0 0 0.333333 0 0 0 0 0 0 0.333333 0.333333 0 0 0 0 0 0 
AGGGTCCC 0 0 0.166667 0 0 0.166667 0 0 0 0.166667 0.166667 0.166667 0 0.166667 0 0 0 0 0.2 0 0 0 0 0 0 0.4 0 0.2 0 0.2 0 0 0 0 0 0.25 0 0 0 0 0 0.75 0 0 0 0 0 0 0 0.333333 0 0 0 0 0 0 0 0.666667 0 0 0 0 0 0 
AGGGTCCG 0 0 0.166667 0 0 0 0.166667 0 0 0.166667 0.166667 0.166667 0 0.166667 0 0 0 0 0.2 0 0 0 0 0 0 0.4 0 0.2 0 0 0.2 0 0 0 0 0.25 0 0 0 0 0 0.5 0.25 0 0 0 0 0 0 0.333333 0 0 0 0 0 0 0 0.333333 0.333333 0 0 0 0 0 
AGGGTCTA 0 0 0.166667 0 0.166667 0 0 0 0 0.166667 0.166667 0.166667 0 0 0 0.166667 0 0 0.2 0 0 0 0 0 0 0.2 0 0.4 0.2 0 0 0 0 0 0 0.25 0 0 0 0 0.25 0.25 0 0.25 0 0 0 0 0 0.333333 0 0 0 0 0 0 0.333333 0 0 0.333333 0 0 0 0 
AGGGTCTC 0 0 0.166667 0 0 0.166667 0 0 0 0.166667 0.166667 0.166667 0 0 0 0.166667 0 0 0.2 0 0 0 0 0 0 0.2 0 0.4 0 0.2 0 0 0 0 0 0.25 0 0 0 0 0 0.5 0 0.25 0 0 0 0 0 0.333333 0 0 0 0 0 0 0 0.333333 0 0.333333 0 0 0 0 
CAAGGGTC 0 0 0.333333 0 0.166667 0 0 0 0 0.166667 0.166667 0.166667 0 0 0 0 0 0 0.4 0 0 0 0.2 0 0 0.2 0 0.2 0 0 0 0 0 0 0.25 0.25 0 0 0.25 0 0 0.25 0 0 0 0 0 0 0 0.333333 0 0.333333 0 0 0.333333 0 0 0 0 0 0 0 0 0 
CAGGGACC 0 0.166667 0.166667 0 0 0 0.166667 0 0.166667 0.166667 0.166667 0 0 0 0 0 0 0 0.2 0 0 0 0.2 0 0.2 0.4 0 0 0 0 0 0 0.25 0 0 0 0 0 0.25 0 0 0.5 0 0 0 0 0 0 0 0.333333 0 0 0.333333 0 0 0 0 0.333333 0 0 0 0 0 0 
CAGGGTCC 0 0 0.166667 0 0 0 0.166667 0 0 0.166667 0.166667 0.166667 0 0.166667 0 0 0 0 0.2 0 0 0 0.2 0 0 0.4 0 0.2 0 0 0 0 0 0 0 0.25 0 0 0.25 0 0 0.5 0 0 0 0 0 0 0 0.333333 0 0 0 0 0 0.333333 0 0.333333 0 0 0 0 0 0 
CAGGGTTC 0 0 0.166667 0 0 0 0.166667 0 0 0 0.166667 0.333333 0 0.166667 0 0 0 0 0.2 0 0 0 0.2 0 0 0.2 0 0.4 0 0 0 0 0 0 0 0.25 0 0 0.25 0 0 0.25 0 0.25 0 0 0 0 0 0 0 0.333333 0 0 0 0.333333 0 0.333333 0 0 0 0 0 0 
CCAGGGTC 0 0 0.166667 0 0.166667 0 0.166667 0 0 0.166667 0.166667 0.166667 0 0 0 0 0 0 0.2 0 0 0 0.4 0 0 0.2 0 0.2 0 0 0 0 0 0 0 0.25 0 0 0.5 0 0 0.25 0 0 0 0 0 0 0 0.333333 0 0 0 0 0.333333 0.333333 0 0 0 0 0 0 0 0 
GACCCTGA 0 0.166667 0 0 0 0.166667 0.166667 0.166667 0 0.166667 0 0 0.166667 0 0 0 0 0.2 0 0 0.2 0 0.2 0.2 0 0.2 0 0 0 0 0 0 0 0 0 0.25 0.25 0 0.25 0 0 0.25 0 0 0 0 0 0 0 0 0.333333 0 0.333333 0 0 0 0 0 0 0.333333 0 0 0 0 
GACCCTTA 0 0.166667 0 0 0 0.166667 0 0.333333 0 0.166667 0 0 0.166667 0 0 0 0 0.2 0 0 0.2 0 0 0.4 0 0.2 0 0 0 0 0 0 0 0 0 0.25 0.25 0 0 0.25 0 0.25 0 0 0 0 0 0 0 0 0 0.333333 0.333333 0 0 0 0 0 0 0.333333 0 0 0 0 
GAGGGTCC 0 0 0.166667 0 0 0 0 0 0 0.166667 0.333333 0.166667 0 0.166667 0 0 0 0 0.2 0 0 0 0 0 0 0.4 0.2 0.2 0 0 0 0 0 0 0 0.25 0 0 0 0 0 0.5 0.25 0 0 0 0 0 0 0.333333 0 0 0 0 0 0 0 0.333333 0 0.333333 0 0 0 0 
GGACCCTA 0 0.166667 0 0 0.166667 0.166667 0 0.166667 0.166667 0.166667 0 0 0 0 0 0 0 0.2 0 0 0.2 0 0 0.2 0 0.4 0 0 0 0 0 0 0 0 0 0.25 0.25 0 0 0 0 0.5 0 0 0 0 0 0 0.333333 0 0 0 0 0 0 0 0 0.333333 0 0.333333 0 0 0 0 
GGGGTCCA 0 0 0 0 0.166667 0 0 0 0 0.166667 0.333333 0.166667 0 0.166667 0 0 0 0 0 0 0 0 0 0 0 0.4 0.2 0.2 0.2 0 0 0 0 0 0 0 0 0 0 0 0.25 0.5 0 0.25 0 0 0 0 0 0 0 0 0 0 0 0 0.333333 0.666667 0 0 0 0 0 0 
GGGTCCAC 0 0 0 0 0.166667 0.166667 0 0 0 0.166667 0.166667 0.166667 0 0.166667 0 0 0 0 0 0 0 0.2 0 0 0 0.4 0 0.2 0.2 0 0 0 0 0 0 0 0 0 0 0 0.25 0.5 0 0 0 0.25 0 0 0 0 0 0 0 0 0 0 0.333333 0.666667 0 0 0 0 0 0 
GTCCCTGA 0 0 0 0 0 0.166667 0.166667 0.166667 0 0.166667 0 0 0.166667 0.166667 0 0 0 0 0 0 0.2 0 0.2 0.2 0 0.2 0 0 0 0.2 0 0 0 0 0 0 0.25 0 0.25 0 0 0.25 0 0 0 0 0 0.25 0 0 0 0 0.333333 0 0 0 0 0 0 0.333333 0 0 0.333333 0 
AAAGGGTC 0.166667 0 0.333333 0 0 0 0 0 0 0.166667 0.166667 0.166667 0 0 0 0 0 0 0.6 0 0 0 0 0 0 0.2 0 0.2 0 0 0 0 0 0 0.5 0.25 0 0 0 0 0 0.25 0 0 0 0 0 0 0 0.333333 0.333333 0.333333 0 0 0 0 0 0 0 0 0 0 0 0 
AACCCTGA 0 0.333333 0 0 0 0.166667 0.166667 0.166667 0 0 0 0 0.166667 0 0 0 0 0.4 0 0 0.2 0 0.2 0.2 0 0 0 0 0 0 0 0 0 0.25 0 0.25 0.25 0 0.25 0 0 0 0 0 0 0 0 0 0 0 0.333333 0.333333 0.333333 0 0 0 0 0 0 0 0 0 0 0 
AAGACCCT 0.166667 0.166667 0.166667 0 0 0.166667 0 0.166667 0 0.166667 0 0 0 0 0 0 0.2 0.4 0 0 0 0 0 0.2 0 0.2 0 0 0 0 0 0 0 0.5 0 0.25 0 0 0 0 0 0.25 0 0 0 0 0 0 0 0.666667 0 0 0 0 0 0 0 0 0 0.333333 0 0 0 0 
AAGGGACC 0 0.166667 0.333333 0 0 0 0 0 0.166667 0.166667 0.166667 0 0 0 0 0 0 0 0.4 0 0 0 0 0 0.2 0.4 0 0 0 0 0 0 0.25 0 0.25 0 0 0 0 0 0 0.5 0 0 0 0 0 0 0.333333 0.333333 0 0 0 0 0 0 0 0.333333 0 0 0 0 0 0 
AAGGGTCC 0 0 0.333333 0 0 0 0 0 0 0.166667 0.166667 0.166667 0 0.166667 0 0 0 0 0.4 0 0 0 0 0 0 0.4 0 0.2 0 0 0 0 0 0 0.25 0.25 0 0 0 0 0 0.5 0 0 0 0 0 0 0 0.333333 0 0.333333 0 0 0 0 0 0.333333 0 0 0 0 0 0 
AAGGGTCT 0 0 0.333333 0 0 0 0 0 0 0.166667 0.166667 0.166667 0 0 0 0.166667 0 0 0.4 0 0 0 0 0 0 0.2 0 0.4 0 0 0 0 0 0 0.25 0.25 0 0 0 0 0 0.25 0 0.25 0 0 0 0 0 0.333333 0 0.333333 0 0 0 0 0 0 0 0.333333 0 0 0 0 
AAGGGTTC 0 0 0.333333 0 0 0 0 0 0 0 0.166667 0.333333 0 0.166667 0 0 0 0 0.4 0 0 0 0 0 0 0.2 0 0.4 0 0 0 0 0 0 0.25 0.25 0 0 0 0 0 0.25 0 0.25 0 0 0 0 0 0 0 0.666667 0 0 0 0 0 0.333333 0 0 0 0 0 0 
ACAGGGTC 0.166667 0 0.166667 0 0 0 0.166667 0 0 0.166667 0.166667 0.166667 0 0 0 0 0 0 0.4 0 0 0 0.2 0 0 0.2 0 0.2 0 0 0 0 0 0 0.25 0.25 0 0 0.25 0 0 0.25 0 0 0 0 0 0 0 0.333333 0.333333 0 0 0 0 0.333333 0 0 0 0 0 0 0 0 
ACCCTTAA 0 0.166667 0 0 0 0.166667 0 0.333333 0 0 0 0 0.333333 0 0 0 0 0.2 0 0 0.2 0 0 0.4 0 0 0 0 0.2 0 0 0 0 0 0 0.25 0.5 0 0 0.25 0 0 0 0 0 0 0 0 0 0 0 0.333333 0.666667 0 0 0 0 0 0 0 0 0 0 0 
AGACCCTG 0.166667 0.166667 0 0 0 0.166667 0.166667 0.166667 0 0.166667 0 0 0 0 0 0 0 0.4 0 0 0 0 0.2 0.2 0 0.2 0 0 0 0 0 0 0 0.25 0 0.25 0 0 0.25 0 0 0.25 0 0 0 0 0 0 0 0.333333 0.333333 0 0 0 0 0 0 0 0 0.333333 0 0 0 0 
AGGACCCT 0 0.166667 0.166667 0 0 0.166667 0 0.166667 0.166667 0.166667 0 0 0 0 0 0 0.2 0.2 0 0 0 0 0 0.2 0 0.4 0 0 0 0 0 0 0 0.25 0 0.25 0 0 0 0 0 0.5 0 0 0 0 0 0 0 0.333333 0 0 0 0 0 0 0 0.333333 0 0.333333 0 0 0 0 
AGGGACCC 0 0.166667 0.166667 0 0 0.166667 0 0 0.166667 0.166667 0.166667 0 0 0 0 0 0 0.2 0.2 0 0 0 0 0 0.2 0.4 0 0 0 0 0 0 0.25 0 0 0 0 0 0 0 0 0.75 0 0 0 0 0 0 0 0.333333 0 0 0 0 0 0 0 0.666667 0 0 0 0 0 0 
AGGGGTCC 0 0 0.166667 0 0 0 0 0 0 0.166667 0.333333 0.166667 0 0.166667 0 0 0 0 0.2 0 0 0 0 0 0 0.4 0.2 0.2 0 0 0 0 0 0 0.25 0 0 0 0 0 0 0.5 0 0.25 0 0 0 0 0 0 0 0.333333 0 0 0 0 0 0.666667 0 0 0 0 0 0 
AGGGTCCA 0 0 0.166667 0 0.166667 0 0 0 0 0.166667 0.166667 0.166667 0 0.166667 0 0 0 0 0.2 0 0 0 0 0 0 0.4 0 0.2 0.2 0 0 0 0 0 0 0.25 0 0 0 0 0.25 0.5 0 0 0 0 0 0 0 0.333333 0 0 0 0 0 0 0.333333 0.333333 0 0 0 0 0 0 
AGGGTCCC 0 0 0.166667 0 0 0.166667 0 0 0 0.166667 0.166667 0.166667 0 0.166667 0 0 0 0 0.2 0 0 0 0 0 0 0.4 0 0.2 0 0.2 0 0 0 0 0 0.25 0 0 0 0 0 0.75 0 0 0 0 0 0 0 0.333333 0 0 0 0 0 0 0 0.666667 0 0 0 0 0 0 
AGGGTCCG 0 0 0.166667 0 0 0 0.166667 0 0 0.166667 0.166667 0.166667 0 0.166667 0 0 0 0 0.2 0 0 0 0 0 0 0.4 0 0.2 0 0 0.2 0 0 0 0 0.25 0 0 0 0 0 0.5 0.25 0 0 0 0 0 0 0.333333 0 0 0 0 0 0 0 0.333333 0.333333 0 0 0 0 0 
AGGGTCTA 0 0 0.166667 0 0.166667 0 0 0 0 0.166667 0.166667 0.166667 0 0 0 0.166667 0 0 0.2 0 0 0 0 0 0 0.2 0 0.4 0.2 0 0 0 0 0 0 0.25 0 0 0 0 0.25 0.25 0 0.25 0 0 0 0 0 0.333333 0 0 0 0 0 0 0.333333 0 0 0.333333 0 0 0 0 
AGGGTCTC 0 0 0.166667 0 0 0.166667 0 0 0 0.166667 0.166667 0.166667 0 0 0 0.166667 0 0 0.2 0 0 0 0 0 0 0.2 0 0.4 0 0.2 0 0 0 0 0 0.25 0 0 0 0 0 0.5 0 0.25 0 0 0 0 0 0.333333 0 0 0 0 0 0 0 0.333333 0 0.333333 0 0 0 0 
AGGGTCTG 0 0 0.166667 0 0 0 0.166667 0 0 0.166667 0.166667 0.166667 0 0 0 0.166667 0 0 0.2 0 0 0 0 0 0 0.2 0 0.4 0 0 0.2 0 0 0 0 0.25 0 0 0 0 0 0.25 0.25 0.25 0 0 0 0 0 0.333333 0 0 0 0 0 0 0 0 0.333333 0.333333 0 0 0 0 
CAAGGGTC 0 0 0.333333 0 0.166667 0 0 0 0 0.166667 0.166667 0.166667 0 0 0 0 0 0 0.4 0 0 0 0.2 0 0 0.2 0 0.2 0 0 0 0 0 0 0.25 0.25 0 0 0.25 0 0 0.25 0 0 0 0 0 0 0 0.333333 0 0.333333 0 0 0.333333 0 0 0 0 0 0 0 0 0 
CAGGGACC 0 0.166667 0.166667 0 0 0 0.166667 0 0.166667 0.166667 0.166667 0 0 0 0 0 0 0 0.2 0 0 0 0.2 0 0.2 0.4 0 0 0 0 0 0 0.25 0 0 0 0 0 0.25 0 0 0.5 0 0 0 0 0 0 0 0.333333 0 0 0.333333 0 0 0 0 0.333333 0 0 0 0 0 0 
CAGGGTCC 0 0 0.166667 0 0 0 0.166667 0 0 0.166667 0.166667 0.166667 0 0.166667 0 0 0 0 0.2 0 0 0 0.2 0 0 0.4 0 0.2 0 0 0 0 0 0 0 0.25 0 0 0.25 0 0 0.5 0 0 0 0 0 0 0 0.333333 0 0 0 0 0 0.333333 0 0.333333 0 0 0 0 0 0 
CAGGGTTC 0 0 0.166667 0 0 0 0.166667 0 0 0 0.166667 0.333333 0 0.166667 0 0 0 0 0.2 0 0 0 0.2 0 0 0.2 0 0.4 0 0 0 0 0 0 0 0.25 0 0 0.25 0 0 0.25 0 0.25 0 0 0 0 0 0 0 0.333333 0 0 0 0.333333 0 0.333333 0 0 0 0 0 0 
CCAGGGTC 0 0 0.166667 0 0.166667 0 0.166667 0 0 0.166667 0.166667 0.166667 0 0 0 0 0 0 0.2 0 0 0 0.4 0 0 0.2 0 0.2 0 0 0 0 0 0 0 0.25 0 0 0.5 0 0 0.25 0 0 0 0 0 0 0 0.333333 0 0 0 0 0.333333 0.333333 0 0 0 0 0 0 0 0 
GACCCTGA 0 0.166667 0 0 0 0.166667 0.166667 0.166667 0 0.166667 0 0 0.166667 0 0 0 0 0.2 0 0 0.2 0 0.2 0.2 0 0.2 0 0 0 0 0 0 0 0 0 0.25 0.25 0 0.25 0 0 0.25 0 0 0 0 0 0 0 0 0.333333 0 0.333333 0 0 0 0 0 0 0.333333 0 0 0 0 
GACCCTGC 0 0.166667 0 0 0 0.166667 0.166667 0.166667 0 0.166667 0 0 0 0.166667 0 0 0 0.2 0 0 0 0.2 0.2 0.2 0 0.2 0 0 0 0 0 0 0 0 0 0.25 0 0.25 0.25 0 0 0.25 0 0 0 0 0 0 0 0 0.333333 0 0 0.333333 0 0 0 0 0 0.333333 0 0 0 0 
GACCCTTA 0 0.166667 0 0 0 0.166667 0 0.333333 0 0.166667 0 0 0.166667 0 0 0 0 0.2 0 0 0.2 0 0 0.4 0 0.2 0 0 0 0 0 0 0 0 0 0.25 0.25 0 0 0.25 0 0.25 0 0 0 0 0 0 0 0 0 0.333333 0.333333 0 0 0 0 0 0 0.333333 0 0 0 0 
GAGGGTCC 0 0 0.166667 0 0 0 0 0 0 0.166667 0.333333 0.166667 0 0.166667 0 0 0 0 0.2 0 0 0 0 0 0 0.4 0.2 0.2 0 0 0 0 0 0 0 0.25 0 0 0 0 0 0.5 0.25 0 0 0 0 0 0 0.333333 0 0 0 0 0 0 0 0.333333 0 0.333333 0 0 0 0 
GGACCCTA 0 0.166667 0 0 0.166667 0.166667 0 0.166667 0.166667 0.166667 0 0 0 0 0 0 0 0.2 0 0 0.2 0 0 0.2 0 0.4 0 0 0 0 0 0 0 0 0 0.25 0.25 0 0 0 0 0.5 0 0 0 0 0 0 0.333333 0 0 0 0 0 0 0 0 0.333333 0 0.333333 0 0 0 0 
GGGGTCCA 0 0 0 0 0.166667 0 0 0 0 0.166667 0.333333 0.166667 0 0.166667 0 0 0 0 0 0 0 0 0 0 0 0.4 0.2 0.2 0.2 0 0 0 0 0 0 0 0 0 0 0 0.25 0.5 0 0.25 0 0 0 0 0 0 0 0 0 0 0 0 0.333333 0.666667 0 0 0 0 0 0 
GGGTCCAC 0 0 0 0 0.166667 0.166667 0 0 0 0.166667 0.166667 0.166667 0 0.166667 0 0 0 0 0 0 0 0.2 0 0 0 0.4 0 0.2 0.2 0 0 0 0 0 0 0 0 0 0 0 0.25 0.5 0 0 0 0.25 0 0 0 0 0 0 0 0 0 0 0.333333 0.666667 0 0 0 0 0 0 
GTCCCTGA 0 0 0 0 0 0.166667 0.166667 0.166667 0 0.166667 0 0 0.166667 0.166667 0 0 0 0 0 0 0.2 0 0.2 0.2 0 0.2 0 0 0 0.2 0 0 0 0 0 0 0.25 0 0.25 0 0 0.25 0 0 0 0 0 0.25 0 0 0 0 0.333333 0 0 0 0 0 0 0.333333 0 0 0.333333 0 
AATAGGGG 0.166667 0 0.166667 0.166667 0 0 0 0 0 0 0.333333 0 0 0 0.166667 0 0.2 0 0.4 0 0 0 0 0 0 0 0.2 0 0 0 0.2 0 0 0 0.75 0 0 0 0 0 0 0 0 0 0 0 0.25 0 0 0 0.666667 0 0 0 0 0 0 0 0 0 0 0 0.333333 0 
ACCCCCTA 0 0.166667 0 0 0.166667 0.5 0 0.166667 0 0 0 0 0 0 0 0 0 0.2 0 0 0.2 0.4 0 0.2 0 0 0 0 0 0 0 0 0 0.25 0 0 0.25 0.25 0 0.25 0 0 0 0 0 0 0 0 0 0.333333 0 0 0.333333 0 0 0.333333 0 0 0 0 0 0 0 0 
ACCCCTAA 0 0.166667 0 0 0.166667 0.333333 0 0.166667 0 0 0 0 0.166667 0 0 0 0 0.2 0 0 0.4 0.2 0 0.2 0 0 0 0 0 0 0 0 0 0.25 0 0 0.5 0 0 0.25 0 0 0 0 0 0 0 0 0 0 0 0.333333 0.666667 0 0 0 0 0 0 0 0 0 0 0 
ACCCCTTA 0 0.166667 0 0 0 0.333333 0 0.333333 0 0 0 0 0.166667 0 0 0 0 0.2 0 0 0.2 0.2 0 0.4 0 0 0 0 0 0 0 0 0 0.25 0 0 0.25 0 0 0.5 0 0 0 0 0 0 0 0 0 0 0 0.333333 0.333333 0 0 0.333333 0 0 0 0 0 0 0 0 
ATAAGGGG 0.166667 0 0.333333 0 0 0 0 0 0 0 0.333333 0 0.166667 0 0 0 0.2 0 0.4 0 0 0 0 0 0 0 0.2 0 0 0 0.2 0 0 0 0.75 0 0 0 0 0 0 0 0 0 0 0 0.25 0 0 0 0.666667 0 0 0 0 0 0 0 0 0 0 0 0.333333 0 
ATAGGGGG 0.166667 0 0.166667 0 0 0 0 0 0 0 0.5 0 0 0 0.166667 0 0 0 0.4 0 0 0 0 0 0 0 0.4 0 0 0 0.2 0 0 0 0.5 0 0 0 0 0 0 0 0.25 0 0 0 0.25 0 0 0 0.666667 0 0 0 0 0 0 0 0 0 0 0 0.333333 0 
ATTAAGGG 0 0 0.333333 0.166667 0 0 0 0 0 0 0.166667 0 0.333333 0 0 0 0.2 0 0.4 0 0 0 0 0 0 0 0 0 0.2 0 0.2 0 0.25 0 0.25 0 0 0 0 0 0 0 0 0 0 0 0.5 0 0 0 0.333333 0 0 0 0 0 0 0 0 0 0 0 0.666667 0 
ATTAGGGG 0 0 0.166667 0.166667 0 0 0 0 0 0 0.333333 0 0.166667 0 0.166667 0 0.2 0 0.2 0 0 0 0 0 0 0 0.2 0 0 0 0.4 0 0 0 0.5 0 0 0 0 0 0 0 0 0 0 0 0.5 0 0 0 0.333333 0 0 0 0 0 0 0 0 0 0 0 0.666667 0 
CCCCCTAA 0 0 0 0 0.166667 0.5 0 0.166667 0 0 0 0 0.166667 0 0 0 0 0 0 0 0.4 0.4 0 0.2 0 0 0 0 0 0 0 0 0 0 0 0 0.5 0.25 0 0.25 0 0 0 0 0 0 0 0 0 0 0 0 0.666667 0 0 0.333333 0 0 0 0 0 0 0 0 
CCCCCTTA 0 0 0 0 0 0.5 0 0.333333 0 0 0 0 0.166667 0 0 0 0 0 0 0 0.2 0.4 0 0.4 0 0 0 0 0 0 0 0 0 0 0 0 0.25 0.25 0 0.5 0 0 0 0 0 0 0 0 0 0 0 0 0.333333 0 0 0.666667 0 0 0 0 0 0 0 0 
CCCCTAAA 0.166667 0 0 0 0.166667 0.333333 0 0.166667 0 0 0 0 0.166667 0 0 0 0 0 0 0 0.4 0.2 0 0.2 0 0 0 0 0.2 0 0 0 0 0 0 0 0.75 0 0 0.25 0 0 0 0 0 0 0 0 0 0 0 0 1 0 0 0 0 0 0 0 0 0 0 0 
CCCCTTAA 0 0 0 0 0 0.333333 0 0.333333 0 0 0 0 0.333333 0 0 0 0 0 0 0 0.2 0.2 0 0.4 0 0 0 0 0.2 0 0 0 0 0 0 0 0.5 0 0 0.5 0 0 0 0 0 0 0 0 0 0 0 0 0.666667 0 0 0.333333 0 0 0 0 0 0 0 0 
TCCCCTAA 0 0 0 0 0.166667 0.333333 0 0.166667 0 0 0 0 0.166667 0.166667 0 0 0 0 0 0 0.4 0.2 0 0.2 0 0 0 0 0 0.2 0 0 0 0 0 0 0.5 0 0 0.25 0 0 0 0 0 0.25 0 0 0 0 0 0 0.666667 0 0 0 0 0 0 0 0 0 0 0.333333 
AAAAAAAA 1 0 0 0 0 0 0 0 0 0 0 0 0 0 0 0 1 0 0 0 0 0 0 0 0 0 0 0 0 0 0 0 1 0 0 0 0 0 0 0 0 0 0 0 0 0 0 0 1 0 0 0 0 0 0 0 0 0 0 0 0 0 0 0 
AAAAAAAC 0.833333 0.166667 0 0 0 0 0 0 0 0 0 0 0 0 0 0 0.8 0.2 0 0 0 0 0 0 0 0 0 0 0 0 0 0 0.75 0.25 0 0 0 0 0 0 0 0 0 0 0 0 0 0 0.666667 0.333333 0 0 0 0 0 0 0 0 0 0 0 0 0 0 
AAAAAAAG 0.833333 0 0.166667 0 0 0 0 0 0 0 0 0 0 0 0 0 0.8 0 0.2 0 0 0 0 0 0 0 0 0 0 0 0 0 0.75 0 0.25 0 0 0 0 0 0 0 0 0 0 0 0 0 0.666667 0 0.333333 0 0 0 0 0 0 0 0 0 0 0 0 0 
AAAAAAAT 0.833333 0 0 0.166667 0 0 0 0 0 0 0 0 0 0 0 0 0.8 0 0 0.2 0 0 0 0 0 0 0 0 0 0 0 0 0.75 0 0 0.25 0 0 0 0 0 0 0 0 0 0 0 0 0.666667 0 0 0.333333 0 0 0 0 0 0 0 0 0 0 0 0 
AAAAAATA 0.833333 0 0 0.166667 0 0 0 0 0 0 0 0 0 0 0 0 0.8 0 0 0.2 0 0 0 0 0 0 0 0 0 0 0 0 0.75 0 0 0.25 0 0 0 0 0 0 0 0 0 0 0 0 0.666667 0 0 0.333333 0 0 0 0 0 0 0 0 0 0 0 0 
AAAAAATC 0.666667 0.166667 0 0.166667 0 0 0 0 0 0 0 0 0 0 0 0 0.6 0.2 0 0.2 0 0 0 0 0 0 0 0 0 0 0 0 0.5 0.25 0 0.25 0 0 0 0 0 0 0 0 0 0 0 0 0.333333 0.333333 0 0.333333 0 0 0 0 0 0 0 0 0 0 0 0 
AAAAAATT 0.666667 0 0 0.333333 0 0 0 0 0 0 0 0 0 0 0 0 0.6 0 0 0.4 0 0 0 0 0 0 0 0 0 0 0 0 0.5 0 0 0.5 0 0 0 0 0 0 0 0 0 0 0 0 0.333333 0 0 0.666667 0 0 0 0 0 0 0 0 0 0 0 0 
AAAAATTT 0.5 0 0 0.333333 0 0 0 0 0 0 0 0 0 0 0 0.166667 0.4 0 0 0.6 0 0 0 0 0 0 0 0 0 0 0 0 0.25 0 0 0.75 0 0 0 0 0 0 0 0 0 0 0 0 0 0 0 1 0 0 0 0 0 0 0 0 0 0 0 0 
AAAATTTT 0.333333 0 0 0.333333 0 0 0 0 0 0 0 0 0 0 0 0.333333 0.2 0 0 0.6 0 0 0 0 0 0 0 0 0 0 0 0.2 0 0 0 1 0 0 0 0 0 0 0 0 0 0 0 0 0 0 0 1 0 0 0 0 0 0 0 0 0 0 0 0 
AAGAAAAA 0.666667 0 0.166667 0 0 0 0 0 0.166667 0 0 0 0 0 0 0 0.8 0 0 0 0 0 0 0 0.2 0 0 0 0 0 0 0 0.75 0 0 0 0 0 0 0 0.25 0 0 0 0 0 0 0 0.666667 0 0 0 0 0 0 0 0.333333 0 0 0 0 0 0 0 
AGAAAAAA 0.833333 0 0 0 0 0 0 0 0.166667 0 0 0 0 0 0 0 0.8 0 0 0 0 0 0 0 0.2 0 0 0 0 0 0 0 0.75 0 0 0 0 0 0 0 0.25 0 0 0 0 0 0 0 0.666667 0 0 0 0 0 0 0 0.333333 0 0 0 0 0 0 0 
ATTTTTTA 0 0 0 0.166667 0 0 0 0 0 0 0 0 0.166667 0 0 0.666667 0 0 0 0.2 0 0 0 0 0 0 0 0 0.2 0 0 0.6 0 0 0 0.25 0 0 0 0 0 0 0 0 0.25 0 0 0.5 0 0 0 0.333333 0 0 0 0 0 0 0 0 0.333333 0 0 0.333333 
ATTTTTTC 0 0 0 0.166667 0 0 0 0 0 0 0 0 0 0.166667 0 0.666667 0 0 0 0.2 0 0 0 0 0 0 0 0 0 0.2 0 0.6 0 0 0 0.25 0 0 0 0 0 0 0 0 0 0.25 0 0.5 0 0 0 0.333333 0 0 0 0 0 0 0 0 0 0.333333 0 0.333333 
CAAAAAAA 0.833333 0 0 0 0.166667 0 0 0 0 0 0 0 0 0 0 0 0.8 0 0 0 0.2 0 0 0 0 0 0 0 0 0 0 0 0.75 0 0 0 0.25 0 0 0 0 0 0 0 0 0 0 0 0.666667 0 0 0 0.333333 0 0 0 0 0 0 0 0 0 0 0 
CGAAAAAA 0.666667 0 0 0 0.166667 0 0 0 0.166667 0 0 0 0 0 0 0 0.6 0 0 0 0.2 0 0 0 0.2 0 0 0 0 0 0 0 0.5 0 0 0 0.25 0 0 0 0.25 0 0 0 0 0 0 0 0.333333 0 0 0 0.333333 0 0 0 0.333333 0 0 0 0 0 0 0 
GAAAAAAA 0.833333 0 0 0 0 0 0 0 0.166667 0 0 0 0 0 0 0 0.8 0 0 0 0 0 0 0 0.2 0 0 0 0 0 0 0 0.75 0 0 0 0 0 0 0 0.25 0 0 0 0 0 0 0 0.666667 0 0 0 0 0 0 0 0.333333 0 0 0 0 0 0 0 
GGAAAAAA 0.666667 0 0 0 0 0 0 0 0.333333 0 0 0 0 0 0 0 0.6 0 0 0 0 0 0 0 0.4 0 0 0 0 0 0 0 0.5 0 0 0 0 0 0 0 0.5 0 0 0 0 0 0 0 0.333333 0 0 0 0 0 0 0 0.666667 0 0 0 0 0 0 0 
GTAAAAAA 0.666667 0 0 0 0 0 0 0 0.166667 0 0 0 0.166667 0 0 0 0.6 0 0 0 0 0 0 0 0.2 0 0 0 0.2 0 0 0 0.5 0 0 0 0 0 0 0 0.25 0 0 0 0.25 0 0 0 0.333333 0 0 0 0 0 0 0 0.333333 0 0 0 0.333333 0 0 0 
TAAAAAAA 0.833333 0 0 0 0 0 0 0 0 0 0 0 0.166667 0 0 0 0.8 0 0 0 0 0 0 0 0 0 0 0 0.2 0 0 0 0.75 0 0 0 0 0 0 0 0 0 0 0 0.25 0 0 0 0.666667 0 0 0 0 0 0 0 0 0 0 0 0.333333 0 0 0 
TGAAAAAA 0.666667 0 0 0 0 0 0 0 0.166667 0 0 0 0.166667 0 0 0 0.6 0 0 0 0 0 0 0 0.2 0 0 0 0.2 0 0 0 0.5 0 0 0 0 0 0 0 0.25 0 0 0 0.25 0 0 0 0.333333 0 0 0 0 0 0 0 0.333333 0 0 0 0.333333 0 0 0 
AACGGCGC 0 0.166667 0.166667 0 0 0.166667 0.166667 0 0 0.166667 0.166667 0 0 0 0 0 0 0 0.4 0 0 0.2 0 0 0 0.2 0.2 0 0 0 0 0 0 0.25 0.25 0 0 0 0.25 0 0 0.25 0 0 0 0 0 0 0 0.333333 0.333333 0 0 0.333333 0 0 0 0 0 0 0 0 0 0 
ACACGGCG 0.166667 0 0.166667 0 0 0.166667 0.166667 0 0 0.166667 0.166667 0 0 0 0 0 0 0.2 0.2 0 0 0.2 0.2 0 0 0 0.2 0 0 0 0 0 0 0.25 0.25 0 0 0 0.5 0 0 0 0 0 0 0 0 0 0 0 0.666667 0 0 0.333333 0 0 0 0 0 0 0 0 0 0 
ACGCCGCA 0 0 0.166667 0 0 0.333333 0.166667 0 0.166667 0.166667 0 0 0 0 0 0 0 0.2 0 0 0.2 0.4 0 0 0 0 0.2 0 0 0 0 0 0 0.25 0 0 0.25 0 0.25 0 0 0.25 0 0 0 0 0 0 0 0 0.333333 0 0 0.333333 0 0 0.333333 0 0 0 0 0 0 0 
ACGGCACC 0 0.166667 0.166667 0 0 0.166667 0.166667 0 0.166667 0.166667 0 0 0 0 0 0 0 0 0.2 0 0 0.4 0 0 0.2 0.2 0 0 0 0 0 0 0 0.25 0 0 0.25 0 0 0 0 0.5 0 0 0 0 0 0 0.333333 0 0 0 0 0.333333 0 0 0 0.333333 0 0 0 0 0 0 
ACGGCGCA 0 0 0.166667 0 0 0.166667 0.166667 0 0.166667 0.166667 0.166667 0 0 0 0 0 0 0 0.2 0 0.2 0.2 0 0 0 0.2 0.2 0 0 0 0 0 0 0.25 0 0 0 0 0.25 0 0.25 0.25 0 0 0 0 0 0 0 0 0.333333 0 0 0.333333 0 0 0.333333 0 0 0 0 0 0 0 
ACGGCGCC 0 0 0.166667 0 0 0.166667 0.166667 0 0 0.333333 0.166667 0 0 0 0 0 0 0 0.2 0 0 0.4 0 0 0 0.2 0.2 0 0 0 0 0 0 0.25 0 0 0 0 0.25 0 0 0.5 0 0 0 0 0 0 0 0 0.333333 0 0 0.333333 0 0 0 0.333333 0 0 0 0 0 0 
ACGGCGCG 0 0 0.166667 0 0 0.166667 0.166667 0 0 0.166667 0.333333 0 0 0 0 0 0 0 0.2 0 0 0.2 0.2 0 0 0.2 0.2 0 0 0 0 0 0 0.25 0 0 0 0 0.25 0 0 0.25 0.25 0 0 0 0 0 0 0 0.333333 0 0 0.333333 0 0 0 0 0.333333 0 0 0 0 0 
ACGGCGCT 0 0 0.166667 0 0 0.166667 0.166667 0 0 0.166667 0.166667 0.166667 0 0 0 0 0 0 0.2 0 0 0.2 0 0.2 0 0.2 0.2 0 0 0 0 0 0 0.25 0 0 0 0 0.25 0 0 0.25 0 0.25 0 0 0 0 0 0 0.333333 0 0 0.333333 0 0 0 0 0 0.333333 0 0 0 0 
ATACGGCA 0.166667 0 0.166667 0 0 0 0.166667 0 0.166667 0.166667 0 0 0 0.166667 0 0 0 0.2 0.2 0 0 0.2 0 0 0.2 0 0 0 0 0 0.2 0 0 0.25 0.25 0 0.25 0 0 0 0 0 0 0 0 0 0.25 0 0.333333 0 0.333333 0 0 0 0 0 0 0 0 0 0 0.333333 0 0 
ATACGGCG 0.166667 0 0.166667 0 0 0 0.166667 0 0 0.166667 0.166667 0 0 0.166667 0 0 0 0.2 0.2 0 0 0.2 0 0 0 0 0.2 0 0 0 0.2 0 0 0.25 0.25 0 0 0 0.25 0 0 0 0 0 0 0 0.25 0 0 0 0.666667 0 0 0 0 0 0 0 0 0 0 0.333333 0 0 
CACGGCAC 0 0 0.166667 0 0 0.333333 0.166667 0 0.166667 0.166667 0 0 0 0 0 0 0 0 0.2 0 0 0.2 0.2 0 0.2 0.2 0 0 0 0 0 0 0 0.25 0 0 0.25 0 0.25 0 0 0.25 0 0 0 0 0 0 0.333333 0 0 0 0 0.666667 0 0 0 0 0 0 0 0 0 0 
CACGGCGC 0 0 0.166667 0 0 0.333333 0.166667 0 0 0.166667 0.166667 0 0 0 0 0 0 0 0.2 0 0 0.2 0.2 0 0 0.2 0.2 0 0 0 0 0 0 0.25 0 0 0 0 0.5 0 0 0.25 0 0 0 0 0 0 0 0 0.333333 0 0 0.666667 0 0 0 0 0 0 0 0 0 0 
CGCCGCAC 0 0 0 0 0 0.5 0.166667 0 0.166667 0.166667 0 0 0 0 0 0 0 0 0 0 0.2 0.4 0 0 0 0.2 0.2 0 0 0 0 0 0 0 0 0 0.25 0.25 0.25 0 0 0.25 0 0 0 0 0 0 0 0 0 0 0 0.666667 0 0 0.333333 0 0 0 0 0 0 0 
CGCCGTAC 0 0 0 0 0 0.166667 0.166667 0.166667 0.166667 0.166667 0 0 0 0.166667 0 0 0 0 0 0 0.2 0.2 0 0.2 0 0.2 0.2 0 0 0 0 0 0 0 0 0 0.25 0.25 0.25 0 0 0 0 0.25 0 0 0 0 0 0 0 0 0 0.333333 0 0.333333 0.333333 0 0 0 0 0 0 0 
CGCCGTGC 0 0 0 0 0 0.166667 0.166667 0.166667 0 0.166667 0.166667 0 0 0.166667 0 0 0 0 0 0 0 0.2 0.2 0.2 0 0.2 0.2 0 0 0 0 0 0 0 0 0 0 0.25 0.5 0 0 0 0 0.25 0 0 0 0 0 0 0 0 0 0.333333 0 0.333333 0 0 0.333333 0 0 0 0 0 
CGCGGCAC 0 0 0 0 0 0.333333 0.166667 0 0.166667 0.166667 0.166667 0 0 0 0 0 0 0 0 0 0 0.2 0.2 0 0.2 0.2 0.2 0 0 0 0 0 0 0 0 0 0.25 0 0.25 0 0 0.5 0 0 0 0 0 0 0 0 0 0 0 0.666667 0 0 0.333333 0 0 0 0 0 0 0 
CGCGGCGC 0 0 0 0 0 0.333333 0.166667 0 0 0.166667 0.333333 0 0 0 0 0 0 0 0 0 0 0.2 0.2 0 0 0.2 0.4 0 0 0 0 0 0 0 0 0 0 0 0.5 0 0 0.5 0 0 0 0 0 0 0 0 0 0 0 0.666667 0 0 0 0 0.333333 0 0 0 0 0 
CGGCGCCG 0 0 0 0 0 0.166667 0.333333 0 0 0.333333 0.166667 0 0 0 0 0 0 0 0 0 0 0.4 0 0 0 0.2 0.4 0 0 0 0 0 0 0 0 0 0 0 0.5 0 0 0.5 0 0 0 0 0 0 0 0 0 0 0 0.333333 0 0 0 0.333333 0.333333 0 0 0 0 0 
CGTGCGGC 0 0 0 0 0 0 0.166667 0.166667 0 0.166667 0.333333 0 0 0.166667 0 0 0 0 0 0 0 0.2 0.2 0 0 0.2 0.2 0 0 0 0.2 0 0 0 0 0 0 0.25 0 0 0 0.25 0.25 0 0 0 0.25 0 0 0 0 0 0 0 0.333333 0 0 0 0.333333 0 0 0.333333 0 0 
GCCGCGGC 0 0 0 0 0 0.166667 0.333333 0 0 0.333333 0.166667 0 0 0 0 0 0 0 0 0 0 0.4 0.2 0 0 0 0.4 0 0 0 0 0 0 0 0 0 0 0 0.5 0 0 0.5 0 0 0 0 0 0 0 0 0 0 0 0.333333 0.333333 0 0 0 0.333333 0 0 0 0 0 
GCGCCGCA 0 0 0 0 0 0.333333 0.166667 0 0.166667 0.166667 0.166667 0 0 0 0 0 0 0 0 0 0.2 0.4 0 0 0 0.2 0.2 0 0 0 0 0 0 0 0 0 0.25 0 0.25 0 0 0.5 0 0 0 0 0 0 0 0 0 0 0 0.333333 0 0 0.333333 0 0.333333 0 0 0 0 0 
GCGCCGTA 0 0 0 0 0 0.166667 0.166667 0.166667 0.166667 0.166667 0.166667 0 0 0 0 0 0 0 0 0 0.2 0.2 0 0.2 0 0.2 0.2 0 0 0 0 0 0 0 0 0 0.25 0 0.25 0 0 0.25 0 0.25 0 0 0 0 0 0 0 0 0 0 0 0.333333 0.333333 0 0.333333 0 0 0 0 0 
GCGGCACC 0 0.166667 0 0 0 0.166667 0.166667 0 0.166667 0.166667 0.166667 0 0 0 0 0 0 0 0 0 0 0.4 0 0 0.2 0.2 0.2 0 0 0 0 0 0 0 0 0 0.25 0 0 0 0 0.75 0 0 0 0 0 0 0 0 0 0 0 0.333333 0 0 0.333333 0.333333 0 0 0 0 0 0 
GCGGCGCC 0 0 0 0 0 0.166667 0.166667 0 0 0.333333 0.333333 0 0 0 0 0 0 0 0 0 0 0.4 0 0 0 0.2 0.4 0 0 0 0 0 0 0 0 0 0 0 0.25 0 0 0.75 0 0 0 0 0 0 0 0 0 0 0 0.333333 0 0 0 0.333333 0.333333 0 0 0 0 0 
GTGCCGCA 0 0 0 0 0 0.166667 0.166667 0 0.166667 0.166667 0.166667 0 0 0.166667 0 0 0 0 0 0 0.2 0.2 0 0 0 0.2 0.2 0 0 0.2 0 0 0 0 0 0 0.25 0 0 0 0 0.5 0 0 0 0 0.25 0 0 0 0 0 0 0 0 0 0.333333 0 0.333333 0 0 0.333333 0 0 
GTGCCGTA 0 0 0 0 0 0 0.166667 0.166667 0.166667 0.166667 0.166667 0 0 0.166667 0 0 0 0 0 0 0.2 0 0 0.2 0 0.2 0.2 0 0 0.2 0 0 0 0 0 0 0.25 0 0 0 0 0.25 0 0.25 0 0 0.25 0 0 0 0 0 0 0 0 0 0.333333 0 0.333333 0 0 0 0 0.333333 
ACGGCGCC 0 0 0.166667 0 0 0.166667 0.166667 0 0 0.333333 0.166667 0 0 0 0 0 0 0 0.2 0 0 0.4 0 0 0 0.2 0.2 0 0 0 0 0 0 0.25 0 0 0 0 0.25 0 0 0.5 0 0 0 0 0 0 0 0 0.333333 0 0 0.333333 0 0 0 0.333333 0 0 0 0 0 0 
ACGGCGCG 0 0 0.166667 0 0 0.166667 0.166667 0 0 0.166667 0.333333 0 0 0 0 0 0 0 0.2 0 0 0.2 0.2 0 0 0.2 0.2 0 0 0 0 0 0 0.25 0 0 0 0 0.25 0 0 0.25 0.25 0 0 0 0 0 0 0 0.333333 0 0 0.333333 0 0 0 0 0.333333 0 0 0 0 0 
CACGGCAC 0 0 0.166667 0 0 0.333333 0.166667 0 0.166667 0.166667 0 0 0 0 0 0 0 0 0.2 0 0 0.2 0.2 0 0.2 0.2 0 0 0 0 0 0 0 0.25 0 0 0.25 0 0.25 0 0 0.25 0 0 0 0 0 0 0.333333 0 0 0 0 0.666667 0 0 0 0 0 0 0 0 0 0 
CACGGCGC 0 0 0.166667 0 0 0.333333 0.166667 0 0 0.166667 0.166667 0 0 0 0 0 0 0 0.2 0 0 0.2 0.2 0 0 0.2 0.2 0 0 0 0 0 0 0.25 0 0 0 0 0.5 0 0 0.25 0 0 0 0 0 0 0 0 0.333333 0 0 0.666667 0 0 0 0 0 0 0 0 0 0 
CGCCGCGC 0 0 0 0 0 0.5 0.166667 0 0 0.166667 0.166667 0 0 0 0 0 0 0 0 0 0 0.4 0.2 0 0 0.2 0.2 0 0 0 0 0 0 0 0 0 0 0.25 0.5 0 0 0.25 0 0 0 0 0 0 0 0 0 0 0 0.666667 0 0 0 0 0.333333 0 0 0 0 0 
CGCGGCAC 0 0 0 0 0 0.333333 0.166667 0 0.166667 0.166667 0.166667 0 0 0 0 0 0 0 0 0 0 0.2 0.2 0 0.2 0.2 0.2 0 0 0 0 0 0 0 0 0 0.25 0 0.25 0 0 0.5 0 0 0 0 0 0 0 0 0 0 0 0.666667 0 0 0.333333 0 0 0 0 0 0 0 
CGCGGCGC 0 0 0 0 0 0.333333 0.166667 0 0 0.166667 0.333333 0 0 0 0 0 0 0 0 0 0 0.2 0.2 0 0 0.2 0.4 0 0 0 0 0 0 0 0 0 0 0 0.5 0 0 0.5 0 0 0 0 0 0 0 0 0 0 0 0.666667 0 0 0 0 0.333333 0 0 0 0 0 
CGGCGCCG 0 0 0 0 0 0.166667 0.333333 0 0 0.333333 0.166667 0 0 0 0 0 0 0 0 0 0 0.4 0 0 0 0.2 0.4 0 0 0 0 0 0 0 0 0 0 0 0.5 0 0 0.5 0 0 0 0 0 0 0 0 0 0 0 0.333333 0 0 0 0.333333 0.333333 0 0 0 0 0 
GCCGTGCC 0 0 0 0 0 0 0.166667 0.166667 0 0.333333 0.166667 0 0 0.166667 0 0 0 0 0 0 0 0 0.2 0.2 0 0.2 0.2 0 0 0.2 0 0 0 0 0 0 0 0.25 0.25 0 0 0.25 0 0.25 0 0 0 0 0 0 0 0 0 0.666667 0 0 0 0 0.333333 0 0 0 0 0 
GCGCCGCA 0 0 0 0 0 0.333333 0.166667 0 0.166667 0.166667 0.166667 0 0 0 0 0 0 0 0 0 0.2 0.4 0 0 0 0.2 0.2 0 0 0 0 0 0 0 0 0 0.25 0 0.25 0 0 0.5 0 0 0 0 0 0 0 0 0 0 0 0.333333 0 0 0.333333 0 0.333333 0 0 0 0 0 
GCGCCGTA 0 0 0 0 0 0.166667 0.166667 0.166667 0.166667 0.166667 0.166667 0 0 0 0 0 0 0 0 0 0.2 0.2 0 0.2 0 0.2 0.2 0 0 0 0 0 0 0 0 0 0.25 0 0.25 0 0 0.25 0 0.25 0 0 0 0 0 0 0 0 0 0 0 0.333333 0.333333 0 0.333333 0 0 0 0 0 
GCGGCACC 0 0.166667 0 0 0 0.166667 0.166667 0 0.166667 0.166667 0.166667 0 0 0 0 0 0 0 0 0 0 0.4 0 0 0.2 0.2 0.2 0 0 0 0 0 0 0 0 0 0.25 0 0 0 0 0.75 0 0 0 0 0 0 0 0 0 0 0 0.333333 0 0 0.333333 0.333333 0 0 0 0 0 0 
GCGGCGCC 0 0 0 0 0 0.166667 0.166667 0 0 0.333333 0.333333 0 0 0 0 0 0 0 0 0 0 0.4 0 0 0 0.2 0.4 0 0 0 0 0 0 0 0 0 0 0 0.25 0 0 0.75 0 0 0 0 0 0 0 0 0 0 0 0.333333 0 0 0 0.333333 0.333333 0 0 0 0 0 
GTGCCGCA 0 0 0 0 0 0.166667 0.166667 0 0.166667 0.166667 0.166667 0 0 0.166667 0 0 0 0 0 0 0.2 0.2 0 0 0 0.2 0.2 0 0 0.2 0 0 0 0 0 0 0.25 0 0 0 0 0.5 0 0 0 0 0.25 0 0 0 0 0 0 0 0 0 0.333333 0 0.333333 0 0 0.333333 0 0 
AACAGGGG 0.166667 0.166667 0.166667 0 0 0 0.166667 0 0 0 0.333333 0 0 0 0 0 0.2 0 0.4 0 0 0 0.2 0 0 0 0.2 0 0 0 0 0 0 0 0.75 0 0 0 0.25 0 0 0 0 0 0 0 0 0 0 0 0.666667 0 0 0 0.333333 0 0 0 0 0 0 0 0 0 
ACCCCCTG 0 0.166667 0 0 0 0.5 0.166667 0.166667 0 0 0 0 0 0 0 0 0 0.2 0 0 0 0.4 0.2 0.2 0 0 0 0 0 0 0 0 0 0.25 0 0 0 0.25 0.25 0.25 0 0 0 0 0 0 0 0 0 0.333333 0 0 0 0 0.333333 0.333333 0 0 0 0 0 0 0 0 
ACCCCTGA 0 0.166667 0 0 0 0.333333 0.166667 0.166667 0 0 0 0 0.166667 0 0 0 0 0.2 0 0 0.2 0.2 0.2 0.2 0 0 0 0 0 0 0 0 0 0.25 0 0 0.25 0 0.25 0.25 0 0 0 0 0 0 0 0 0 0 0 0.333333 0.333333 0 0.333333 0 0 0 0 0 0 0 0 0 
ACCCCTTA 0 0.166667 0 0 0 0.333333 0 0.333333 0 0 0 0 0.166667 0 0 0 0 0.2 0 0 0.2 0.2 0 0.4 0 0 0 0 0 0 0 0 0 0.25 0 0 0.25 0 0 0.5 0 0 0 0 0 0 0 0 0 0 0 0.333333 0.333333 0 0 0.333333 0 0 0 0 0 0 0 0 
ATAAGGGG 0.166667 0 0.333333 0 0 0 0 0 0 0 0.333333 0 0.166667 0 0 0 0.2 0 0.4 0 0 0 0 0 0 0 0.2 0 0 0 0.2 0 0 0 0.75 0 0 0 0 0 0 0 0 0 0 0 0.25 0 0 0 0.666667 0 0 0 0 0 0 0 0 0 0 0 0.333333 0 
ATCAGGGG 0 0.166667 0.166667 0 0 0 0.166667 0 0 0 0.333333 0 0.166667 0 0 0 0.2 0 0.2 0 0 0 0.2 0 0 0 0.2 0 0 0 0.2 0 0 0 0.5 0 0 0 0.25 0 0 0 0 0 0 0 0.25 0 0 0 0.333333 0 0 0 0.333333 0 0 0 0 0 0 0 0.333333 0 
ATTCAGGG 0 0 0.166667 0.166667 0 0 0.166667 0 0 0 0.166667 0 0.166667 0.166667 0 0 0 0.2 0.2 0 0 0 0.2 0 0 0 0 0 0.2 0 0.2 0 0.25 0 0 0 0 0 0.25 0 0 0 0 0 0 0 0.5 0 0 0 0.333333 0 0 0 0 0 0 0 0 0 0 0 0.666667 0 
CAGGGGCA 0 0 0.166667 0 0 0 0.166667 0 0.166667 0.166667 0.333333 0 0 0 0 0 0 0 0.2 0 0 0 0.2 0 0.2 0.2 0.2 0 0 0 0 0 0 0 0.25 0 0 0 0.25 0 0.25 0.25 0 0 0 0 0 0 0 0.333333 0 0 0 0 0.333333 0 0.333333 0 0 0 0 0 0 0 
CAGGGGGA 0 0 0.166667 0 0 0 0.166667 0 0.166667 0 0.5 0 0 0 0 0 0 0 0.2 0 0 0 0.2 0 0.2 0 0.4 0 0 0 0 0 0 0 0.25 0 0 0 0.25 0 0.25 0 0.25 0 0 0 0 0 0 0 0.333333 0 0 0 0.333333 0 0.333333 0 0 0 0 0 0 0 
CAGGGGGC 0 0 0.166667 0 0 0 0.166667 0 0 0.166667 0.5 0 0 0 0 0 0 0 0.2 0 0 0 0.2 0 0 0.2 0.4 0 0 0 0 0 0 0 0.25 0 0 0 0.25 0 0 0.25 0.25 0 0 0 0 0 0 0 0.333333 0 0 0 0.333333 0 0 0.333333 0 0 0 0 0 0 
CAGGGGTA 0 0 0.166667 0 0 0 0.166667 0 0.166667 0 0.333333 0.166667 0 0 0 0 0 0 0.2 0 0 0 0.2 0 0.2 0 0.2 0.2 0 0 0 0 0 0 0.25 0 0 0 0.25 0 0.25 0 0 0.25 0 0 0 0 0 0 0 0.333333 0 0 0.333333 0 0.333333 0 0 0 0 0 0 0 
CAGGTACC 0 0.166667 0.166667 0 0 0 0.166667 0 0.166667 0 0 0.166667 0 0.166667 0 0 0 0 0 0.2 0 0 0.2 0 0.2 0.2 0 0 0 0.2 0 0 0.25 0 0 0 0 0 0 0.25 0 0.5 0 0 0 0 0 0 0 0.333333 0 0 0.333333 0 0 0 0 0.333333 0 0 0 0 0 0 
CAGGTACG 0 0 0.333333 0 0 0 0.166667 0 0.166667 0 0 0.166667 0 0.166667 0 0 0 0 0 0.2 0 0 0.2 0 0.2 0.2 0 0 0 0 0.2 0 0.25 0 0 0 0 0 0 0.25 0 0.25 0.25 0 0 0 0 0 0 0.333333 0 0 0.333333 0 0 0 0 0 0.333333 0 0 0 0 0 
CCAGGGGG 0 0 0.166667 0 0.166667 0 0.166667 0 0 0 0.5 0 0 0 0 0 0 0 0.2 0 0 0 0.4 0 0 0 0.4 0 0 0 0 0 0 0 0.25 0 0 0 0.5 0 0 0 0.25 0 0 0 0 0 0 0 0.333333 0 0 0 0.666667 0 0 0 0 0 0 0 0 0 
CCCCCTGA 0 0 0 0 0 0.5 0.166667 0.166667 0 0 0 0 0.166667 0 0 0 0 0 0 0 0.2 0.4 0.2 0.2 0 0 0 0 0 0 0 0 0 0 0 0 0.25 0.25 0.25 0.25 0 0 0 0 0 0 0 0 0 0 0 0 0.333333 0 0.333333 0.333333 0 0 0 0 0 0 0 0 
CCCCCTTA 0 0 0 0 0 0.5 0 0.333333 0 0 0 0 0.166667 0 0 0 0 0 0 0 0.2 0.4 0 0.4 0 0 0 0 0 0 0 0 0 0 0 0 0.25 0.25 0 0.5 0 0 0 0 0 0 0 0 0 0 0 0 0.333333 0 0 0.666667 0 0 0 0 0 0 0 0 
CCCCTGAA 0 0 0 0 0 0.333333 0.166667 0.166667 0.166667 0 0 0 0.166667 0 0 0 0 0 0 0 0.2 0.2 0.2 0.2 0 0 0 0 0.2 0 0 0 0 0 0 0 0.5 0 0.25 0.25 0 0 0 0 0 0 0 0 0 0 0 0 0.666667 0 0.333333 0 0 0 0 0 0 0 0 0 
CCCCTGAC 0 0 0 0 0 0.333333 0.166667 0.166667 0 0.166667 0 0 0.166667 0 0 0 0 0 0 0 0.2 0.2 0.2 0.2 0 0 0 0 0 0.2 0 0 0 0 0 0 0.25 0.25 0.25 0.25 0 0 0 0 0 0 0 0 0 0 0 0 0.333333 0.333333 0.333333 0 0 0 0 0 0 0 0 0 
CCCCTGAG 0 0 0 0 0 0.333333 0.166667 0.166667 0 0 0.166667 0 0.166667 0 0 0 0 0 0 0 0.2 0.2 0.2 0.2 0 0 0 0 0 0 0.2 0 0 0 0 0 0.25 0 0.5 0.25 0 0 0 0 0 0 0 0 0 0 0 0 0.333333 0 0.666667 0 0 0 0 0 0 0 0 0 
CCCCTGGA 0 0 0 0 0 0.333333 0.166667 0.166667 0.166667 0 0 0 0 0 0.166667 0 0 0 0 0 0 0.2 0.4 0.2 0 0 0 0 0.2 0 0 0 0 0 0 0 0.25 0 0.5 0.25 0 0 0 0 0 0 0 0 0 0 0 0 0.333333 0 0.666667 0 0 0 0 0 0 0 0 0 
CCCCTGGC 0 0 0 0 0 0.333333 0.166667 0.166667 0 0.166667 0 0 0 0 0.166667 0 0 0 0 0 0 0.2 0.4 0.2 0 0 0 0 0 0.2 0 0 0 0 0 0 0 0.25 0.5 0.25 0 0 0 0 0 0 0 0 0 0 0 0 0 0.333333 0.666667 0 0 0 0 0 0 0 0 0 
CCCCTTAA 0 0 0 0 0 0.333333 0 0.333333 0 0 0 0 0.333333 0 0 0 0 0 0 0 0.2 0.2 0 0.4 0 0 0 0 0.2 0 0 0 0 0 0 0 0.5 0 0 0.5 0 0 0 0 0 0 0 0 0 0 0 0 0.666667 0 0 0.333333 0 0 0 0 0 0 0 0 
CCCTGAAA 0.166667 0 0 0 0 0.166667 0.166667 0.166667 0.166667 0 0 0 0.166667 0 0 0 0 0 0 0 0.2 0 0.2 0.2 0.2 0 0 0 0.2 0 0 0 0 0 0 0 0.5 0 0.25 0 0 0 0 0 0.25 0 0 0 0 0 0 0 1 0 0 0 0 0 0 0 0 0 0 0 
CCCTGAAC 0 0.166667 0 0 0 0.166667 0.166667 0.166667 0.166667 0 0 0 0.166667 0 0 0 0 0 0 0 0.2 0 0.2 0.2 0 0.2 0 0 0.2 0 0 0 0 0 0 0 0.5 0 0.25 0 0 0 0 0 0 0.25 0 0 0 0 0 0 0.666667 0.333333 0 0 0 0 0 0 0 0 0 0 
GCCCCTGA 0 0 0 0 0 0.333333 0.166667 0.166667 0 0.166667 0 0 0.166667 0 0 0 0 0 0 0 0.2 0.2 0.2 0.2 0 0.2 0 0 0 0 0 0 0 0 0 0 0.25 0 0.25 0.25 0 0.25 0 0 0 0 0 0 0 0 0 0 0.333333 0 0.333333 0 0 0 0 0.333333 0 0 0 0 
GCCCTGAA 0 0 0 0 0 0.166667 0.166667 0.166667 0.166667 0.166667 0 0 0.166667 0 0 0 0 0 0 0 0.2 0 0.2 0.2 0 0.2 0 0 0.2 0 0 0 0 0 0 0 0.5 0 0.25 0 0 0 0 0.25 0 0 0 0 0 0 0 0 0.666667 0 0 0 0 0 0.333333 0 0 0 0 0 
GTACCTGA 0 0.166667 0 0 0 0 0.166667 0.166667 0.166667 0 0 0 0.166667 0.166667 0 0 0 0 0 0.2 0.2 0 0.2 0 0 0.2 0 0 0 0.2 0 0 0 0 0.25 0 0.25 0 0 0 0 0.25 0 0 0 0 0 0.25 0.333333 0 0 0 0 0 0 0 0 0 0 0.333333 0 0 0.333333 0 
GTCCCTGA 0 0 0 0 0 0.166667 0.166667 0.166667 0 0.166667 0 0 0.166667 0.166667 0 0 0 0 0 0 0.2 0 0.2 0.2 0 0.2 0 0 0 0.2 0 0 0 0 0 0 0.25 0 0.25 0 0 0.25 0 0 0 0 0 0.25 0 0 0 0 0.333333 0 0 0 0 0 0 0.333333 0 0 0.333333 0 
TCAGGGGA 0 0 0.166667 0 0 0 0.166667 0 0.166667 0 0.333333 0 0.166667 0 0 0 0 0 0.2 0 0 0 0.2 0 0.2 0 0.2 0 0 0 0.2 0 0 0 0.25 0 0 0 0.25 0 0.25 0 0 0 0 0 0.25 0 0.333333 0 0 0 0 0 0.333333 0 0 0 0 0 0 0 0.333333 0 
AATAGGGG 0.166667 0 0.166667 0.166667 0 0 0 0 0 0 0.333333 0 0 0 0.166667 0 0.2 0 0.4 0 0 0 0 0 0 0 0.2 0 0 0 0.2 0 0 0 0.75 0 0 0 0 0 0 0 0 0 0 0 0.25 0 0 0 0.666667 0 0 0 0 0 0 0 0 0 0 0 0.333333 0 
ACCCCTAT 0 0.166667 0 0 0.166667 0.333333 0 0.166667 0 0 0 0 0 0 0 0.166667 0 0.2 0 0 0.2 0.2 0 0.4 0 0 0 0 0 0 0 0 0 0.25 0 0 0.25 0 0 0.5 0 0 0 0 0 0 0 0 0 0 0 0.333333 0.333333 0 0 0.333333 0 0 0 0 0 0 0 0 
ATAGGGGC 0.166667 0 0.166667 0 0 0 0 0 0 0.166667 0.333333 0 0 0 0.166667 0 0 0 0.4 0 0 0 0 0 0 0.2 0.2 0 0 0 0.2 0 0 0 0.5 0 0 0 0 0 0 0.25 0 0 0 0 0.25 0 0 0.333333 0.333333 0 0 0 0 0 0 0 0 0 0 0 0.333333 0 
ATAGGGGG 0.166667 0 0.166667 0 0 0 0 0 0 0 0.5 0 0 0 0.166667 0 0 0 0.4 0 0 0 0 0 0 0 0.4 0 0 0 0.2 0 0 0 0.5 0 0 0 0 0 0 0 0.25 0 0 0 0.25 0 0 0 0.666667 0 0 0 0 0 0 0 0 0 0 0 0.333333 0 
CCCCTATA 0.166667 0 0 0 0.166667 0.333333 0 0.166667 0 0 0 0 0 0 0 0.166667 0 0 0 0 0.2 0.2 0 0.4 0 0 0 0 0.2 0 0 0 0 0 0 0 0.5 0 0 0.5 0 0 0 0 0 0 0 0 0 0 0 0 0.666667 0 0 0.333333 0 0 0 0 0 0 0 0 
AAAAGGGG 0.333333 0 0.333333 0 0 0 0 0 0 0 0.333333 0 0 0 0 0 0.2 0 0.6 0 0 0 0 0 0 0 0.2 0 0 0 0 0 0 0 1 0 0 0 0 0 0 0 0 0 0 0 0 0 0 0 1 0 0 0 0 0 0 0 0 0 0 0 0 0 
AAAGGGGG 0.166667 0 0.333333 0 0 0 0 0 0 0 0.5 0 0 0 0 0 0 0 0.6 0 0 0 0 0 0 0 0.4 0 0 0 0 0 0 0 0.75 0 0 0 0 0 0 0 0.25 0 0 0 0 0 0 0 1 0 0 0 0 0 0 0 0 0 0 0 0 0 
AATAGGGG 0.166667 0 0.166667 0.166667 0 0 0 0 0 0 0.333333 0 0 0 0.166667 0 0.2 0 0.4 0 0 0 0 0 0 0 0.2 0 0 0 0.2 0 0 0 0.75 0 0 0 0 0 0 0 0 0 0 0 0.25 0 0 0 0.666667 0 0 0 0 0 0 0 0 0 0 0 0.333333 0 
ACCCCTAT 0 0.166667 0 0 0.166667 0.333333 0 0.166667 0 0 0 0 0 0 0 0.166667 0 0.2 0 0 0.2 0.2 0 0.4 0 0 0 0 0 0 0 0 0 0.25 0 0 0.25 0 0 0.5 0 0 0 0 0 0 0 0 0 0 0 0.333333 0.333333 0 0 0.333333 0 0 0 0 0 0 0 0 
ATAGGGGC 0.166667 0 0.166667 0 0 0 0 0 0 0.166667 0.333333 0 0 0 0.166667 0 0 0 0.4 0 0 0 0 0 0 0.2 0.2 0 0 0 0.2 0 0 0 0.5 0 0 0 0 0 0 0.25 0 0 0 0 0.25 0 0 0.333333 0.333333 0 0 0 0 0 0 0 0 0 0 0 0.333333 0 
ATAGGGGG 0.166667 0 0.166667 0 0 0 0 0 0 0 0.5 0 0 0 0.166667 0 0 0 0.4 0 0 0 0 0 0 0 0.4 0 0 0 0.2 0 0 0 0.5 0 0 0 0 0 0 0 0.25 0 0 0 0.25 0 0 0 0.666667 0 0 0 0 0 0 0 0 0 0 0 0.333333 0 
CCCCTATA 0.166667 0 0 0 0.166667 0.333333 0 0.166667 0 0 0 0 0 0 0 0.166667 0 0 0 0 0.2 0.2 0 0.4 0 0 0 0 0.2 0 0 0 0 0 0 0 0.5 0 0 0.5 0 0 0 0 0 0 0 0 0 0 0 0 0.666667 0 0 0.333333 0 0 0 0 0 0 0 0 
CCCCTATC 0 0.166667 0 0 0.166667 0.333333 0 0.166667 0 0 0 0 0 0 0 0.166667 0 0 0 0 0.2 0.2 0 0.4 0 0 0 0 0 0.2 0 0 0 0 0 0 0.25 0.25 0 0.5 0 0 0 0 0 0 0 0 0 0 0 0 0.333333 0.333333 0 0.333333 0 0 0 0 0 0 0 0 
CCCCTTTA 0 0 0 0 0 0.333333 0 0.333333 0 0 0 0 0.166667 0 0 0.166667 0 0 0 0 0 0.2 0 0.6 0 0 0 0 0.2 0 0 0 0 0 0 0 0.25 0 0 0.75 0 0 0 0 0 0 0 0 0 0 0 0 0.333333 0 0 0.666667 0 0 0 0 0 0 0 0 
ACCCCACC 0 0.333333 0 0 0.166667 0.5 0 0 0 0 0 0 0 0 0 0 0 0.2 0 0 0.2 0.6 0 0 0 0 0 0 0 0 0 0 0 0.25 0 0 0.25 0.5 0 0 0 0 0 0 0 0 0 0 0.333333 0 0 0 0 0.666667 0 0 0 0 0 0 0 0 0 0 
ACCCCACT 0 0.166667 0 0.166667 0.166667 0.5 0 0 0 0 0 0 0 0 0 0 0 0.2 0 0 0.2 0.4 0 0.2 0 0 0 0 0 0 0 0 0 0.25 0 0 0.25 0.25 0 0.25 0 0 0 0 0 0 0 0 0.333333 0 0 0 0 0.333333 0 0.333333 0 0 0 0 0 0 0 0 
ACCCCGCA 0 0.166667 0 0 0 0.5 0.166667 0 0.166667 0 0 0 0 0 0 0 0 0.2 0 0 0.2 0.4 0.2 0 0 0 0 0 0 0 0 0 0 0.25 0 0 0.25 0.25 0.25 0 0 0 0 0 0 0 0 0 0 0 0.333333 0 0.333333 0.333333 0 0 0 0 0 0 0 0 0 0 
AGGTGGGG 0 0 0.166667 0 0 0 0 0 0 0 0.5 0.166667 0 0 0.166667 0 0 0 0 0.2 0 0 0 0 0 0 0.6 0 0 0 0.2 0 0 0 0.25 0 0 0 0 0 0 0 0.5 0 0 0 0.25 0 0 0 0.333333 0 0 0 0 0 0 0 0.666667 0 0 0 0 0 
AGTGGGGG 0 0 0 0.166667 0 0 0 0 0 0 0.666667 0 0 0 0.166667 0 0 0 0.2 0 0 0 0 0 0 0 0.6 0 0 0 0.2 0 0 0 0.25 0 0 0 0 0 0 0 0.5 0 0 0 0.25 0 0 0 0.333333 0 0 0 0 0 0 0 0.333333 0 0 0 0.333333 0 
CCCCACTA 0 0 0 0.166667 0.333333 0.5 0 0 0 0 0 0 0 0 0 0 0.2 0 0 0 0.2 0.4 0 0.2 0 0 0 0 0 0 0 0 0 0 0 0 0.5 0.25 0 0.25 0 0 0 0 0 0 0 0 0 0 0 0 0.333333 0.333333 0 0.333333 0 0 0 0 0 0 0 0 
CCCCCACC 0 0.166667 0 0 0.166667 0.666667 0 0 0 0 0 0 0 0 0 0 0 0 0 0 0.2 0.8 0 0 0 0 0 0 0 0 0 0 0 0 0 0 0.25 0.75 0 0 0 0 0 0 0 0 0 0 0 0 0 0 0.333333 0.666667 0 0 0 0 0 0 0 0 0 0 
GAGGGGTA 0 0 0.166667 0 0 0 0 0 0.166667 0 0.5 0.166667 0 0 0 0 0 0 0.2 0 0 0 0 0 0.2 0 0.4 0.2 0 0 0 0 0 0 0.25 0 0 0 0 0 0.25 0 0.25 0.25 0 0 0 0 0 0 0 0.333333 0 0 0 0 0.333333 0 0.333333 0 0 0 0 0 
GCGGGGTA 0 0 0 0 0 0 0.166667 0 0.166667 0 0.5 0.166667 0 0 0 0 0 0 0 0 0 0 0.2 0 0.2 0 0.4 0.2 0 0 0 0 0 0 0 0 0 0 0.25 0 0.25 0 0.25 0.25 0 0 0 0 0 0 0 0 0 0 0 0.333333 0.333333 0 0.333333 0 0 0 0 0 
AACCCCGC 0 0.333333 0 0 0 0.5 0.166667 0 0 0 0 0 0 0 0 0 0 0.4 0 0 0 0.4 0.2 0 0 0 0 0 0 0 0 0 0 0.5 0 0 0 0.25 0.25 0 0 0 0 0 0 0 0 0 0 0.333333 0.333333 0 0 0.333333 0 0 0 0 0 0 0 0 0 0 
AAGAGGGG 0.166667 0 0.333333 0 0 0 0 0 0 0 0.5 0 0 0 0 0 0.2 0 0.4 0 0 0 0 0 0 0 0.4 0 0 0 0 0 0 0 0.75 0 0 0 0 0 0 0 0.25 0 0 0 0 0 0 0 0.666667 0 0 0 0 0 0 0 0.333333 0 0 0 0 0 
AAGCGGGG 0 0.166667 0.166667 0 0 0 0.166667 0 0 0 0.5 0 0 0 0 0 0 0.2 0.2 0 0 0 0.2 0 0 0 0.4 0 0 0 0 0 0 0 0.5 0 0 0 0.25 0 0 0 0.25 0 0 0 0 0 0 0 0.666667 0 0 0 0 0 0 0 0.333333 0 0 0 0 0 
AAGTGGGG 0 0 0.166667 0.166667 0 0 0 0 0 0 0.5 0 0 0 0.166667 0 0 0 0.2 0.2 0 0 0 0 0 0 0.4 0 0 0 0.2 0 0 0 0.5 0 0 0 0 0 0 0 0.25 0 0 0 0.25 0 0 0 0.666667 0 0 0 0 0 0 0 0.333333 0 0 0 0 0 
ACCCCACA 0.166667 0.166667 0 0 0.166667 0.5 0 0 0 0 0 0 0 0 0 0 0 0.2 0 0 0.4 0.4 0 0 0 0 0 0 0 0 0 0 0 0.25 0 0 0.5 0.25 0 0 0 0 0 0 0 0 0 0 0.333333 0 0 0 0.333333 0.333333 0 0 0 0 0 0 0 0 0 0 
ACCCCACC 0 0.333333 0 0 0.166667 0.5 0 0 0 0 0 0 0 0 0 0 0 0.2 0 0 0.2 0.6 0 0 0 0 0 0 0 0 0 0 0 0.25 0 0 0.25 0.5 0 0 0 0 0 0 0 0 0 0 0.333333 0 0 0 0 0.666667 0 0 0 0 0 0 0 0 0 0 
ACCCCACT 0 0.166667 0 0.166667 0.166667 0.5 0 0 0 0 0 0 0 0 0 0 0 0.2 0 0 0.2 0.4 0 0.2 0 0 0 0 0 0 0 0 0 0.25 0 0 0.25 0.25 0 0.25 0 0 0 0 0 0 0 0 0.333333 0 0 0 0 0.333333 0 0.333333 0 0 0 0 0 0 0 0 
ACCCCGCA 0 0.166667 0 0 0 0.5 0.166667 0 0.166667 0 0 0 0 0 0 0 0 0.2 0 0 0.2 0.4 0.2 0 0 0 0 0 0 0 0 0 0 0.25 0 0 0.25 0.25 0.25 0 0 0 0 0 0 0 0 0 0 0 0.333333 0 0.333333 0.333333 0 0 0 0 0 0 0 0 0 0 
ACCCCGCC 0 0.166667 0 0 0 0.5 0.166667 0 0 0.166667 0 0 0 0 0 0 0 0.2 0 0 0 0.6 0.2 0 0 0 0 0 0 0 0 0 0 0.25 0 0 0 0.5 0.25 0 0 0 0 0 0 0 0 0 0 0 0.333333 0 0 0.666667 0 0 0 0 0 0 0 0 0 0 
ACCCCGCT 0 0.166667 0 0 0 0.5 0.166667 0 0 0 0 0.166667 0 0 0 0 0 0.2 0 0 0 0.4 0.2 0.2 0 0 0 0 0 0 0 0 0 0.25 0 0 0 0.25 0.25 0.25 0 0 0 0 0 0 0 0 0 0 0.333333 0 0 0.333333 0 0.333333 0 0 0 0 0 0 0 0 
ACCCCTCA 0 0.166667 0 0 0 0.5 0 0.166667 0 0 0 0 0.166667 0 0 0 0 0.2 0 0 0.2 0.4 0 0.2 0 0 0 0 0 0 0 0 0 0.25 0 0 0.25 0.25 0 0.25 0 0 0 0 0 0 0 0 0 0 0 0.333333 0.333333 0.333333 0 0 0 0 0 0 0 0 0 0 
AGAGGGGG 0.166667 0 0.166667 0 0 0 0 0 0 0 0.666667 0 0 0 0 0 0 0 0.4 0 0 0 0 0 0 0 0.6 0 0 0 0 0 0 0 0.5 0 0 0 0 0 0 0 0.5 0 0 0 0 0 0 0 0.666667 0 0 0 0 0 0 0 0.333333 0 0 0 0 0 
AGCGGGGA 0 0.166667 0 0 0 0 0.166667 0 0.166667 0 0.5 0 0 0 0 0 0 0 0.2 0 0 0 0.2 0 0.2 0 0.4 0 0 0 0 0 0 0 0.25 0 0 0 0.25 0 0.25 0 0.25 0 0 0 0 0 0 0 0.333333 0 0.333333 0 0 0 0 0 0.333333 0 0 0 0 0 
AGGTGGGG 0 0 0.166667 0 0 0 0 0 0 0 0.5 0.166667 0 0 0.166667 0 0 0 0 0.2 0 0 0 0 0 0 0.6 0 0 0 0.2 0 0 0 0.25 0 0 0 0 0 0 0 0.5 0 0 0 0.25 0 0 0 0.333333 0 0 0 0 0 0 0 0.666667 0 0 0 0 0 
ATGAGGGG 0 0 0.333333 0 0 0 0 0 0 0 0.5 0 0.166667 0 0 0 0.2 0 0.2 0 0 0 0 0 0 0 0.4 0 0 0 0.2 0 0 0 0.5 0 0 0 0 0 0 0 0.25 0 0 0 0.25 0 0 0 0.333333 0 0 0 0 0 0 0 0.333333 0 0 0 0.333333 0 
ATGCGGGG 0 0 0.166667 0 0 0 0.166667 0 0 0 0.5 0 0 0.166667 0 0 0 0.2 0 0 0 0 0.2 0 0 0 0.4 0 0 0 0.2 0 0 0 0.25 0 0 0 0.25 0 0 0 0.25 0 0 0 0.25 0 0 0 0.333333 0 0 0 0 0 0 0 0.333333 0 0 0 0.333333 0 
CACCCCGC 0 0.166667 0 0 0 0.666667 0.166667 0 0 0 0 0 0 0 0 0 0 0.2 0 0 0 0.6 0.2 0 0 0 0 0 0 0 0 0 0 0.25 0 0 0 0.5 0.25 0 0 0 0 0 0 0 0 0 0 0 0.333333 0 0 0.666667 0 0 0 0 0 0 0 0 0 0 
CCCCACAC 0.166667 0 0 0 0.166667 0.666667 0 0 0 0 0 0 0 0 0 0 0 0.2 0 0 0.4 0.4 0 0 0 0 0 0 0 0 0 0 0 0 0 0 0.5 0.5 0 0 0 0 0 0 0 0 0 0 0 0 0 0 0.333333 0.666667 0 0 0 0 0 0 0 0 0 0 
CCCCACCC 0 0.166667 0 0 0.166667 0.666667 0 0 0 0 0 0 0 0 0 0 0 0.2 0 0 0.2 0.6 0 0 0 0 0 0 0 0 0 0 0 0 0 0 0.25 0.75 0 0 0 0 0 0 0 0 0 0 0 0 0 0 0 1 0 0 0 0 0 0 0 0 0 0 
CCCCACTC 0 0 0 0.166667 0.166667 0.666667 0 0 0 0 0 0 0 0 0 0 0 0.2 0 0 0.2 0.4 0 0.2 0 0 0 0 0 0 0 0 0 0 0 0 0.25 0.5 0 0.25 0 0 0 0 0 0 0 0 0 0 0 0 0 0.666667 0 0.333333 0 0 0 0 0 0 0 0 
CCCCCGCA 0 0 0 0 0 0.666667 0.166667 0 0.166667 0 0 0 0 0 0 0 0 0 0 0 0.2 0.6 0.2 0 0 0 0 0 0 0 0 0 0 0 0 0 0.25 0.5 0.25 0 0 0 0 0 0 0 0 0 0 0 0 0 0.333333 0.333333 0.333333 0 0 0 0 0 0 0 0 0 
CCCCCTCA 0 0 0 0 0 0.666667 0 0.166667 0 0 0 0 0.166667 0 0 0 0 0 0 0 0.2 0.6 0 0.2 0 0 0 0 0 0 0 0 0 0 0 0 0.25 0.5 0 0.25 0 0 0 0 0 0 0 0 0 0 0 0 0.333333 0.333333 0 0.333333 0 0 0 0 0 0 0 0 
CCCCGCAA 0 0 0 0 0.166667 0.5 0.166667 0 0.166667 0 0 0 0 0 0 0 0 0 0 0 0.2 0.4 0.2 0 0.2 0 0 0 0 0 0 0 0 0 0 0 0.5 0.25 0.25 0 0 0 0 0 0 0 0 0 0 0 0 0 0.666667 0.333333 0 0 0 0 0 0 0 0 0 0 
CCCCGCAC 0 0 0 0 0 0.666667 0.166667 0 0.166667 0 0 0 0 0 0 0 0 0 0 0 0.2 0.4 0.2 0 0 0.2 0 0 0 0 0 0 0 0 0 0 0.25 0.5 0.25 0 0 0 0 0 0 0 0 0 0 0 0 0 0.333333 0.666667 0 0 0 0 0 0 0 0 0 0 
CCCCGCAG 0 0 0 0 0 0.5 0.333333 0 0.166667 0 0 0 0 0 0 0 0 0 0 0 0.2 0.4 0.2 0 0 0 0.2 0 0 0 0 0 0 0 0 0 0.25 0.25 0.5 0 0 0 0 0 0 0 0 0 0 0 0 0 0.333333 0.333333 0.333333 0 0 0 0 0 0 0 0 0 
CCCCGCCC 0 0 0 0 0 0.666667 0.166667 0 0 0.166667 0 0 0 0 0 0 0 0 0 0 0 0.6 0.2 0 0 0.2 0 0 0 0 0 0 0 0 0 0 0 0.75 0.25 0 0 0 0 0 0 0 0 0 0 0 0 0 0 1 0 0 0 0 0 0 0 0 0 0 
CCCCGCTC 0 0 0 0 0 0.666667 0.166667 0 0 0 0 0.166667 0 0 0 0 0 0 0 0 0 0.4 0.2 0.2 0 0.2 0 0 0 0 0 0 0 0 0 0 0 0.5 0.25 0.25 0 0 0 0 0 0 0 0 0 0 0 0 0 0.666667 0 0.333333 0 0 0 0 0 0 0 0 
CCCCTCAC 0 0 0 0 0 0.666667 0 0.166667 0 0 0 0 0.166667 0 0 0 0 0 0 0 0.2 0.4 0 0.2 0 0 0 0 0 0.2 0 0 0 0 0 0 0.25 0.5 0 0.25 0 0 0 0 0 0 0 0 0 0 0 0 0.333333 0.666667 0 0 0 0 0 0 0 0 0 0 
CCCCTCTC 0 0 0 0 0 0.666667 0 0.166667 0 0 0 0 0 0 0 0.166667 0 0 0 0 0 0.4 0 0.4 0 0 0 0 0 0.2 0 0 0 0 0 0 0 0.5 0 0.5 0 0 0 0 0 0 0 0 0 0 0 0 0 0.666667 0 0.333333 0 0 0 0 0 0 0 0 
GCCCCGCA 0 0 0 0 0 0.5 0.166667 0 0.166667 0.166667 0 0 0 0 0 0 0 0 0 0 0.2 0.4 0.2 0 0 0.2 0 0 0 0 0 0 0 0 0 0 0.25 0.25 0.25 0 0 0.25 0 0 0 0 0 0 0 0 0 0 0.333333 0.333333 0 0 0 0 0.333333 0 0 0 0 0 
GCGGGGAA 0 0 0 0 0 0 0.166667 0 0.333333 0 0.5 0 0 0 0 0 0 0 0 0 0 0 0.2 0 0.4 0 0.4 0 0 0 0 0 0 0 0 0 0 0 0.25 0 0.5 0 0.25 0 0 0 0 0 0 0 0 0 0.333333 0 0 0 0.333333 0 0.333333 0 0 0 0 0 
GCGGGGTA 0 0 0 0 0 0 0.166667 0 0.166667 0 0.5 0.166667 0 0 0 0 0 0 0 0 0 0 0.2 0 0.2 0 0.4 0.2 0 0 0 0 0 0 0 0 0 0 0.25 0 0.25 0 0.25 0.25 0 0 0 0 0 0 0 0 0 0 0 0.333333 0.333333 0 0.333333 0 0 0 0 0 
GTGGGGAA 0 0 0 0 0 0 0 0 0.333333 0 0.5 0 0 0 0.166667 0 0 0 0 0 0 0 0 0 0.4 0 0.4 0 0 0 0.2 0 0 0 0 0 0 0 0 0 0.5 0 0.25 0 0 0 0.25 0 0 0 0 0 0 0 0 0 0.333333 0 0.333333 0 0.333333 0 0 0 
GTGGGGTA 0 0 0 0 0 0 0 0 0.166667 0 0.5 0.166667 0 0 0.166667 0 0 0 0 0 0 0 0 0 0.2 0 0.4 0.2 0 0 0.2 0 0 0 0 0 0 0 0 0 0.25 0 0.25 0.25 0 0 0.25 0 0 0 0 0 0 0 0 0 0.333333 0 0.333333 0 0 0 0 0.333333 
TCCCCACA 0.166667 0 0 0 0.166667 0.5 0 0 0 0 0 0 0 0.166667 0 0 0 0 0 0 0.4 0.4 0 0 0 0 0 0 0 0.2 0 0 0 0 0 0 0.5 0.25 0 0 0 0 0 0 0 0.25 0 0 0 0 0 0 0.333333 0.333333 0 0 0 0 0 0 0.333333 0 0 0 
TCCCCGCA 0 0 0 0 0 0.5 0.166667 0 0.166667 0 0 0 0 0.166667 0 0 0 0 0 0 0.2 0.4 0.2 0 0 0 0 0 0 0.2 0 0 0 0 0 0 0.25 0.25 0.25 0 0 0 0 0 0 0.25 0 0 0 0 0 0 0.333333 0.333333 0 0 0 0 0 0 0 0 0.333333 0 
AGATTTAC 0.166667 0 0 0.166667 0 0 0 0 0 0 0 0.166667 0.166667 0.166667 0 0.166667 0 0 0 0.4 0 0 0 0 0 0 0 0.2 0.2 0.2 0 0 0.25 0 0 0.25 0 0 0 0 0 0 0 0.25 0 0.25 0 0 0 0.333333 0 0.333333 0 0 0 0 0.333333 0 0 0 0 0 0 0 
AGTAAATC 0.166667 0.166667 0 0.333333 0 0 0 0 0.166667 0 0 0 0.166667 0 0 0 0.2 0.2 0 0.2 0 0 0 0 0.2 0 0 0 0.2 0 0 0 0.25 0.25 0 0 0 0 0 0 0.25 0 0 0 0 0 0 0.25 0.333333 0 0 0 0 0 0 0 0 0 0 0.333333 0 0.333333 0 0 
CGATTTAC 0 0 0 0.166667 0.166667 0 0 0 0 0 0 0.166667 0.166667 0.166667 0 0.166667 0 0 0 0.2 0 0 0 0.2 0 0 0 0.2 0.2 0.2 0 0 0.25 0 0 0 0 0 0 0.25 0 0 0 0.25 0 0.25 0 0 0 0.333333 0 0 0 0 0 0.333333 0.333333 0 0 0 0 0 0 0 
CGCAGATC 0.166667 0.166667 0 0 0 0.166667 0.166667 0 0.166667 0 0 0.166667 0 0 0 0 0 0 0 0.2 0.4 0 0 0 0 0.2 0.2 0 0 0 0 0 0 0.25 0 0 0 0 0.25 0.25 0.25 0 0 0 0 0 0 0 0 0 0 0 0.333333 0.333333 0 0 0 0 0 0.333333 0 0 0 0 
CGTAAATC 0.166667 0.166667 0 0.166667 0 0 0 0.166667 0.166667 0 0 0 0.166667 0 0 0 0 0.2 0 0.2 0.2 0 0 0 0.2 0 0 0 0.2 0 0 0 0 0.25 0 0 0.25 0 0 0 0.25 0 0 0 0 0 0 0.25 0 0 0 0 0.333333 0 0 0 0 0 0 0.333333 0 0.333333 0 0 
CGTAGATC 0.166667 0.166667 0 0 0 0 0 0.166667 0.166667 0 0 0.166667 0 0 0.166667 0 0 0 0 0.2 0.2 0 0 0 0 0.2 0.2 0 0.2 0 0 0 0 0.25 0 0 0 0 0.25 0 0.25 0 0 0 0 0 0 0.25 0 0 0 0 0.333333 0 0 0 0 0 0 0.333333 0 0.333333 0 0 
CGTCGATC 0 0.166667 0 0 0.166667 0 0 0.166667 0 0.166667 0 0.166667 0 0 0.166667 0 0 0 0 0 0 0.2 0 0.2 0 0.2 0.2 0 0.2 0 0 0 0 0 0 0 0 0.25 0.25 0 0.25 0 0 0 0 0 0 0.25 0 0 0 0 0.333333 0 0 0 0 0 0 0.333333 0 0.333333 0 0 
GATCGGCA 0 0.166667 0 0 0 0 0.166667 0 0.166667 0.166667 0 0.166667 0 0 0.166667 0 0 0 0.2 0 0 0.2 0 0 0.2 0.2 0 0 0 0 0.2 0 0 0 0.25 0 0.25 0 0 0 0 0 0.25 0 0 0.25 0 0 0 0.333333 0 0 0 0 0 0 0 0 0.333333 0 0.333333 0 0 0 
GATCTACA 0.166667 0.166667 0 0 0.166667 0 0 0 0 0 0 0.166667 0 0.166667 0 0.166667 0 0 0 0.2 0 0.2 0 0 0 0.2 0 0 0.4 0 0 0 0.25 0 0 0 0.25 0 0 0 0 0 0 0.25 0 0.25 0 0 0 0.333333 0 0 0 0 0 0 0.333333 0 0 0 0.333333 0 0 0 
GATCTGCA 0 0.166667 0 0 0 0 0.166667 0 0.166667 0 0 0.166667 0 0.166667 0 0.166667 0 0 0 0.2 0 0.2 0 0 0 0.2 0 0 0.2 0 0.2 0 0 0 0.25 0 0.25 0 0 0 0 0 0 0.25 0 0.25 0 0 0 0.333333 0 0 0 0 0 0 0 0 0.333333 0 0.333333 0 0 0 
GATTTACA 0.166667 0 0 0.166667 0 0 0 0 0 0 0 0.166667 0.166667 0.166667 0 0.166667 0 0 0 0.2 0 0 0 0 0 0 0 0.2 0.4 0.2 0 0 0.25 0 0 0 0 0 0 0 0 0 0 0.25 0.25 0.25 0 0 0 0.333333 0 0 0 0 0 0 0.333333 0 0 0 0.333333 0 0 0 
GATTTACC 0 0.166667 0 0.166667 0 0 0 0 0 0 0 0.166667 0.166667 0.166667 0 0.166667 0 0 0 0.2 0 0 0 0 0 0 0 0.2 0.2 0.4 0 0 0.25 0 0 0 0 0 0 0 0 0 0 0.25 0 0.5 0 0 0 0.333333 0 0 0 0 0 0 0.333333 0 0 0 0 0.333333 0 0 
GATTTGCA 0 0 0 0.166667 0 0 0 0 0.166667 0 0 0.166667 0 0.166667 0.166667 0.166667 0 0 0 0.2 0 0 0 0 0 0 0 0.2 0.2 0.2 0.2 0 0 0 0.25 0 0 0 0 0 0 0 0 0.25 0.25 0.25 0 0 0 0.333333 0 0 0 0 0 0 0 0 0.333333 0 0.333333 0 0 0 
GCAGATCA 0.166667 0.166667 0 0 0 0 0.166667 0 0.166667 0 0 0.166667 0.166667 0 0 0 0.2 0 0 0.2 0.2 0 0 0 0 0.2 0.2 0 0 0 0 0 0 0.25 0 0 0 0 0 0.25 0.5 0 0 0 0 0 0 0 0.333333 0 0 0 0 0.333333 0 0 0 0 0 0.333333 0 0 0 0 
GGATCTAC 0 0.166667 0 0 0.166667 0 0 0 0.166667 0 0 0.166667 0 0.166667 0 0.166667 0 0 0 0.2 0 0.2 0 0 0 0.2 0 0.2 0.2 0 0 0 0.25 0 0 0 0 0 0 0 0 0.25 0 0.25 0 0.25 0 0 0 0.333333 0 0 0 0 0 0 0.333333 0 0 0.333333 0 0 0 0 
GGATTTAC 0 0 0 0.166667 0 0 0 0 0.166667 0 0 0.166667 0.166667 0.166667 0 0.166667 0 0 0 0.2 0 0 0 0 0 0 0 0.4 0.2 0.2 0 0 0.25 0 0 0 0 0 0 0 0 0 0 0.5 0 0.25 0 0 0 0.333333 0 0 0 0 0 0 0.333333 0 0 0.333333 0 0 0 0 
GTAAATCA 0.166667 0.166667 0 0.166667 0 0 0 0 0.166667 0 0 0 0.333333 0 0 0 0.2 0.2 0 0.2 0 0 0 0 0.2 0 0 0 0.2 0 0 0 0.25 0.25 0 0 0 0 0 0 0.25 0 0 0 0 0 0 0.25 0.333333 0 0 0 0 0 0 0 0 0 0 0.333333 0 0.333333 0 0 
GTAGATCA 0.166667 0.166667 0 0 0 0 0 0 0.166667 0 0 0.166667 0.166667 0 0.166667 0 0.2 0 0 0.2 0 0 0 0 0 0.2 0.2 0 0.2 0 0 0 0 0.25 0 0 0 0 0 0 0.5 0 0 0 0 0 0 0.25 0.333333 0 0 0 0 0 0 0 0 0 0 0.333333 0 0.333333 0 0 
AGATCTAC 0.166667 0.166667 0 0 0.166667 0 0 0 0 0 0 0.166667 0 0.166667 0 0.166667 0 0 0 0.4 0 0.2 0 0 0 0.2 0 0 0.2 0 0 0 0.25 0.25 0 0 0 0 0 0 0 0 0 0.25 0 0.25 0 0 0 0.333333 0 0.333333 0 0 0 0 0.333333 0 0 0 0 0 0 0 
AGATTTAC 0.166667 0 0 0.166667 0 0 0 0 0 0 0 0.166667 0.166667 0.166667 0 0.166667 0 0 0 0.4 0 0 0 0 0 0 0 0.2 0.2 0.2 0 0 0.25 0 0 0.25 0 0 0 0 0 0 0 0.25 0 0.25 0 0 0 0.333333 0 0.333333 0 0 0 0 0.333333 0 0 0 0 0 0 0 
AGTAAATC 0.166667 0.166667 0 0.333333 0 0 0 0 0.166667 0 0 0 0.166667 0 0 0 0.2 0.2 0 0.2 0 0 0 0 0.2 0 0 0 0.2 0 0 0 0.25 0.25 0 0 0 0 0 0 0.25 0 0 0 0 0 0 0.25 0.333333 0 0 0 0 0 0 0 0 0 0 0.333333 0 0.333333 0 0 
CGATCTAC 0 0.166667 0 0 0.333333 0 0 0 0 0 0 0.166667 0 0.166667 0 0.166667 0 0 0 0.2 0 0.2 0 0.2 0 0.2 0 0 0.2 0 0 0 0.25 0 0 0 0 0.25 0 0 0 0 0 0.25 0 0.25 0 0 0 0.333333 0 0 0 0 0 0.333333 0.333333 0 0 0 0 0 0 0 
CGATTTAC 0 0 0 0.166667 0.166667 0 0 0 0 0 0 0.166667 0.166667 0.166667 0 0.166667 0 0 0 0.2 0 0 0 0.2 0 0 0 0.2 0.2 0.2 0 0 0.25 0 0 0 0 0 0 0.25 0 0 0 0.25 0 0.25 0 0 0 0.333333 0 0 0 0 0 0.333333 0.333333 0 0 0 0 0 0 0 
CGCAGATC 0.166667 0.166667 0 0 0 0.166667 0.166667 0 0.166667 0 0 0.166667 0 0 0 0 0 0 0 0.2 0.4 0 0 0 0 0.2 0.2 0 0 0 0 0 0 0.25 0 0 0 0 0.25 0.25 0.25 0 0 0 0 0 0 0 0 0 0 0 0.333333 0.333333 0 0 0 0 0 0.333333 0 0 0 0 
CGCCGATC 0 0.166667 0 0 0.166667 0.166667 0.166667 0 0 0.166667 0 0.166667 0 0 0 0 0 0 0 0 0.2 0.2 0 0.2 0 0.2 0.2 0 0 0 0 0 0 0 0 0 0 0.25 0.25 0.25 0.25 0 0 0 0 0 0 0 0 0 0 0 0.333333 0.333333 0 0 0 0 0 0.333333 0 0 0 0 
CGTAAATC 0.166667 0.166667 0 0.166667 0 0 0 0.166667 0.166667 0 0 0 0.166667 0 0 0 0 0.2 0 0.2 0.2 0 0 0 0.2 0 0 0 0.2 0 0 0 0 0.25 0 0 0.25 0 0 0 0.25 0 0 0 0 0 0 0.25 0 0 0 0 0.333333 0 0 0 0 0 0 0.333333 0 0.333333 0 0 
CGTAGATC 0.166667 0.166667 0 0 0 0 0 0.166667 0.166667 0 0 0.166667 0 0 0.166667 0 0 0 0 0.2 0.2 0 0 0 0 0.2 0.2 0 0.2 0 0 0 0 0.25 0 0 0 0 0.25 0 0.25 0 0 0 0 0 0 0.25 0 0 0 0 0.333333 0 0 0 0 0 0 0.333333 0 0.333333 0 0 
CGTCGATC 0 0.166667 0 0 0.166667 0 0 0.166667 0 0.166667 0 0.166667 0 0 0.166667 0 0 0 0 0 0 0.2 0 0.2 0 0.2 0.2 0 0.2 0 0 0 0 0 0 0 0 0.25 0.25 0 0.25 0 0 0 0 0 0 0.25 0 0 0 0 0.333333 0 0 0 0 0 0 0.333333 0 0.333333 0 0 
GATCTACA 0.166667 0.166667 0 0 0.166667 0 0 0 0 0 0 0.166667 0 0.166667 0 0.166667 0 0 0 0.2 0 0.2 0 0 0 0.2 0 0 0.4 0 0 0 0.25 0 0 0 0.25 0 0 0 0 0 0 0.25 0 0.25 0 0 0 0.333333 0 0 0 0 0 0 0.333333 0 0 0 0.333333 0 0 0 
GATCTGCA 0 0.166667 0 0 0 0 0.166667 0 0.166667 0 0 0.166667 0 0.166667 0 0.166667 0 0 0 0.2 0 0.2 0 0 0 0.2 0 0 0.2 0 0.2 0 0 0 0.25 0 0.25 0 0 0 0 0 0 0.25 0 0.25 0 0 0 0.333333 0 0 0 0 0 0 0 0 0.333333 0 0.333333 0 0 0 
GATTTACA 0.166667 0 0 0.166667 0 0 0 0 0 0 0 0.166667 0.166667 0.166667 0 0.166667 0 0 0 0.2 0 0 0 0 0 0 0 0.2 0.4 0.2 0 0 0.25 0 0 0 0 0 0 0 0 0 0 0.25 0.25 0.25 0 0 0 0.333333 0 0 0 0 0 0 0.333333 0 0 0 0.333333 0 0 0 
GATTTACC 0 0.166667 0 0.166667 0 0 0 0 0 0 0 0.166667 0.166667 0.166667 0 0.166667 0 0 0 0.2 0 0 0 0 0 0 0 0.2 0.2 0.4 0 0 0.25 0 0 0 0 0 0 0 0 0 0 0.25 0 0.5 0 0 0 0.333333 0 0 0 0 0 0 0.333333 0 0 0 0 0.333333 0 0 
GCAGATCA 0.166667 0.166667 0 0 0 0 0.166667 0 0.166667 0 0 0.166667 0.166667 0 0 0 0.2 0 0 0.2 0.2 0 0 0 0 0.2 0.2 0 0 0 0 0 0 0.25 0 0 0 0 0 0.25 0.5 0 0 0 0 0 0 0 0.333333 0 0 0 0 0.333333 0 0 0 0 0 0.333333 0 0 0 0 
GCAGATCC 0.166667 0.166667 0 0 0 0 0.166667 0 0.166667 0 0 0.166667 0 0.166667 0 0 0 0.2 0 0.2 0.2 0 0 0 0 0.2 0.2 0 0 0 0 0 0 0.25 0 0 0 0 0 0.25 0.25 0.25 0 0 0 0 0 0 0 0.333333 0 0 0 0.333333 0 0 0 0 0 0.333333 0 0 0 0 
GGATCGAC 0 0.166667 0 0 0.166667 0 0 0 0.166667 0.166667 0 0.166667 0 0 0.166667 0 0 0 0.2 0 0 0.2 0 0 0 0.2 0 0.2 0.2 0 0 0 0.25 0 0 0 0 0 0 0 0 0.25 0.25 0 0 0.25 0 0 0 0.333333 0 0 0 0 0 0 0.333333 0 0.333333 0 0 0 0 0 
GGATCTAC 0 0.166667 0 0 0.166667 0 0 0 0.166667 0 0 0.166667 0 0.166667 0 0.166667 0 0 0 0.2 0 0.2 0 0 0 0.2 0 0.2 0.2 0 0 0 0.25 0 0 0 0 0 0 0 0 0.25 0 0.25 0 0.25 0 0 0 0.333333 0 0 0 0 0 0 0.333333 0 0 0.333333 0 0 0 0 
GGATTTAC 0 0 0 0.166667 0 0 0 0 0.166667 0 0 0.166667 0.166667 0.166667 0 0.166667 0 0 0 0.2 0 0 0 0 0 0 0 0.4 0.2 0.2 0 0 0.25 0 0 0 0 0 0 0 0 0 0 0.5 0 0.25 0 0 0 0.333333 0 0 0 0 0 0 0.333333 0 0 0.333333 0 0 0 0 
GTAAATCA 0.166667 0.166667 0 0.166667 0 0 0 0 0.166667 0 0 0 0.333333 0 0 0 0.2 0.2 0 0.2 0 0 0 0 0.2 0 0 0 0.2 0 0 0 0.25 0.25 0 0 0 0 0 0 0.25 0 0 0 0 0 0 0.25 0.333333 0 0 0 0 0 0 0 0 0 0 0.333333 0 0.333333 0 0 
GTAGATCA 0.166667 0.166667 0 0 0 0 0 0 0.166667 0 0 0.166667 0.166667 0 0.166667 0 0.2 0 0 0.2 0 0 0 0 0 0.2 0.2 0 0.2 0 0 0 0 0.25 0 0 0 0 0 0 0.5 0 0 0 0 0 0 0.25 0.333333 0 0 0 0 0 0 0 0 0 0 0.333333 0 0.333333 0 0 
CGTAAATC 0.166667 0.166667 0 0.166667 0 0 0 0.166667 0.166667 0 0 0 0.166667 0 0 0 0 0.2 0 0.2 0.2 0 0 0 0.2 0 0 0 0.2 0 0 0 0 0.25 0 0 0.25 0 0 0 0.25 0 0 0 0 0 0 0.25 0 0 0 0 0.333333 0 0 0 0 0 0 0.333333 0 0.333333 0 0 
GATTTACA 0.166667 0 0 0.166667 0 0 0 0 0 0 0 0.166667 0.166667 0.166667 0 0.166667 0 0 0 0.2 0 0 0 0 0 0 0 0.2 0.4 0.2 0 0 0.25 0 0 0 0 0 0 0 0 0 0 0.25 0.25 0.25 0 0 0 0.333333 0 0 0 0 0 0 0.333333 0 0 0 0.333333 0 0 0 
GGATTTAC 0 0 0 0.166667 0 0 0 0 0.166667 0 0 0.166667 0.166667 0.166667 0 0.166667 0 0 0 0.2 0 0 0 0 0 0 0 0.4 0.2 0.2 0 0 0.25 0 0 0 0 0 0 0 0 0 0 0.5 0 0.25 0 0 0 0.333333 0 0 0 0 0 0 0.333333 0 0 0.333333 0 0 0 0 
GTAAATCA 0.166667 0.166667 0 0.166667 0 0 0 0 0.166667 0 0 0 0.333333 0 0 0 0.2 0.2 0 0.2 0 0 0 0 0.2 0 0 0 0.2 0 0 0 0.25 0.25 0 0 0 0 0 0 0.25 0 0 0 0 0 0 0.25 0.333333 0 0 0 0 0 0 0 0 0 0 0.333333 0 0.333333 0 0 
