0.488005746
0.488805836
0.490782859
0.497034321
0.490104491
0.498552922
0.499033972
0.493550422
0.495047833
0.495927472
0.489390585
0.489514507
0.497209587
0.49178735
0.494126566
0.494339017
0.487791449
0.493921741
0.494565478
0.486819203
0.495852951
0.497230867
0.498129971
0.491902858
0.489993297
0.494757505
0.495741228
0.485356316
0.490000798
0.492398511
0.493599872
0.494052084
0.498419994
0.493173114
0.487706372
0.490764993
0.48523304
0.489138391
0.491681493
0.494399914
0.489535915
0.498482687
0.496125007
0.486902472
0.495387398
0.493404285
0.486828661
0.489985422
0.496559333
0.495304978
0.491617821
0.491270194
0.488505682
0.49717733
0.488459874
0.494111142
0.498662732
0.498410404
0.49069007
0.487065442
0.49389335
0.495123966
0.486233998
0.487860824
0.490446798
0.493457435
0.494866588
0.499006267
0.491950583
0.48750561
0.491104486
0.488271672
0.491558684
0.489233875
0.486188643
0.488070535
0.492548208
0.495428516
0.489352743
0.48587885
0.490543693
0.486219118
0.496783457
0.492314073
0.485467494
0.491439321
0.490361305
0.492053561
0.488510587
0.494604281
0.485318339
0.488342303
0.493088306
0.489002791
0.485778227
0.492219335
0.492733048
0.49444391
0.490199381
0.488562758
0.489355769
0.486804954
0.485795771
0.49363462
0.487468862
0.496162814
0.486167108
0.498819143
0.491081721
0.492982338
0.485911256
0.49027624
0.489305122
0.488060906
0.498034936
0.493271929
0.492421617
0.4930948
0.495212338
0.485038956
0.490150779
0.487749725
0.495883871
0.485922502
0.497947833
0.497134724
0.494618668
0.485481087
0.485374247
0.491218287
0.485670963
0.486988085
0.485247056
0.485377059
0.490308541
0.497672026
0.494517963
0.489858675
0.48920922
0.498311865
0.490921462
0.491373151
0.494458409
0.495012287
0.494141868
0.485058232
0.49420077
0.48579403
0.498659389
0.488012787
0.490639663
0.489066907
0.4891996
0.497715
0.492031996
0.491923418
0.490350981
0.492421436
0.488462725
0.487632266
0.495597952
0.485213142
0.485537737
0.49752156
0.495456383
0.493817981
0.487218365
0.495719058
0.49190012
0.48966941
0.497347784
0.487353716
0.492731375
0.493831003
0.490378484
0.485541701
0.487326032
0.489608114
0.498891918
0.491999341
0.486090323
0.4863576
0.490367394
0.488534426
0.485890568
0.495147038
0.485918703
0.497791808
0.487235083
0.488923377
0.488036047
0.493331221
0.499186914
0.492812724
0.495924111
0.492150861
0.486504545
0.490058109
0.494544989
0.499156666
0.490685829
0.490473685
0.495963799
0.491767899
0.489469272
0.495295609
0.490811373
0.488791231
0.489446764
0.489090147
0.486281439
0.490951421
0.487841889
0.498578576
0.492418181
0.487994384
0.493718201
0.487385404
0.49591449
0.49844305
0.491509511
0.491738221
0.49776519
0.497125601
0.492152384
0.488996629
0.488332587
0.487618625
0.491682134
0.49036205
0.499373293
0.489005001
0.490828446
0.495422468
0.48551374
0.493754253
0.488527816
0.494786333
0.488165411
0.485439068
0.488584288
0.491696001
0.486752901
0.491497459
0.48530255
0.486907492
0.485414974
0.485946213
0.494845071
0.494537141
0.491173019
0.492933106
0.492362339
0.48728351
0.494954565
0.488881454
0.491316922
0.49265407
0.485624476
0.487670549
0.491238709
0.492121154
0.49495987
0.486665392
0.490559221
0.487834947
0.492060145
0.488394385
0.48621827
0.495986902
0.490311353
0.491085512
0.493272617
0.493273959
0.490185132
0.485998128
0.486447401
0.485828199
0.487508108
0.487356558
0.489542464
0.492757886
0.485256823
0.489625172
0.488336276
0.490841761
0.49025847
0.487930796
0.489760276
0.488441212
0.487167831
0.490258446
0.489250823
0.490518859
0.490366283
0.494629633
0.489757461
0.488184067
0.487654912
0.493816197
0.489204179
0.488429743
0.486360381
0.490423221
0.486793531
0.487572142
0.490976062
0.495006303
0.486756289
0.494937921
0.489467132
0.488342568
0.492285635
0.490336827
0.485330227
0.489453229
0.497891812
0.488331685
0.488720628
0.49222169
0.485702497
0.48700953
0.489604962
0.488379598
0.49317939
0.490624401
0.485649257
0.488644531
0.496569966
0.490909333
0.498541234
0.496062929
0.491135177
0.485793004
0.487150848
0.493249215
0.491782463
0.485059483
0.494851728
0.485845826
0.49560773
0.48932941
0.490080981
0.495037625
0.491552413
0.494085052
0.491912959
0.495754717
0.494085542
0.485167113
0.498863829
0.497801883
0.497278901
0.493988604
0.495771216
0.495009344
0.485659423
0.486818975
0.489793331
0.493168827
0.488312206
0.492173215
0.494105328
0.486411566
0.487907124
0.496688566
0.488850552
0.490780604
0.492016445
0.486707834
0.489978911
0.487801689
0.48833429
0.497916333
0.489460245
0.491344767
0.488162207
0.487764548
0.489053014
0.485995737
0.485513483
0.495099914
0.490367608
0.488092722
0.486696731
0.490666815
0.491412254
0.487914168
0.494027559
0.494759712
0.492522981
0.489662717
0.489946739
0.491302015
0.49452864
0.491547228
0.489426883
0.497264879
0.490278567
0.487994585
0.486437885
0.490047967
0.492457057
0.486737478
0.4867365
0.489667314
0.497314987
0.49596689
0.489611112
0.487704157
0.495532942
0.493924594
0.498344938
0.487146209
0.487329928
0.487329322
0.493460305
0.496528441
0.498285174
0.496220434
0.488228605
0.493405535
0.490011099
0.486881375
0.490996122
0.488280597
0.491182558
0.499198736
0.497553031
0.491998301
0.496082972
0.494961133
0.497811029
0.490032947
0.489693991
0.486778615
0.488099384
0.493724443
0.497550357
0.498565051
0.496363067
0.497831352
0.494762263
0.495714847
0.49252594
