ATTCCCGA 0 0 0 0.166667 0.166667 0.166667 0.166667 0 0 0 0 0 0 0.333333 0 0 0 0.2 0 0 0.2 0 0.2 0 0 0 0 0 0 0.4 0 0 0 0.25 0 0 0.25 0 0 0 0 0 0 0 0 0.25 0.25 0 0 0.333333 0 0 0 0 0 0 0 0 0 0 0.333333 0 0.333333 0 
CCTCGGCA 0 0 0 0 0 0.166667 0.166667 0.166667 0.166667 0.166667 0 0 0 0 0.166667 0 0 0 0 0 0 0.4 0.2 0 0.2 0 0 0 0 0 0.2 0 0 0 0 0 0.25 0 0.5 0 0 0 0 0 0 0.25 0 0 0 0 0 0 0 0.333333 0.333333 0 0 0 0 0 0.333333 0 0 0 
CTCGGCAA 0 0 0 0 0.166667 0.166667 0.166667 0 0.166667 0.166667 0 0 0 0 0.166667 0 0 0 0 0 0 0.2 0.2 0 0.4 0 0 0 0 0 0.2 0 0 0 0 0 0.25 0 0.25 0 0.25 0 0 0 0 0.25 0 0 0 0 0 0 0.333333 0.333333 0 0 0 0 0 0 0.333333 0 0 0 
CTCGGTAA 0 0 0 0 0 0.166667 0.166667 0 0.166667 0 0 0.166667 0.166667 0 0.166667 0 0 0 0 0 0 0 0.2 0.2 0.4 0 0 0 0 0 0.2 0 0 0 0 0 0.25 0 0.25 0 0.25 0 0 0 0 0 0 0.25 0 0 0 0 0.333333 0 0 0.333333 0 0 0 0 0.333333 0 0 0 
TTCCCGAA 0 0 0 0 0.166667 0.166667 0.166667 0 0.166667 0 0 0 0 0.333333 0 0 0 0 0 0 0.4 0 0.2 0 0 0 0 0 0 0.4 0 0 0 0 0 0 0.5 0 0 0 0 0 0 0 0 0.25 0.25 0 0 0 0 0 0.333333 0 0 0 0 0 0 0 0.333333 0 0.333333 0 
ACATCCGG 0.166667 0.166667 0 0 0 0 0.333333 0.166667 0 0 0 0 0 0.166667 0 0 0 0.2 0 0.2 0 0.2 0.2 0 0 0 0 0 0 0 0.2 0 0 0.25 0.25 0 0 0.25 0 0 0 0 0 0 0 0 0.25 0 0 0.333333 0.333333 0 0 0 0.333333 0 0 0 0 0 0 0 0 0 
ATATCCGG 0.166667 0.166667 0 0 0 0 0.333333 0 0 0 0 0 0 0.166667 0 0.166667 0 0.2 0 0.2 0 0 0.2 0 0 0 0 0 0 0.2 0.2 0 0 0.25 0.25 0 0 0 0 0 0 0 0 0 0 0.25 0.25 0 0 0.333333 0.333333 0 0 0 0 0 0 0 0 0 0 0 0.333333 0 
ATCCGGAT 0 0.166667 0 0 0 0 0.333333 0 0.166667 0 0 0.166667 0 0.166667 0 0 0 0.2 0 0 0.2 0 0.2 0 0 0 0 0.2 0 0 0.2 0 0 0 0.25 0 0.25 0 0 0.25 0 0 0 0 0 0 0.25 0 0 0 0.333333 0 0 0 0 0.333333 0 0 0 0 0.333333 0 0 0 
CATCCGGC 0 0.166667 0 0 0 0 0.333333 0.166667 0 0.166667 0 0 0 0.166667 0 0 0 0.2 0 0 0 0.4 0.2 0 0 0 0 0 0 0 0.2 0 0 0 0.25 0 0 0.5 0 0 0 0 0 0 0 0 0.25 0 0 0 0.333333 0 0 0 0.333333 0 0 0 0 0 0 0.333333 0 0 
CCCGGAAC 0 0.166667 0 0 0 0.166667 0.333333 0 0.333333 0 0 0 0 0 0 0 0 0 0 0 0.2 0 0.4 0 0.2 0.2 0 0 0 0 0 0 0 0 0 0 0.5 0 0.25 0 0 0.25 0 0 0 0 0 0 0 0 0 0 0.666667 0.333333 0 0 0 0 0 0 0 0 0 0 
CCCGGATA 0.166667 0 0 0 0 0.166667 0.333333 0 0.166667 0 0 0.166667 0 0 0 0 0 0 0 0 0.2 0 0.4 0 0.2 0 0 0.2 0 0 0 0 0 0 0 0 0.25 0 0.25 0.25 0.25 0 0 0 0 0 0 0 0 0 0 0 0.666667 0 0 0.333333 0 0 0 0 0 0 0 0 
CCCGGGTA 0 0 0 0 0 0.166667 0.333333 0 0.166667 0 0.166667 0.166667 0 0 0 0 0 0 0 0 0 0 0.6 0 0.2 0 0 0.2 0 0 0 0 0 0 0 0 0 0 0.5 0.25 0.25 0 0 0 0 0 0 0 0 0 0 0 0.333333 0 0.333333 0.333333 0 0 0 0 0 0 0 0 
CCGGATAA 0.166667 0 0 0 0 0 0.333333 0 0.166667 0 0 0.166667 0.166667 0 0 0 0.2 0 0 0 0.2 0 0.2 0 0.2 0 0 0.2 0 0 0 0 0 0 0 0 0.25 0 0 0.25 0.5 0 0 0 0 0 0 0 0 0 0 0 0.333333 0 0 0.333333 0.333333 0 0 0 0 0 0 0 
CCGGGTAA 0 0 0 0 0 0 0.333333 0 0.166667 0 0.166667 0.166667 0.166667 0 0 0 0 0 0 0 0 0 0.4 0 0.4 0 0 0.2 0 0 0 0 0 0 0 0 0 0 0.25 0.25 0.5 0 0 0 0 0 0 0 0 0 0 0 0.333333 0 0 0.333333 0.333333 0 0 0 0 0 0 0 
CTTCCGGA 0 0 0 0 0 0 0.333333 0.166667 0.166667 0 0 0 0 0.333333 0 0 0 0 0 0 0.2 0.2 0.2 0 0 0 0 0 0 0.2 0.2 0 0 0 0 0 0.25 0.25 0 0 0 0 0 0 0 0 0.5 0 0 0 0 0 0 0 0.333333 0 0 0 0 0 0.333333 0 0.333333 0 
GCCGGATA 0.166667 0 0 0 0 0 0.333333 0 0.166667 0.166667 0 0.166667 0 0 0 0 0 0 0 0 0.2 0 0.2 0 0.2 0 0.2 0.2 0 0 0 0 0 0 0 0 0.25 0 0 0.25 0.25 0 0.25 0 0 0 0 0 0 0 0 0 0.333333 0 0 0.333333 0.333333 0 0 0 0 0 0 0 
TATCCGGA 0 0.166667 0 0 0 0 0.333333 0 0.166667 0 0 0 0 0.166667 0 0.166667 0 0.2 0 0 0.2 0 0.2 0 0 0 0 0 0 0.2 0.2 0 0 0 0.25 0 0.25 0 0 0 0 0 0 0 0 0.25 0.25 0 0 0 0.333333 0 0 0 0 0 0 0 0 0 0.333333 0 0.333333 0 
TTCCGGAA 0 0 0 0 0 0 0.333333 0 0.333333 0 0 0 0 0.333333 0 0 0 0 0 0 0.2 0 0.2 0 0.2 0 0 0 0 0.2 0.2 0 0 0 0 0 0.5 0 0 0 0 0 0 0 0 0 0.5 0 0 0 0 0 0.333333 0 0 0 0 0 0 0 0.333333 0 0.333333 0 
TTCGGAAA 0.166667 0 0 0 0 0 0.166667 0 0.333333 0 0 0 0 0.166667 0.166667 0 0 0 0 0 0.2 0 0 0 0.4 0 0 0 0 0 0.4 0 0 0 0 0 0.25 0 0 0 0.25 0 0 0 0.25 0 0.25 0 0 0 0 0 0.333333 0 0 0 0 0 0 0 0.666667 0 0 0 
AACTCCGC 0 0.166667 0 0.166667 0 0.333333 0.166667 0 0 0 0 0 0 0.166667 0 0 0 0.2 0 0.2 0 0.4 0 0 0 0 0 0 0 0 0.2 0 0 0.5 0 0 0 0 0.25 0 0 0 0 0 0 0.25 0 0 0 0.333333 0.333333 0 0 0.333333 0 0 0 0 0 0 0 0 0 0 
ACTCCGCC 0 0 0 0.166667 0 0.333333 0.166667 0 0 0.166667 0 0 0 0.166667 0 0 0 0.2 0 0 0 0.6 0 0 0 0 0 0 0 0 0.2 0 0 0.25 0 0 0 0.25 0.25 0 0 0 0 0 0 0.25 0 0 0 0 0.333333 0 0 0.333333 0 0 0 0 0 0 0 0.333333 0 0 
ATATCCGC 0.166667 0.166667 0 0 0 0.166667 0.166667 0 0 0 0 0 0 0.166667 0 0.166667 0 0.2 0 0.2 0 0.2 0 0 0 0 0 0 0 0.2 0.2 0 0 0.25 0.25 0 0 0 0 0 0 0 0 0 0 0.5 0 0 0 0.666667 0 0 0 0 0 0 0 0 0 0 0 0 0.333333 0 
ATCTCCGC 0 0.166667 0 0 0 0.333333 0.166667 0 0 0 0 0 0 0.166667 0 0.166667 0 0 0 0.2 0 0.4 0 0 0 0 0 0 0 0.2 0.2 0 0 0.25 0 0 0 0 0.25 0 0 0 0 0 0 0.5 0 0 0 0.333333 0 0 0 0.333333 0 0 0 0 0 0 0 0 0.333333 0 
CCGGCGGA 0 0 0 0 0 0 0.5 0 0.166667 0.166667 0.166667 0 0 0 0 0 0 0 0 0 0.2 0.2 0.2 0 0 0 0.4 0 0 0 0 0 0 0 0 0 0 0.25 0.25 0 0.25 0 0.25 0 0 0 0 0 0 0 0 0 0 0 0.666667 0 0.333333 0 0 0 0 0 0 0 
CGGCGGAG 0 0 0 0 0 0 0.333333 0 0.166667 0.166667 0.333333 0 0 0 0 0 0 0 0 0 0.2 0.2 0 0 0 0 0.6 0 0 0 0 0 0 0 0 0 0 0 0.5 0 0.25 0 0.25 0 0 0 0 0 0 0 0 0 0 0 0.333333 0 0.333333 0 0.333333 0 0 0 0 0 
GGCGGAGA 0.166667 0 0 0 0 0 0.166667 0 0.166667 0.166667 0.333333 0 0 0 0 0 0 0 0 0 0.2 0 0 0 0.2 0 0.6 0 0 0 0 0 0 0 0 0 0 0 0.25 0 0.5 0 0.25 0 0 0 0 0 0 0 0 0 0.333333 0 0 0 0.333333 0 0.333333 0 0 0 0 0 
ACTCCGGA 0 0 0 0.166667 0 0.166667 0.333333 0 0.166667 0 0 0 0 0.166667 0 0 0 0.2 0 0 0.2 0.2 0.2 0 0 0 0 0 0 0 0.2 0 0 0.25 0 0 0.25 0 0.25 0 0 0 0 0 0 0 0.25 0 0 0 0.333333 0 0 0 0.333333 0 0 0 0 0 0.333333 0 0 0 
CTCCGGAG 0 0 0 0 0 0.166667 0.333333 0 0.166667 0 0.166667 0 0 0.166667 0 0 0 0 0 0 0.2 0.2 0.2 0 0 0 0.2 0 0 0 0.2 0 0 0 0 0 0.25 0 0.5 0 0 0 0 0 0 0 0.25 0 0 0 0 0 0 0 0.666667 0 0 0 0 0 0.333333 0 0 0 
TTCCGGAA 0 0 0 0 0 0 0.333333 0 0.333333 0 0 0 0 0.333333 0 0 0 0 0 0 0.2 0 0.2 0 0.2 0 0 0 0 0.2 0.2 0 0 0 0 0 0.5 0 0 0 0 0 0 0 0 0 0.5 0 0 0 0 0 0.333333 0 0 0 0 0 0 0 0.333333 0 0.333333 0 
CCTCCGGA 0 0 0 0 0 0.166667 0.333333 0.166667 0.166667 0 0 0 0 0.166667 0 0 0 0 0 0 0.2 0.4 0.2 0 0 0 0 0 0 0 0.2 0 0 0 0 0 0.25 0.25 0.25 0 0 0 0 0 0 0 0.25 0 0 0 0 0 0 0 0.666667 0 0 0 0 0 0.333333 0 0 0 
CTCCGGAG 0 0 0 0 0 0.166667 0.333333 0 0.166667 0 0.166667 0 0 0.166667 0 0 0 0 0 0 0.2 0.2 0.2 0 0 0 0.2 0 0 0 0.2 0 0 0 0 0 0.25 0 0.5 0 0 0 0 0 0 0 0.25 0 0 0 0 0 0 0 0.666667 0 0 0 0 0 0.333333 0 0 0 
TCTCCGAA 0 0 0 0 0.166667 0.166667 0.166667 0 0.166667 0 0 0 0 0.166667 0 0.166667 0 0 0 0 0.4 0.2 0 0 0 0 0 0 0 0.2 0.2 0 0 0 0 0 0.25 0 0.25 0 0 0 0 0 0.25 0.25 0 0 0 0 0 0 0.333333 0 0 0 0 0 0 0 0.333333 0 0.333333 0 
CTCCGGAG 0 0 0 0 0 0.166667 0.333333 0 0.166667 0 0.166667 0 0 0.166667 0 0 0 0 0 0 0.2 0.2 0.2 0 0 0 0.2 0 0 0 0.2 0 0 0 0 0 0.25 0 0.5 0 0 0 0 0 0 0 0.25 0 0 0 0 0 0 0 0.666667 0 0 0 0 0 0.333333 0 0 0 
AAACTCCG 0.166667 0.166667 0 0.166667 0 0.166667 0.166667 0 0 0 0 0 0 0.166667 0 0 0 0.4 0 0.2 0 0.2 0 0 0 0 0 0 0 0 0.2 0 0 0.5 0 0.25 0 0 0.25 0 0 0 0 0 0 0 0 0 0 0.666667 0.333333 0 0 0 0 0 0 0 0 0 0 0 0 0 
AACTCCGG 0 0.166667 0 0.166667 0 0.166667 0.333333 0 0 0 0 0 0 0.166667 0 0 0 0.2 0 0.2 0 0.2 0.2 0 0 0 0 0 0 0 0.2 0 0 0.5 0 0 0 0 0.25 0 0 0 0 0 0 0 0.25 0 0 0.333333 0.333333 0 0 0 0.333333 0 0 0 0 0 0 0 0 0 
AATCTCCG 0 0.166667 0 0.166667 0 0.166667 0.166667 0 0 0 0 0 0 0.166667 0 0.166667 0 0.2 0 0.2 0 0.2 0 0 0 0 0 0 0 0.2 0.2 0 0 0.25 0 0.25 0 0 0.25 0 0 0 0 0 0 0.25 0 0 0 0.666667 0 0 0 0 0 0 0 0 0 0 0 0 0.333333 0 
ACCTCCGG 0 0.166667 0 0 0 0.166667 0.333333 0.166667 0 0 0 0 0 0.166667 0 0 0 0 0 0.2 0 0.4 0.2 0 0 0 0 0 0 0 0.2 0 0 0.25 0 0 0 0.25 0.25 0 0 0 0 0 0 0 0.25 0 0 0.333333 0 0 0 0 0.666667 0 0 0 0 0 0 0 0 0 
ACTCCGGA 0 0 0 0.166667 0 0.166667 0.333333 0 0.166667 0 0 0 0 0.166667 0 0 0 0.2 0 0 0.2 0.2 0.2 0 0 0 0 0 0 0 0.2 0 0 0.25 0 0 0.25 0 0.25 0 0 0 0 0 0 0 0.25 0 0 0 0.333333 0 0 0 0.333333 0 0 0 0 0 0.333333 0 0 0 
AGCTCCGG 0 0.166667 0 0 0 0.166667 0.333333 0 0 0 0 0.166667 0 0.166667 0 0 0 0 0 0.2 0 0.2 0.2 0 0 0.2 0 0 0 0 0.2 0 0 0.25 0 0 0 0 0.25 0 0 0.25 0 0 0 0 0.25 0 0 0.333333 0 0 0 0 0.333333 0 0 0 0.333333 0 0 0 0 0 
ATCTCCGA 0 0.166667 0 0 0.166667 0.166667 0.166667 0 0 0 0 0 0 0.166667 0 0.166667 0 0 0 0.2 0.2 0.2 0 0 0 0 0 0 0 0.2 0.2 0 0 0.25 0 0 0 0 0.25 0 0 0 0 0 0.25 0.25 0 0 0 0.333333 0 0 0.333333 0 0 0 0 0 0 0 0 0 0.333333 0 
ATCTCCGG 0 0.166667 0 0 0 0.166667 0.333333 0 0 0 0 0 0 0.166667 0 0.166667 0 0 0 0.2 0 0.2 0.2 0 0 0 0 0 0 0.2 0.2 0 0 0.25 0 0 0 0 0.25 0 0 0 0 0 0 0.25 0.25 0 0 0.333333 0 0 0 0 0.333333 0 0 0 0 0 0 0 0.333333 0 
CCCCGGGG 0 0 0 0 0 0.333333 0.333333 0 0 0 0.333333 0 0 0 0 0 0 0 0 0 0 0.2 0.6 0 0 0 0.2 0 0 0 0 0 0 0 0 0 0 0 1 0 0 0 0 0 0 0 0 0 0 0 0 0 0 0 1 0 0 0 0 0 0 0 0 0 
CGGAGATA 0.333333 0 0 0 0 0 0.166667 0 0.166667 0 0.166667 0.166667 0 0 0 0 0 0 0 0.2 0.2 0 0 0 0.4 0 0.2 0 0 0 0 0 0.25 0 0 0 0 0 0.25 0 0.25 0 0 0.25 0 0 0 0 0 0 0 0 0.333333 0 0 0 0.333333 0 0 0.333333 0 0 0 0 
CGGAGTTA 0 0 0 0.166667 0 0 0.166667 0 0.166667 0 0.166667 0.166667 0.166667 0 0 0 0 0 0 0.2 0.2 0 0 0 0.2 0 0.2 0.2 0 0 0 0 0.25 0 0 0 0 0 0.25 0 0 0 0 0.5 0 0 0 0 0 0 0 0 0 0 0 0.333333 0.333333 0 0 0.333333 0 0 0 0 
CTCCGGAC 0 0 0 0 0 0.166667 0.333333 0 0.166667 0.166667 0 0 0 0.166667 0 0 0 0 0 0 0.2 0.2 0.2 0 0 0.2 0 0 0 0 0.2 0 0 0 0 0 0.25 0.25 0.25 0 0 0 0 0 0 0 0.25 0 0 0 0 0 0 0.333333 0.333333 0 0 0 0 0 0.333333 0 0 0 
CTCCGGAG 0 0 0 0 0 0.166667 0.333333 0 0.166667 0 0.166667 0 0 0.166667 0 0 0 0 0 0 0.2 0.2 0.2 0 0 0 0.2 0 0 0 0.2 0 0 0 0 0 0.25 0 0.5 0 0 0 0 0 0 0 0.25 0 0 0 0 0 0 0 0.666667 0 0 0 0 0 0.333333 0 0 0 
GCTCCGGA 0 0 0 0 0 0.166667 0.333333 0 0.166667 0 0 0.166667 0 0.166667 0 0 0 0 0 0 0.2 0.2 0.2 0 0 0.2 0 0 0 0 0.2 0 0 0 0 0 0.25 0 0.25 0 0 0.25 0 0 0 0 0.25 0 0 0 0 0 0 0 0.333333 0 0 0 0.333333 0 0.333333 0 0 0 
AACTCCGG 0 0.166667 0 0.166667 0 0.166667 0.333333 0 0 0 0 0 0 0.166667 0 0 0 0.2 0 0.2 0 0.2 0.2 0 0 0 0 0 0 0 0.2 0 0 0.5 0 0 0 0 0.25 0 0 0 0 0 0 0 0.25 0 0 0.333333 0.333333 0 0 0 0.333333 0 0 0 0 0 0 0 0 0 
ACTCCGGA 0 0 0 0.166667 0 0.166667 0.333333 0 0.166667 0 0 0 0 0.166667 0 0 0 0.2 0 0 0.2 0.2 0.2 0 0 0 0 0 0 0 0.2 0 0 0.25 0 0 0.25 0 0.25 0 0 0 0 0 0 0 0.25 0 0 0 0.333333 0 0 0 0.333333 0 0 0 0 0 0.333333 0 0 0 
ATCTCCGG 0 0.166667 0 0 0 0.166667 0.333333 0 0 0 0 0 0 0.166667 0 0.166667 0 0 0 0.2 0 0.2 0.2 0 0 0 0 0 0 0.2 0.2 0 0 0.25 0 0 0 0 0.25 0 0 0 0 0 0 0.25 0.25 0 0 0.333333 0 0 0 0 0.333333 0 0 0 0 0 0 0 0.333333 0 
CCTCCGGA 0 0 0 0 0 0.166667 0.333333 0.166667 0.166667 0 0 0 0 0.166667 0 0 0 0 0 0 0.2 0.4 0.2 0 0 0 0 0 0 0 0.2 0 0 0 0 0 0.25 0.25 0.25 0 0 0 0 0 0 0 0.25 0 0 0 0 0 0 0 0.666667 0 0 0 0 0 0.333333 0 0 0 
CTCCGGAG 0 0 0 0 0 0.166667 0.333333 0 0.166667 0 0.166667 0 0 0.166667 0 0 0 0 0 0 0.2 0.2 0.2 0 0 0 0.2 0 0 0 0.2 0 0 0 0 0 0.25 0 0.5 0 0 0 0 0 0 0 0.25 0 0 0 0 0 0 0 0.666667 0 0 0 0 0 0.333333 0 0 0 
GCTCCGGA 0 0 0 0 0 0.166667 0.333333 0 0.166667 0 0 0.166667 0 0.166667 0 0 0 0 0 0 0.2 0.2 0.2 0 0 0.2 0 0 0 0 0.2 0 0 0 0 0 0.25 0 0.25 0 0 0.25 0 0 0 0 0.25 0 0 0 0 0 0 0 0.333333 0 0 0 0.333333 0 0.333333 0 0 0 
TTCCGGAA 0 0 0 0 0 0 0.333333 0 0.333333 0 0 0 0 0.333333 0 0 0 0 0 0 0.2 0 0.2 0 0.2 0 0 0 0 0.2 0.2 0 0 0 0 0 0.5 0 0 0 0 0 0 0 0 0 0.5 0 0 0 0 0 0.333333 0 0 0 0 0 0 0 0.333333 0 0.333333 0 
CGGATCCG 0 0.166667 0 0 0 0 0.333333 0 0.166667 0 0 0.166667 0 0.166667 0 0 0 0.2 0 0 0.2 0 0 0 0 0.2 0 0.2 0 0 0.2 0 0 0 0.25 0 0 0 0 0.25 0 0.5 0 0 0 0 0 0 0 0 0 0 0 0.333333 0 0 0 0.333333 0.333333 0 0 0 0 0 
TTCCGGAA 0 0 0 0 0 0 0.333333 0 0.333333 0 0 0 0 0.333333 0 0 0 0 0 0 0.2 0 0.2 0 0.2 0 0 0 0 0.2 0.2 0 0 0 0 0 0.5 0 0 0 0 0 0 0 0 0 0.5 0 0 0 0 0 0.333333 0 0 0 0 0 0 0 0.333333 0 0.333333 0 
AAACCGGC 0.166667 0.333333 0 0 0 0 0.333333 0 0 0.166667 0 0 0 0 0 0 0 0.4 0.2 0 0 0.2 0.2 0 0 0 0 0 0 0 0 0 0 0.25 0.5 0 0 0.25 0 0 0 0 0 0 0 0 0 0 0 0.333333 0.666667 0 0 0 0 0 0 0 0 0 0 0 0 0 
AACCGGAG 0 0.333333 0 0 0 0 0.333333 0 0.166667 0 0.166667 0 0 0 0 0 0 0.2 0.2 0 0.2 0 0.2 0 0 0 0.2 0 0 0 0 0 0 0 0.5 0 0.25 0 0.25 0 0 0 0 0 0 0 0 0 0.333333 0 0.333333 0 0 0 0.333333 0 0 0 0 0 0 0 0 0 
AACCGGCG 0 0.333333 0 0 0 0 0.333333 0 0 0.166667 0.166667 0 0 0 0 0 0 0.2 0.2 0 0 0.2 0.2 0 0 0 0.2 0 0 0 0 0 0 0 0.5 0 0 0.25 0.25 0 0 0 0 0 0 0 0 0 0 0.333333 0.333333 0 0 0 0.333333 0 0 0 0 0 0 0 0 0 
AACTCCGG 0 0.166667 0 0.166667 0 0.166667 0.333333 0 0 0 0 0 0 0.166667 0 0 0 0.2 0 0.2 0 0.2 0.2 0 0 0 0 0 0 0 0.2 0 0 0.5 0 0 0 0 0.25 0 0 0 0 0 0 0 0.25 0 0 0.333333 0.333333 0 0 0 0.333333 0 0 0 0 0 0 0 0 0 
ACCGGAGT 0 0.166667 0 0.166667 0 0 0.333333 0 0.166667 0 0.166667 0 0 0 0 0 0 0 0.2 0 0.2 0 0.2 0 0 0 0.2 0.2 0 0 0 0 0 0 0.25 0 0.25 0 0.25 0 0 0 0 0.25 0 0 0 0 0.333333 0 0 0 0 0 0.333333 0.333333 0 0 0 0 0 0 0 0 
ACCGGCGA 0 0.166667 0 0 0.166667 0 0.333333 0 0 0.166667 0.166667 0 0 0 0 0 0 0 0.2 0 0 0.2 0.2 0 0.2 0 0.2 0 0 0 0 0 0 0 0.25 0 0 0.25 0.25 0 0.25 0 0 0 0 0 0 0 0 0.333333 0 0 0.333333 0 0.333333 0 0 0 0 0 0 0 0 0 
ACCGGCGT 0 0.166667 0 0 0 0 0.333333 0.166667 0 0.166667 0.166667 0 0 0 0 0 0 0 0.2 0 0 0.2 0.2 0 0 0 0.2 0.2 0 0 0 0 0 0 0.25 0 0 0.25 0.25 0 0 0 0 0.25 0 0 0 0 0 0.333333 0 0 0 0 0.333333 0.333333 0 0 0 0 0 0 0 0 
ACCGGGAT 0 0.166667 0 0 0 0 0.333333 0 0.166667 0 0.166667 0.166667 0 0 0 0 0 0 0.2 0 0 0 0.4 0 0.2 0 0 0.2 0 0 0 0 0 0 0.25 0 0.25 0 0.25 0 0 0 0 0.25 0 0 0 0 0 0 0.333333 0 0.333333 0 0 0.333333 0 0 0 0 0 0 0 0 
CGCCGGTA 0 0 0 0 0 0.166667 0.333333 0 0.166667 0.166667 0 0.166667 0 0 0 0 0 0 0 0 0 0.2 0.2 0.2 0.2 0 0.2 0 0 0 0 0 0 0 0 0 0.25 0 0.25 0.25 0 0 0.25 0 0 0 0 0 0 0 0 0 0.333333 0 0.333333 0 0 0 0 0.333333 0 0 0 0 
AAAATTCC 0.333333 0 0 0.333333 0 0 0 0 0 0 0 0 0 0.333333 0 0 0.2 0.2 0 0.4 0 0 0 0 0 0 0 0 0 0.2 0 0 0 0.5 0 0.5 0 0 0 0 0 0 0 0 0 0 0 0 0 0.666667 0 0.333333 0 0 0 0 0 0 0 0 0 0 0 0 
AAATCCCG 0.166667 0.166667 0 0.166667 0 0.166667 0.166667 0 0 0 0 0 0 0.166667 0 0 0 0.4 0 0.2 0 0 0.2 0 0 0 0 0 0 0.2 0 0 0 0.75 0 0 0 0 0 0 0 0 0 0 0 0 0.25 0 0 0.666667 0.333333 0 0 0 0 0 0 0 0 0 0 0 0 0 
AAATTCCG 0.166667 0 0 0.333333 0 0 0.166667 0 0 0 0 0 0 0.333333 0 0 0 0.2 0 0.4 0 0 0 0 0 0 0 0 0 0.2 0.2 0 0 0.5 0 0.25 0 0 0 0 0 0 0 0 0 0 0.25 0 0 0.666667 0.333333 0 0 0 0 0 0 0 0 0 0 0 0 0 
AATATTCC 0.166667 0 0 0.333333 0 0 0 0 0 0 0 0 0 0.333333 0 0.166667 0.2 0.2 0 0.2 0 0 0 0 0 0 0 0 0 0.2 0 0.2 0 0.25 0 0.5 0 0 0 0 0 0 0 0 0 0.25 0 0 0 0.333333 0 0.333333 0 0 0 0 0 0 0 0 0 0.333333 0 0 
AATTCCCG 0 0 0 0.333333 0 0.166667 0.166667 0 0 0 0 0 0 0.333333 0 0 0 0.2 0 0.2 0 0 0.2 0 0 0 0 0 0 0.4 0 0 0 0.5 0 0 0 0 0 0 0 0 0 0 0 0.25 0.25 0 0 0.666667 0 0 0 0 0 0 0 0 0 0 0 0 0.333333 0 
AATTCCGA 0 0 0 0.333333 0.166667 0 0.166667 0 0 0 0 0 0 0.333333 0 0 0 0.2 0 0.2 0.2 0 0 0 0 0 0 0 0 0.2 0.2 0 0 0.5 0 0 0 0 0 0 0 0 0 0 0.25 0 0.25 0 0 0.333333 0.333333 0 0 0 0 0 0 0 0 0 0.333333 0 0 0 
AATTCCGC 0 0 0 0.333333 0 0.166667 0.166667 0 0 0 0 0 0 0.333333 0 0 0 0.2 0 0.2 0 0.2 0 0 0 0 0 0 0 0.2 0.2 0 0 0.5 0 0 0 0 0 0 0 0 0 0 0 0.25 0.25 0 0 0.333333 0.333333 0 0 0 0 0 0 0 0 0 0 0.333333 0 0 
AATTCCGG 0 0 0 0.333333 0 0 0.333333 0 0 0 0 0 0 0.333333 0 0 0 0.2 0 0.2 0 0 0.2 0 0 0 0 0 0 0.2 0.2 0 0 0.5 0 0 0 0 0 0 0 0 0 0 0 0 0.5 0 0 0.333333 0.333333 0 0 0 0 0 0 0 0 0 0 0 0.333333 0 
AATTCCGT 0 0 0 0.333333 0 0 0.166667 0.166667 0 0 0 0 0 0.333333 0 0 0 0.2 0 0.2 0 0 0 0.2 0 0 0 0 0 0.2 0.2 0 0 0.5 0 0 0 0 0 0 0 0 0 0 0 0 0.25 0.25 0 0.333333 0.333333 0 0 0 0 0 0 0 0 0 0 0 0 0.333333 
AATTTCCG 0 0 0 0.333333 0 0 0.166667 0 0 0 0 0 0 0.333333 0 0.166667 0 0 0 0.4 0 0 0 0 0 0 0 0 0 0.4 0.2 0 0 0.25 0 0.25 0 0 0 0 0 0 0 0 0 0.25 0.25 0 0 0.666667 0 0 0 0 0 0 0 0 0 0 0 0 0.333333 0 
ACGGAATA 0.166667 0 0.166667 0.166667 0 0 0.166667 0 0.333333 0 0 0 0 0 0 0 0.2 0 0.2 0 0.2 0 0 0 0.2 0 0 0.2 0 0 0 0 0.25 0 0 0 0.25 0 0 0 0.25 0 0 0.25 0 0 0 0 0.333333 0 0 0 0 0 0 0.333333 0.333333 0 0 0 0 0 0 0 
AGATTCCG 0.166667 0 0 0.166667 0 0 0.166667 0 0 0 0 0.166667 0 0.333333 0 0 0 0.2 0 0.2 0 0 0 0 0 0 0 0.2 0 0.2 0.2 0 0 0.25 0 0.25 0 0 0 0 0 0.25 0 0 0 0 0.25 0 0 0.333333 0.333333 0 0 0 0 0 0 0.333333 0 0 0 0 0 0 
ATAATTCC 0.166667 0 0 0.333333 0 0 0 0 0 0 0 0 0.166667 0.333333 0 0 0.2 0.2 0 0.2 0 0 0 0 0 0 0 0 0 0.2 0 0.2 0 0.5 0 0.25 0 0 0 0 0 0 0 0 0 0 0 0.25 0 0.333333 0 0.333333 0 0 0 0 0 0 0 0 0 0.333333 0 0 
ATATTCCG 0.166667 0 0 0.166667 0 0 0.166667 0 0 0 0 0 0 0.333333 0 0.166667 0 0.2 0 0.2 0 0 0 0 0 0 0 0 0 0.2 0.2 0.2 0 0.25 0 0.25 0 0 0 0 0 0 0 0 0 0.25 0.25 0 0 0.333333 0.333333 0 0 0 0 0 0 0 0 0 0 0.333333 0 0 
ATTCCGCG 0 0 0 0.166667 0 0.166667 0.166667 0 0 0 0.166667 0 0 0.333333 0 0 0 0.2 0 0 0 0.2 0.2 0 0 0 0 0 0 0.2 0.2 0 0 0.25 0 0 0 0 0.25 0 0 0 0 0 0 0.25 0.25 0 0 0 0.333333 0 0 0 0 0 0 0 0 0 0 0.333333 0.333333 0 
ATTCCGGA 0 0 0 0.166667 0 0 0.333333 0 0.166667 0 0 0 0 0.333333 0 0 0 0.2 0 0 0.2 0 0.2 0 0 0 0 0 0 0.2 0.2 0 0 0.25 0 0 0.25 0 0 0 0 0 0 0 0 0 0.5 0 0 0 0.333333 0 0 0 0 0 0 0 0 0 0.333333 0 0.333333 0 
ATTCCGGG 0 0 0 0.166667 0 0 0.333333 0 0 0 0.166667 0 0 0.333333 0 0 0 0.2 0 0 0 0 0.4 0 0 0 0 0 0 0.2 0.2 0 0 0.25 0 0 0 0 0.25 0 0 0 0 0 0 0 0.5 0 0 0 0.333333 0 0 0 0 0 0 0 0 0 0 0 0.666667 0 
ATTCCGTA 0 0 0 0.166667 0 0 0.166667 0.166667 0.166667 0 0 0 0 0.333333 0 0 0 0.2 0 0 0.2 0 0 0.2 0 0 0 0 0 0.2 0.2 0 0 0.25 0 0 0.25 0 0 0 0 0 0 0 0 0 0.25 0.25 0 0 0.333333 0 0 0 0 0 0 0 0 0 0.333333 0 0 0.333333 
ATTCCGTG 0 0 0 0.166667 0 0 0.166667 0.166667 0 0 0.166667 0 0 0.333333 0 0 0 0.2 0 0 0 0 0.2 0.2 0 0 0 0 0 0.2 0.2 0 0 0.25 0 0 0 0 0.25 0 0 0 0 0 0 0 0.25 0.25 0 0 0.333333 0 0 0 0 0 0 0 0 0 0 0 0.333333 0.333333 
ATTTCCGG 0 0 0 0.166667 0 0 0.333333 0 0 0 0 0 0 0.333333 0 0.166667 0 0 0 0.2 0 0 0.2 0 0 0 0 0 0 0.4 0.2 0 0 0.25 0 0 0 0 0 0 0 0 0 0 0 0.25 0.5 0 0 0.333333 0 0 0 0 0 0 0 0 0 0 0 0 0.666667 0 
CAATTCCG 0 0 0 0.333333 0.166667 0 0.166667 0 0 0 0 0 0 0.333333 0 0 0 0.2 0 0.2 0 0 0 0.2 0 0 0 0 0 0.2 0.2 0 0 0.5 0 0 0 0 0 0.25 0 0 0 0 0 0 0.25 0 0 0.333333 0.333333 0 0 0.333333 0 0 0 0 0 0 0 0 0 0 
CCGGAATA 0.166667 0 0 0.166667 0 0 0.333333 0 0.333333 0 0 0 0 0 0 0 0.2 0 0 0 0.2 0 0.2 0 0.2 0 0 0.2 0 0 0 0 0 0 0 0 0.5 0 0 0 0.25 0 0 0.25 0 0 0 0 0 0 0 0 0.333333 0 0 0.333333 0.333333 0 0 0 0 0 0 0 
CGGAATAA 0.166667 0 0 0.166667 0 0 0.166667 0 0.333333 0 0 0 0.166667 0 0 0 0.4 0 0 0 0.2 0 0 0 0.2 0 0 0.2 0 0 0 0 0.25 0 0 0 0.25 0 0 0 0.25 0 0 0.25 0 0 0 0 0 0 0 0 0 0 0 0.333333 0.666667 0 0 0 0 0 0 0 
CGGAATTA 0 0 0 0.333333 0 0 0.166667 0 0.333333 0 0 0 0.166667 0 0 0 0.2 0 0 0.2 0.2 0 0 0 0.2 0 0 0.2 0 0 0 0 0.25 0 0 0 0.25 0 0 0 0 0 0 0.5 0 0 0 0 0 0 0 0 0 0 0 0.333333 0.333333 0 0 0.333333 0 0 0 0 
CGGAATTC 0 0 0 0.333333 0 0 0.166667 0 0.333333 0 0 0 0 0.166667 0 0 0 0.2 0 0.2 0.2 0 0 0 0.2 0 0 0.2 0 0 0 0 0 0.25 0 0 0.25 0 0 0 0 0 0 0.5 0 0 0 0 0 0 0 0 0 0 0 0.333333 0 0.333333 0 0.333333 0 0 0 0 
GAAATTCC 0.166667 0 0 0.333333 0 0 0 0 0.166667 0 0 0 0 0.333333 0 0 0 0.2 0 0.4 0 0 0 0 0.2 0 0 0 0 0.2 0 0 0 0.5 0 0.25 0 0 0 0 0 0 0 0.25 0 0 0 0 0 0.666667 0 0 0 0 0 0 0 0 0 0.333333 0 0 0 0 
GGAATTAC 0 0 0 0.333333 0 0 0 0 0.333333 0 0 0 0.166667 0.166667 0 0 0.2 0 0 0.2 0 0 0 0 0.2 0 0 0.2 0 0.2 0 0 0.25 0.25 0 0 0 0 0 0 0 0 0 0.5 0 0 0 0 0 0.333333 0 0 0 0 0 0 0.333333 0 0 0.333333 0 0 0 0 
GGAATTCC 0 0 0 0.333333 0 0 0 0 0.333333 0 0 0 0 0.333333 0 0 0 0.2 0 0.2 0 0 0 0 0.2 0 0 0.2 0 0.2 0 0 0 0.5 0 0 0 0 0 0 0 0 0 0.5 0 0 0 0 0 0.333333 0 0 0 0 0 0 0 0.333333 0 0.333333 0 0 0 0 
GGAATTTA 0 0 0 0.333333 0 0 0 0 0.333333 0 0 0 0.166667 0 0 0.166667 0 0 0 0.4 0 0 0 0 0.2 0 0 0.2 0.2 0 0 0 0.25 0 0 0.25 0 0 0 0 0 0 0 0.5 0 0 0 0 0.333333 0 0 0 0 0 0 0 0 0 0 0.666667 0 0 0 0 
TTCCGGAA 0 0 0 0 0 0 0.333333 0 0.333333 0 0 0 0 0.333333 0 0 0 0 0 0 0.2 0 0.2 0 0.2 0 0 0 0 0.2 0.2 0 0 0 0 0 0.5 0 0 0 0 0 0 0 0 0 0.5 0 0 0 0 0 0.333333 0 0 0 0 0 0 0 0.333333 0 0.333333 0 
ATCTCCGA 0 0.166667 0 0 0.166667 0.166667 0.166667 0 0 0 0 0 0 0.166667 0 0.166667 0 0 0 0.2 0.2 0.2 0 0 0 0 0 0 0 0.2 0.2 0 0 0.25 0 0 0 0 0.25 0 0 0 0 0 0.25 0.25 0 0 0 0.333333 0 0 0.333333 0 0 0 0 0 0 0 0 0 0.333333 0 
ATCTCCGG 0 0.166667 0 0 0 0.166667 0.333333 0 0 0 0 0 0 0.166667 0 0.166667 0 0 0 0.2 0 0.2 0.2 0 0 0 0 0 0 0.2 0.2 0 0 0.25 0 0 0 0 0.25 0 0 0 0 0 0 0.25 0.25 0 0 0.333333 0 0 0 0 0.333333 0 0 0 0 0 0 0 0.333333 0 
CGGAGATA 0.333333 0 0 0 0 0 0.166667 0 0.166667 0 0.166667 0.166667 0 0 0 0 0 0 0 0.2 0.2 0 0 0 0.4 0 0.2 0 0 0 0 0 0.25 0 0 0 0 0 0.25 0 0.25 0 0 0.25 0 0 0 0 0 0 0 0 0.333333 0 0 0 0.333333 0 0 0.333333 0 0 0 0 
CGGATTTA 0 0 0 0.166667 0 0 0.166667 0 0.166667 0 0 0.166667 0.166667 0 0 0.166667 0 0 0 0.2 0.2 0 0 0 0 0 0 0.4 0.2 0 0 0 0.25 0 0 0 0 0 0 0.25 0 0 0 0.5 0 0 0 0 0 0 0 0 0 0 0 0.333333 0.333333 0 0 0.333333 0 0 0 0 
CGGGTTTA 0 0 0 0 0 0 0.166667 0 0 0 0.166667 0.333333 0.166667 0 0 0.166667 0 0 0 0 0 0 0.2 0 0 0 0 0.6 0.2 0 0 0 0 0 0 0 0 0 0 0.25 0.25 0 0 0.5 0 0 0 0 0 0 0 0 0 0 0 0.333333 0.333333 0 0 0.333333 0 0 0 0 
TCCCGGGA 0 0 0 0 0 0.166667 0.333333 0 0.166667 0 0.166667 0 0 0.166667 0 0 0 0 0 0 0 0 0.6 0 0.2 0 0 0 0 0.2 0 0 0 0 0 0 0.25 0 0.5 0 0 0 0 0 0 0 0.25 0 0 0 0 0 0.333333 0 0.333333 0 0 0 0 0 0 0 0.333333 0 
ATTCCGCA 0 0 0 0.166667 0 0.166667 0.166667 0 0.166667 0 0 0 0 0.333333 0 0 0 0.2 0 0 0.2 0.2 0 0 0 0 0 0 0 0.2 0.2 0 0 0.25 0 0 0.25 0 0 0 0 0 0 0 0 0.25 0.25 0 0 0 0.333333 0 0 0 0 0 0 0 0 0 0.333333 0.333333 0 0 
CCGCGGAA 0 0 0 0 0 0.166667 0.333333 0 0.333333 0 0.166667 0 0 0 0 0 0 0 0 0 0.2 0.2 0.2 0 0.2 0 0.2 0 0 0 0 0 0 0 0 0 0.25 0 0.5 0 0.25 0 0 0 0 0 0 0 0 0 0 0 0.333333 0 0.333333 0 0.333333 0 0 0 0 0 0 0 
CTATCCGC 0 0.166667 0 0 0.166667 0.166667 0.166667 0 0 0 0 0 0 0.166667 0 0.166667 0 0.2 0 0 0 0.2 0 0.2 0 0 0 0 0 0.2 0.2 0 0 0 0.25 0 0 0.25 0 0 0 0 0 0 0 0.5 0 0 0 0.333333 0 0 0 0.333333 0 0 0 0 0 0 0 0 0.333333 0 
TATCCGCA 0 0.166667 0 0 0 0.166667 0.166667 0 0.166667 0 0 0 0 0.166667 0 0.166667 0 0.2 0 0 0.2 0.2 0 0 0 0 0 0 0 0.2 0.2 0 0 0 0.25 0 0.25 0 0 0 0 0 0 0 0 0.5 0 0 0 0.333333 0 0 0 0 0 0 0 0 0 0 0.333333 0 0.333333 0 
ATCTCCGC 0 0.166667 0 0 0 0.333333 0.166667 0 0 0 0 0 0 0.166667 0 0.166667 0 0 0 0.2 0 0.4 0 0 0 0 0 0 0 0.2 0.2 0 0 0.25 0 0 0 0 0.25 0 0 0 0 0 0 0.5 0 0 0 0.333333 0 0 0 0.333333 0 0 0 0 0 0 0 0 0.333333 0 
CACCCGCA 0 0.166667 0 0 0 0.5 0.166667 0 0.166667 0 0 0 0 0 0 0 0 0.2 0 0 0.2 0.4 0.2 0 0 0 0 0 0 0 0 0 0 0 0.25 0 0.25 0.5 0 0 0 0 0 0 0 0 0 0 0 0.333333 0 0 0.333333 0 0.333333 0 0 0 0 0 0 0 0 0 
CACCCGCC 0 0.166667 0 0 0 0.5 0.166667 0 0 0.166667 0 0 0 0 0 0 0 0.2 0 0 0 0.6 0.2 0 0 0 0 0 0 0 0 0 0 0 0.25 0 0 0.75 0 0 0 0 0 0 0 0 0 0 0 0.333333 0 0 0 0.333333 0.333333 0 0 0 0 0 0 0 0 0 
CCACCCGC 0 0.166667 0 0 0.166667 0.5 0.166667 0 0 0 0 0 0 0 0 0 0 0.2 0 0 0 0.6 0.2 0 0 0 0 0 0 0 0 0 0 0 0.25 0 0 0.75 0 0 0 0 0 0 0 0 0 0 0 0.333333 0 0 0 0.333333 0.333333 0 0 0 0 0 0 0 0 0 
CCGCCCGC 0 0 0 0 0 0.5 0.333333 0 0 0.166667 0 0 0 0 0 0 0 0 0 0 0 0.6 0.2 0 0 0.2 0 0 0 0 0 0 0 0 0 0 0 0.75 0 0 0 0 0.25 0 0 0 0 0 0 0 0 0 0 0.333333 0.333333 0 0 0.333333 0 0 0 0 0 0 
CGGCCGAA 0 0 0 0 0.166667 0 0.333333 0 0.166667 0.333333 0 0 0 0 0 0 0 0 0 0 0.4 0.2 0 0 0 0.2 0.2 0 0 0 0 0 0 0 0 0 0.25 0.25 0 0 0.25 0 0.25 0 0 0 0 0 0 0 0 0 0 0 0.333333 0 0.666667 0 0 0 0 0 0 0 
CGGCCGAG 0 0 0 0 0.166667 0 0.333333 0 0 0.333333 0.166667 0 0 0 0 0 0 0 0 0 0.2 0.2 0.2 0 0 0.2 0.2 0 0 0 0 0 0 0 0 0 0 0.25 0.25 0 0.25 0 0.25 0 0 0 0 0 0 0 0 0 0 0 0.333333 0 0.333333 0 0.333333 0 0 0 0 0 
CGGCCGCA 0 0 0 0 0 0.166667 0.333333 0 0.166667 0.333333 0 0 0 0 0 0 0 0 0 0 0.2 0.4 0 0 0 0.2 0.2 0 0 0 0 0 0 0 0 0 0.25 0.25 0 0 0 0.25 0.25 0 0 0 0 0 0 0 0 0 0 0 0.333333 0 0.333333 0.333333 0 0 0 0 0 0 
GCGGCCGA 0 0 0 0 0.166667 0 0.333333 0 0 0.333333 0.166667 0 0 0 0 0 0 0 0 0 0.2 0.2 0 0 0 0.2 0.4 0 0 0 0 0 0 0 0 0 0 0.25 0 0 0.25 0.25 0.25 0 0 0 0 0 0 0 0 0 0 0 0.333333 0 0.333333 0.333333 0 0 0 0 0 0 
GCGGCCGC 0 0 0 0 0 0.166667 0.333333 0 0 0.333333 0.166667 0 0 0 0 0 0 0 0 0 0 0.4 0 0 0 0.2 0.4 0 0 0 0 0 0 0 0 0 0 0.25 0 0 0 0.5 0.25 0 0 0 0 0 0 0 0 0 0 0 0.333333 0 0 0.666667 0 0 0 0 0 0 
GCGGGTGA 0 0 0 0 0 0 0.166667 0 0 0 0.5 0.166667 0.166667 0 0 0 0 0 0 0 0 0 0.2 0 0.2 0 0.4 0.2 0 0 0 0 0 0 0 0 0 0 0 0.25 0.25 0 0.5 0 0 0 0 0 0 0 0 0 0 0 0.333333 0 0.333333 0 0 0.333333 0 0 0 0 
TCGGCCGA 0 0 0 0 0.166667 0 0.333333 0 0 0.333333 0 0 0 0 0.166667 0 0 0 0 0 0.2 0.2 0 0 0 0.2 0.2 0 0 0 0.2 0 0 0 0 0 0 0.25 0 0 0.25 0 0.25 0 0 0.25 0 0 0 0 0 0 0 0 0.333333 0 0.333333 0 0 0 0 0.333333 0 0 
AAACCCGA 0.166667 0.333333 0 0 0.166667 0.166667 0.166667 0 0 0 0 0 0 0 0 0 0 0.6 0 0 0.2 0 0.2 0 0 0 0 0 0 0 0 0 0 0.5 0.25 0 0.25 0 0 0 0 0 0 0 0 0 0 0 0.333333 0.333333 0.333333 0 0 0 0 0 0 0 0 0 0 0 0 0 
ATGATCCG 0 0.166667 0.166667 0 0 0 0.166667 0 0 0 0 0.166667 0.166667 0.166667 0 0 0.2 0.2 0 0 0 0 0 0 0 0.2 0 0 0 0 0.2 0.2 0 0 0.25 0.25 0 0 0 0 0 0.25 0 0 0 0.25 0 0 0 0.333333 0 0 0 0 0 0 0 0 0.333333 0 0 0.333333 0 0 
ATTATCCG 0 0.166667 0 0.166667 0 0 0.166667 0 0 0 0 0 0.166667 0.166667 0 0.166667 0.2 0.2 0 0 0 0 0 0 0 0 0 0 0 0.2 0.2 0.2 0 0 0.25 0.25 0 0 0 0 0 0 0 0 0 0.5 0 0 0 0.333333 0 0 0 0 0 0 0 0 0 0 0 0.333333 0.333333 0 
ATTGTTCC 0 0 0 0.166667 0 0 0 0 0 0 0 0.166667 0 0.333333 0.166667 0.166667 0 0 0.2 0 0 0 0 0 0 0.2 0 0 0 0.2 0 0.4 0 0 0 0.25 0 0 0 0 0 0.25 0 0 0 0.25 0 0.25 0 0 0 0.333333 0 0 0 0 0 0 0 0 0 0.666667 0 0 
CCGGAAAA 0.333333 0 0 0 0 0 0.333333 0 0.333333 0 0 0 0 0 0 0 0.2 0 0 0 0.2 0 0.2 0 0.4 0 0 0 0 0 0 0 0 0 0 0 0.5 0 0 0 0.5 0 0 0 0 0 0 0 0 0 0 0 0.666667 0 0 0 0.333333 0 0 0 0 0 0 0 
CGGAAAAA 0.5 0 0 0 0 0 0.166667 0 0.333333 0 0 0 0 0 0 0 0.4 0 0 0 0.2 0 0 0 0.4 0 0 0 0 0 0 0 0.25 0 0 0 0.25 0 0 0 0.5 0 0 0 0 0 0 0 0 0 0 0 0.333333 0 0 0 0.666667 0 0 0 0 0 0 0 
CGGAACAA 0.166667 0.166667 0 0 0.166667 0 0.166667 0 0.333333 0 0 0 0 0 0 0 0.4 0 0 0 0.2 0 0 0 0.2 0.2 0 0 0 0 0 0 0.25 0 0 0 0.25 0 0 0 0.25 0.25 0 0 0 0 0 0 0 0 0 0 0 0.333333 0 0 0.666667 0 0 0 0 0 0 0 
CGGAAGAA 0.166667 0 0.166667 0 0 0 0.166667 0 0.5 0 0 0 0 0 0 0 0.4 0 0 0 0.2 0 0 0 0.2 0 0.2 0 0 0 0 0 0.25 0 0 0 0.25 0 0 0 0.25 0 0.25 0 0 0 0 0 0 0 0 0 0 0 0.333333 0 0.666667 0 0 0 0 0 0 0 
CGGAATAA 0.166667 0 0 0.166667 0 0 0.166667 0 0.333333 0 0 0 0.166667 0 0 0 0.4 0 0 0 0.2 0 0 0 0.2 0 0 0.2 0 0 0 0 0.25 0 0 0 0.25 0 0 0 0.25 0 0 0.25 0 0 0 0 0 0 0 0 0 0 0 0.333333 0.666667 0 0 0 0 0 0 0 
CGGAGAAA 0.333333 0 0 0 0 0 0.166667 0 0.333333 0 0.166667 0 0 0 0 0 0.2 0 0 0 0.2 0 0 0 0.4 0 0.2 0 0 0 0 0 0.25 0 0 0 0 0 0.25 0 0.5 0 0 0 0 0 0 0 0 0 0 0 0.333333 0 0 0 0.666667 0 0 0 0 0 0 0 
CGGATAAA 0.333333 0 0 0 0 0 0.166667 0 0.166667 0 0 0.166667 0.166667 0 0 0 0.2 0 0 0 0.2 0 0 0 0.2 0 0 0.2 0.2 0 0 0 0.25 0 0 0 0 0 0 0.25 0.5 0 0 0 0 0 0 0 0 0 0 0 0.333333 0 0 0 0.666667 0 0 0 0 0 0 0 
CGGATCAA 0 0.166667 0 0 0.166667 0 0.166667 0 0.166667 0 0 0.166667 0.166667 0 0 0 0.2 0 0 0 0.2 0 0 0 0 0.2 0 0.2 0.2 0 0 0 0.25 0 0 0 0 0 0 0.25 0.25 0.25 0 0 0 0 0 0 0 0 0 0 0 0.333333 0 0 0.666667 0 0 0 0 0 0 0 
CGGATTAA 0 0 0 0.166667 0 0 0.166667 0 0.166667 0 0 0.166667 0.333333 0 0 0 0.2 0 0 0 0.2 0 0 0 0 0 0 0.4 0.2 0 0 0 0.25 0 0 0 0 0 0 0.25 0.25 0 0 0.25 0 0 0 0 0 0 0 0 0 0 0 0.333333 0.666667 0 0 0 0 0 0 0 
GGAAAAAC 0.5 0.166667 0 0 0 0 0 0 0.333333 0 0 0 0 0 0 0 0.4 0.2 0 0 0 0 0 0 0.4 0 0 0 0 0 0 0 0.25 0.25 0 0 0 0 0 0 0.5 0 0 0 0 0 0 0 0 0.333333 0 0 0 0 0 0 0.666667 0 0 0 0 0 0 0 
ATAATCCG 0.166667 0.166667 0 0.166667 0 0 0.166667 0 0 0 0 0 0.166667 0.166667 0 0 0.2 0.4 0 0 0 0 0 0 0 0 0 0 0 0 0.2 0.2 0 0.25 0.25 0.25 0 0 0 0 0 0 0 0 0 0.25 0 0 0 0.333333 0.333333 0 0 0 0 0 0 0 0 0 0 0.333333 0 0 
ATATTCCG 0.166667 0 0 0.166667 0 0 0.166667 0 0 0 0 0 0 0.333333 0 0.166667 0 0.2 0 0.2 0 0 0 0 0 0 0 0 0 0.2 0.2 0.2 0 0.25 0 0.25 0 0 0 0 0 0 0 0 0 0.25 0.25 0 0 0.333333 0.333333 0 0 0 0 0 0 0 0 0 0 0.333333 0 0 
ATGTTCCG 0 0 0.166667 0 0 0 0.166667 0 0 0 0 0.166667 0 0.333333 0 0.166667 0 0 0 0.2 0 0 0 0 0 0.2 0 0 0 0.2 0.2 0.2 0 0 0 0.25 0 0 0 0 0 0.25 0 0 0 0.25 0.25 0 0 0.333333 0 0 0 0 0 0 0 0 0.333333 0 0 0.333333 0 0 
ATTATCCG 0 0.166667 0 0.166667 0 0 0.166667 0 0 0 0 0 0.166667 0.166667 0 0.166667 0.2 0.2 0 0 0 0 0 0 0 0 0 0 0 0.2 0.2 0.2 0 0 0.25 0.25 0 0 0 0 0 0 0 0 0 0.5 0 0 0 0.333333 0 0 0 0 0 0 0 0 0 0 0 0.333333 0.333333 0 
ATTTTCCG 0 0 0 0.166667 0 0 0.166667 0 0 0 0 0 0 0.333333 0 0.333333 0 0 0 0.2 0 0 0 0 0 0 0 0 0 0.4 0.2 0.2 0 0 0 0.25 0 0 0 0 0 0 0 0 0 0.5 0.25 0 0 0.333333 0 0 0 0 0 0 0 0 0 0 0 0.333333 0.333333 0 
CCGGAAAA 0.333333 0 0 0 0 0 0.333333 0 0.333333 0 0 0 0 0 0 0 0.2 0 0 0 0.2 0 0.2 0 0.4 0 0 0 0 0 0 0 0 0 0 0 0.5 0 0 0 0.5 0 0 0 0 0 0 0 0 0 0 0 0.666667 0 0 0 0.333333 0 0 0 0 0 0 0 
CCGGATAA 0.166667 0 0 0 0 0 0.333333 0 0.166667 0 0 0.166667 0.166667 0 0 0 0.2 0 0 0 0.2 0 0.2 0 0.2 0 0 0.2 0 0 0 0 0 0 0 0 0.25 0 0 0.25 0.5 0 0 0 0 0 0 0 0 0 0 0 0.333333 0 0 0.333333 0.333333 0 0 0 0 0 0 0 
CGGAAAAA 0.5 0 0 0 0 0 0.166667 0 0.333333 0 0 0 0 0 0 0 0.4 0 0 0 0.2 0 0 0 0.4 0 0 0 0 0 0 0 0.25 0 0 0 0.25 0 0 0 0.5 0 0 0 0 0 0 0 0 0 0 0 0.333333 0 0 0 0.666667 0 0 0 0 0 0 0 
CGGAACAA 0.166667 0.166667 0 0 0.166667 0 0.166667 0 0.333333 0 0 0 0 0 0 0 0.4 0 0 0 0.2 0 0 0 0.2 0.2 0 0 0 0 0 0 0.25 0 0 0 0.25 0 0 0 0.25 0.25 0 0 0 0 0 0 0 0 0 0 0 0.333333 0 0 0.666667 0 0 0 0 0 0 0 
CGGAAGAA 0.166667 0 0.166667 0 0 0 0.166667 0 0.5 0 0 0 0 0 0 0 0.4 0 0 0 0.2 0 0 0 0.2 0 0.2 0 0 0 0 0 0.25 0 0 0 0.25 0 0 0 0.25 0 0.25 0 0 0 0 0 0 0 0 0 0 0 0.333333 0 0.666667 0 0 0 0 0 0 0 
CGGAATAA 0.166667 0 0 0.166667 0 0 0.166667 0 0.333333 0 0 0 0.166667 0 0 0 0.4 0 0 0 0.2 0 0 0 0.2 0 0 0.2 0 0 0 0 0.25 0 0 0 0.25 0 0 0 0.25 0 0 0.25 0 0 0 0 0 0 0 0 0 0 0 0.333333 0.666667 0 0 0 0 0 0 0 
CGGATAAA 0.333333 0 0 0 0 0 0.166667 0 0.166667 0 0 0.166667 0.166667 0 0 0 0.2 0 0 0 0.2 0 0 0 0.2 0 0 0.2 0.2 0 0 0 0.25 0 0 0 0 0 0 0.25 0.5 0 0 0 0 0 0 0 0 0 0 0 0.333333 0 0 0 0.666667 0 0 0 0 0 0 0 
CGGATCAA 0 0.166667 0 0 0.166667 0 0.166667 0 0.166667 0 0 0.166667 0.166667 0 0 0 0.2 0 0 0 0.2 0 0 0 0 0.2 0 0.2 0.2 0 0 0 0.25 0 0 0 0 0 0 0.25 0.25 0.25 0 0 0 0 0 0 0 0 0 0 0 0.333333 0 0 0.666667 0 0 0 0 0 0 0 
CGGATTAA 0 0 0 0.166667 0 0 0.166667 0 0.166667 0 0 0.166667 0.333333 0 0 0 0.2 0 0 0 0.2 0 0 0 0 0 0 0.4 0.2 0 0 0 0.25 0 0 0 0 0 0 0.25 0.25 0 0 0.25 0 0 0 0 0 0 0 0 0 0 0 0.333333 0.666667 0 0 0 0 0 0 0 
AACGCGCG 0 0.166667 0.166667 0 0 0.333333 0 0 0 0 0.333333 0 0 0 0 0 0 0.2 0.2 0 0 0 0.4 0 0 0.2 0 0 0 0 0 0 0 0.25 0.25 0 0 0.25 0 0 0 0 0.25 0 0 0 0 0 0 0.333333 0.333333 0 0 0 0.333333 0 0 0 0 0 0 0 0 0 
AAGCGCGC 0 0.166667 0.166667 0 0 0.333333 0 0 0 0 0.333333 0 0 0 0 0 0 0.2 0.2 0 0 0 0.2 0 0 0.4 0 0 0 0 0 0 0 0.25 0.25 0 0 0.25 0 0 0 0 0.25 0 0 0 0 0 0 0.333333 0.333333 0 0 0 0 0 0 0.333333 0 0 0 0 0 0 
AATGCGCG 0 0 0.166667 0.166667 0 0.166667 0 0 0 0 0.333333 0 0 0.166667 0 0 0 0.2 0.2 0 0 0 0.2 0 0 0.2 0 0 0 0 0.2 0 0 0.25 0.25 0 0 0 0 0 0 0 0.25 0 0 0.25 0 0 0 0.333333 0.333333 0 0 0 0 0 0 0 0 0 0 0 0.333333 0 
ACCGCGCG 0 0.166667 0 0 0 0.333333 0.166667 0 0 0 0.333333 0 0 0 0 0 0 0 0.2 0 0 0.2 0.4 0 0 0.2 0 0 0 0 0 0 0 0.25 0 0 0 0.25 0.25 0 0 0 0.25 0 0 0 0 0 0 0 0.333333 0 0 0.333333 0.333333 0 0 0 0 0 0 0 0 0 
ACGACGCG 0 0 0.333333 0 0.166667 0.166667 0 0 0 0.166667 0.166667 0 0 0 0 0 0.2 0.2 0 0 0 0.2 0.2 0 0 0 0.2 0 0 0 0 0 0 0.25 0.25 0 0 0 0.25 0 0 0.25 0 0 0 0 0 0 0 0 0.333333 0 0 0.333333 0 0 0 0 0.333333 0 0 0 0 0 
ACGCGCGA 0 0 0.166667 0 0.166667 0.333333 0 0 0 0 0.333333 0 0 0 0 0 0 0.2 0 0 0 0 0.4 0 0.2 0.2 0 0 0 0 0 0 0 0 0.25 0 0.25 0.25 0 0 0 0 0.25 0 0 0 0 0 0 0.333333 0 0 0 0 0.333333 0 0.333333 0 0 0 0 0 0 0 
ACGCGCGC 0 0 0.166667 0 0 0.5 0 0 0 0 0.333333 0 0 0 0 0 0 0.2 0 0 0 0 0.4 0 0 0.4 0 0 0 0 0 0 0 0 0.25 0 0 0.5 0 0 0 0 0.25 0 0 0 0 0 0 0.333333 0 0 0 0 0.333333 0 0 0.333333 0 0 0 0 0 0 
ACGCGCGG 0 0 0.166667 0 0 0.333333 0.166667 0 0 0 0.333333 0 0 0 0 0 0 0.2 0 0 0 0 0.4 0 0 0.2 0.2 0 0 0 0 0 0 0 0.25 0 0 0.25 0.25 0 0 0 0.25 0 0 0 0 0 0 0.333333 0 0 0 0 0.333333 0 0 0 0.333333 0 0 0 0 0 
ACGCGCGT 0 0 0.166667 0 0 0.333333 0 0.166667 0 0 0.333333 0 0 0 0 0 0 0.2 0 0 0 0 0.4 0 0 0.2 0 0.2 0 0 0 0 0 0 0.25 0 0 0.25 0 0.25 0 0 0.25 0 0 0 0 0 0 0.333333 0 0 0 0 0.333333 0 0 0 0 0.333333 0 0 0 0 
ACGGCGCG 0 0 0.166667 0 0 0.166667 0.166667 0 0 0.166667 0.333333 0 0 0 0 0 0 0 0.2 0 0 0.2 0.2 0 0 0.2 0.2 0 0 0 0 0 0 0.25 0 0 0 0 0.25 0 0 0.25 0.25 0 0 0 0 0 0 0 0.333333 0 0 0.333333 0 0 0 0 0.333333 0 0 0 0 0 
AGCGCGCG 0 0.166667 0 0 0 0.333333 0 0 0 0 0.5 0 0 0 0 0 0 0 0.2 0 0 0 0.4 0 0 0.4 0 0 0 0 0 0 0 0.25 0 0 0 0.25 0 0 0 0 0.5 0 0 0 0 0 0 0 0.333333 0 0 0 0.333333 0 0 0.333333 0 0 0 0 0 0 
ATCGCGCG 0 0.166667 0 0 0 0.333333 0 0 0 0 0.333333 0 0 0 0.166667 0 0 0 0.2 0 0 0 0.4 0 0 0.2 0 0 0 0.2 0 0 0 0.25 0 0 0 0.25 0 0 0 0 0.25 0 0 0 0.25 0 0 0 0.333333 0 0 0 0.333333 0 0 0 0 0 0 0.333333 0 0 
CACGCGCG 0 0 0.166667 0 0 0.5 0 0 0 0 0.333333 0 0 0 0 0 0 0.2 0 0 0 0 0.6 0 0 0.2 0 0 0 0 0 0 0 0 0.25 0 0 0.5 0 0 0 0 0.25 0 0 0 0 0 0 0.333333 0 0 0 0 0.666667 0 0 0 0 0 0 0 0 0 
CCCGCGCG 0 0 0 0 0 0.5 0.166667 0 0 0 0.333333 0 0 0 0 0 0 0 0 0 0 0.2 0.6 0 0 0.2 0 0 0 0 0 0 0 0 0 0 0 0.5 0.25 0 0 0 0.25 0 0 0 0 0 0 0 0 0 0 0.333333 0.666667 0 0 0 0 0 0 0 0 0 
CCGCGCGC 0 0 0 0 0 0.5 0.166667 0 0 0 0.333333 0 0 0 0 0 0 0 0 0 0 0.2 0.4 0 0 0.4 0 0 0 0 0 0 0 0 0 0 0 0.5 0.25 0 0 0 0.25 0 0 0 0 0 0 0 0 0 0 0.333333 0.333333 0 0 0.333333 0 0 0 0 0 0 
CCGCGCGG 0 0 0 0 0 0.333333 0.333333 0 0 0 0.333333 0 0 0 0 0 0 0 0 0 0 0.2 0.4 0 0 0.2 0.2 0 0 0 0 0 0 0 0 0 0 0.25 0.5 0 0 0 0.25 0 0 0 0 0 0 0 0 0 0 0.333333 0.333333 0 0 0 0.333333 0 0 0 0 0 
CGCGCGAC 0 0 0 0 0.166667 0.333333 0 0 0 0.166667 0.333333 0 0 0 0 0 0 0 0 0 0 0.2 0.4 0 0.2 0.2 0 0 0 0 0 0 0 0 0 0 0.25 0.25 0 0 0 0.25 0.25 0 0 0 0 0 0 0 0 0 0 0.333333 0.333333 0 0.333333 0 0 0 0 0 0 0 
CGCGCGAG 0 0 0 0 0.166667 0.333333 0 0 0 0 0.5 0 0 0 0 0 0 0 0 0 0 0 0.6 0 0.2 0.2 0 0 0 0 0 0 0 0 0 0 0.25 0.25 0 0 0 0 0.5 0 0 0 0 0 0 0 0 0 0 0 0.666667 0 0.333333 0 0 0 0 0 0 0 
CGCGCGCA 0 0 0 0 0 0.5 0 0 0.166667 0 0.333333 0 0 0 0 0 0 0 0 0 0.2 0 0.4 0 0 0.4 0 0 0 0 0 0 0 0 0 0 0 0.5 0 0 0.25 0 0.25 0 0 0 0 0 0 0 0 0 0.333333 0 0.333333 0 0 0.333333 0 0 0 0 0 0 
CGCGCGCC 0 0 0 0 0 0.5 0 0 0 0.166667 0.333333 0 0 0 0 0 0 0 0 0 0 0.2 0.4 0 0 0.4 0 0 0 0 0 0 0 0 0 0 0 0.5 0 0 0 0.25 0.25 0 0 0 0 0 0 0 0 0 0 0.333333 0.333333 0 0 0.333333 0 0 0 0 0 0 
CGCGCGCG 0 0 0 0 0 0.5 0 0 0 0 0.5 0 0 0 0 0 0 0 0 0 0 0 0.6 0 0 0.4 0 0 0 0 0 0 0 0 0 0 0 0.5 0 0 0 0 0.5 0 0 0 0 0 0 0 0 0 0 0 0.666667 0 0 0.333333 0 0 0 0 0 0 
CGCGCGGA 0 0 0 0 0 0.333333 0.166667 0 0.166667 0 0.333333 0 0 0 0 0 0 0 0 0 0.2 0 0.4 0 0 0.2 0.2 0 0 0 0 0 0 0 0 0 0 0.25 0.25 0 0.25 0 0.25 0 0 0 0 0 0 0 0 0 0.333333 0 0.333333 0 0 0 0.333333 0 0 0 0 0 
CGCGCGGC 0 0 0 0 0 0.333333 0.166667 0 0 0.166667 0.333333 0 0 0 0 0 0 0 0 0 0 0.2 0.4 0 0 0.2 0.2 0 0 0 0 0 0 0 0 0 0 0.25 0.25 0 0 0.25 0.25 0 0 0 0 0 0 0 0 0 0 0.333333 0.333333 0 0 0 0.333333 0 0 0 0 0 
CGCGCGTA 0 0 0 0 0 0.333333 0 0.166667 0.166667 0 0.333333 0 0 0 0 0 0 0 0 0 0.2 0 0.4 0 0 0.2 0 0.2 0 0 0 0 0 0 0 0 0 0.25 0 0.25 0.25 0 0.25 0 0 0 0 0 0 0 0 0 0.333333 0 0.333333 0 0 0 0 0.333333 0 0 0 0 
CGCGCGTC 0 0 0 0 0 0.333333 0 0.166667 0 0.166667 0.333333 0 0 0 0 0 0 0 0 0 0 0.2 0.4 0 0 0.2 0 0.2 0 0 0 0 0 0 0 0 0 0.25 0 0.25 0 0.25 0.25 0 0 0 0 0 0 0 0 0 0 0.333333 0.333333 0 0 0 0 0.333333 0 0 0 0 
CGGCGCGC 0 0 0 0 0 0.333333 0.166667 0 0 0.166667 0.333333 0 0 0 0 0 0 0 0 0 0 0.2 0.2 0 0 0.4 0.2 0 0 0 0 0 0 0 0 0 0 0.25 0.25 0 0 0.25 0.25 0 0 0 0 0 0 0 0 0 0 0.333333 0 0 0 0.333333 0.333333 0 0 0 0 0 
GCGCGCGA 0 0 0 0 0.166667 0.333333 0 0 0 0 0.5 0 0 0 0 0 0 0 0 0 0 0 0.4 0 0.2 0.4 0 0 0 0 0 0 0 0 0 0 0.25 0.25 0 0 0 0 0.5 0 0 0 0 0 0 0 0 0 0 0 0.333333 0 0.333333 0.333333 0 0 0 0 0 0 
GCGCGCGC 0 0 0 0 0 0.5 0 0 0 0 0.5 0 0 0 0 0 0 0 0 0 0 0 0.4 0 0 0.6 0 0 0 0 0 0 0 0 0 0 0 0.5 0 0 0 0 0.5 0 0 0 0 0 0 0 0 0 0 0 0.333333 0 0 0.666667 0 0 0 0 0 0 
GCGCGCTA 0 0 0 0 0.166667 0.333333 0 0 0 0 0.333333 0.166667 0 0 0 0 0 0 0 0 0 0 0.2 0.2 0.2 0.4 0 0 0 0 0 0 0 0 0 0 0.25 0.25 0 0 0 0 0.25 0.25 0 0 0 0 0 0 0 0 0 0 0 0.333333 0.333333 0.333333 0 0 0 0 0 0 
TCGCGCGA 0 0 0 0 0.166667 0.333333 0 0 0 0 0.333333 0 0 0 0.166667 0 0 0 0 0 0 0 0.4 0 0.2 0.2 0 0 0 0.2 0 0 0 0 0 0 0.25 0.25 0 0 0 0 0.25 0 0 0 0.25 0 0 0 0 0 0 0 0.333333 0 0.333333 0 0 0 0 0.333333 0 0 
AACGCGCG 0 0.166667 0.166667 0 0 0.333333 0 0 0 0 0.333333 0 0 0 0 0 0 0.2 0.2 0 0 0 0.4 0 0 0.2 0 0 0 0 0 0 0 0.25 0.25 0 0 0.25 0 0 0 0 0.25 0 0 0 0 0 0 0.333333 0.333333 0 0 0 0.333333 0 0 0 0 0 0 0 0 0 
ACGCGCGC 0 0 0.166667 0 0 0.5 0 0 0 0 0.333333 0 0 0 0 0 0 0.2 0 0 0 0 0.4 0 0 0.4 0 0 0 0 0 0 0 0 0.25 0 0 0.5 0 0 0 0 0.25 0 0 0 0 0 0 0.333333 0 0 0 0 0.333333 0 0 0.333333 0 0 0 0 0 0 
ACGCGCGG 0 0 0.166667 0 0 0.333333 0.166667 0 0 0 0.333333 0 0 0 0 0 0 0.2 0 0 0 0 0.4 0 0 0.2 0.2 0 0 0 0 0 0 0 0.25 0 0 0.25 0.25 0 0 0 0.25 0 0 0 0 0 0 0.333333 0 0 0 0 0.333333 0 0 0 0.333333 0 0 0 0 0 
AGCGCGCG 0 0.166667 0 0 0 0.333333 0 0 0 0 0.5 0 0 0 0 0 0 0 0.2 0 0 0 0.4 0 0 0.4 0 0 0 0 0 0 0 0.25 0 0 0 0.25 0 0 0 0 0.5 0 0 0 0 0 0 0 0.333333 0 0 0 0.333333 0 0 0.333333 0 0 0 0 0 0 
CACGCGCG 0 0 0.166667 0 0 0.5 0 0 0 0 0.333333 0 0 0 0 0 0 0.2 0 0 0 0 0.6 0 0 0.2 0 0 0 0 0 0 0 0 0.25 0 0 0.5 0 0 0 0 0.25 0 0 0 0 0 0 0.333333 0 0 0 0 0.666667 0 0 0 0 0 0 0 0 0 
CCCGCGCG 0 0 0 0 0 0.5 0.166667 0 0 0 0.333333 0 0 0 0 0 0 0 0 0 0 0.2 0.6 0 0 0.2 0 0 0 0 0 0 0 0 0 0 0 0.5 0.25 0 0 0 0.25 0 0 0 0 0 0 0 0 0 0 0.333333 0.666667 0 0 0 0 0 0 0 0 0 
CCGCGCGC 0 0 0 0 0 0.5 0.166667 0 0 0 0.333333 0 0 0 0 0 0 0 0 0 0 0.2 0.4 0 0 0.4 0 0 0 0 0 0 0 0 0 0 0 0.5 0.25 0 0 0 0.25 0 0 0 0 0 0 0 0 0 0 0.333333 0.333333 0 0 0.333333 0 0 0 0 0 0 
CCGCGCGG 0 0 0 0 0 0.333333 0.333333 0 0 0 0.333333 0 0 0 0 0 0 0 0 0 0 0.2 0.4 0 0 0.2 0.2 0 0 0 0 0 0 0 0 0 0 0.25 0.5 0 0 0 0.25 0 0 0 0 0 0 0 0 0 0 0.333333 0.333333 0 0 0 0.333333 0 0 0 0 0 
CGCGCGCA 0 0 0 0 0 0.5 0 0 0.166667 0 0.333333 0 0 0 0 0 0 0 0 0 0.2 0 0.4 0 0 0.4 0 0 0 0 0 0 0 0 0 0 0 0.5 0 0 0.25 0 0.25 0 0 0 0 0 0 0 0 0 0.333333 0 0.333333 0 0 0.333333 0 0 0 0 0 0 
CGCGCGCC 0 0 0 0 0 0.5 0 0 0 0.166667 0.333333 0 0 0 0 0 0 0 0 0 0 0.2 0.4 0 0 0.4 0 0 0 0 0 0 0 0 0 0 0 0.5 0 0 0 0.25 0.25 0 0 0 0 0 0 0 0 0 0 0.333333 0.333333 0 0 0.333333 0 0 0 0 0 0 
CGCGCGCG 0 0 0 0 0 0.5 0 0 0 0 0.5 0 0 0 0 0 0 0 0 0 0 0 0.6 0 0 0.4 0 0 0 0 0 0 0 0 0 0 0 0.5 0 0 0 0 0.5 0 0 0 0 0 0 0 0 0 0 0 0.666667 0 0 0.333333 0 0 0 0 0 0 
CGCGCGGA 0 0 0 0 0 0.333333 0.166667 0 0.166667 0 0.333333 0 0 0 0 0 0 0 0 0 0.2 0 0.4 0 0 0.2 0.2 0 0 0 0 0 0 0 0 0 0 0.25 0.25 0 0.25 0 0.25 0 0 0 0 0 0 0 0 0 0.333333 0 0.333333 0 0 0 0.333333 0 0 0 0 0 
CGCGCGGC 0 0 0 0 0 0.333333 0.166667 0 0 0.166667 0.333333 0 0 0 0 0 0 0 0 0 0 0.2 0.4 0 0 0.2 0.2 0 0 0 0 0 0 0 0 0 0 0.25 0.25 0 0 0.25 0.25 0 0 0 0 0 0 0 0 0 0 0.333333 0.333333 0 0 0 0.333333 0 0 0 0 0 
CGCGCGTA 0 0 0 0 0 0.333333 0 0.166667 0.166667 0 0.333333 0 0 0 0 0 0 0 0 0 0.2 0 0.4 0 0 0.2 0 0.2 0 0 0 0 0 0 0 0 0 0.25 0 0.25 0.25 0 0.25 0 0 0 0 0 0 0 0 0 0.333333 0 0.333333 0 0 0 0 0.333333 0 0 0 0 
CGGCGCGC 0 0 0 0 0 0.333333 0.166667 0 0 0.166667 0.333333 0 0 0 0 0 0 0 0 0 0 0.2 0.2 0 0 0.4 0.2 0 0 0 0 0 0 0 0 0 0 0.25 0.25 0 0 0.25 0.25 0 0 0 0 0 0 0 0 0 0 0.333333 0 0 0 0.333333 0.333333 0 0 0 0 0 
GCGCGCAC 0 0 0 0 0 0.5 0 0 0.166667 0 0.333333 0 0 0 0 0 0 0 0 0 0.2 0 0.2 0 0 0.6 0 0 0 0 0 0 0 0 0 0 0 0.5 0 0 0.25 0 0.25 0 0 0 0 0 0 0 0 0 0.333333 0 0 0 0 0.666667 0 0 0 0 0 0 
GCGCGCGA 0 0 0 0 0.166667 0.333333 0 0 0 0 0.5 0 0 0 0 0 0 0 0 0 0 0 0.4 0 0.2 0.4 0 0 0 0 0 0 0 0 0 0 0.25 0.25 0 0 0 0 0.5 0 0 0 0 0 0 0 0 0 0 0 0.333333 0 0.333333 0.333333 0 0 0 0 0 0 
GCGCGCGC 0 0 0 0 0 0.5 0 0 0 0 0.5 0 0 0 0 0 0 0 0 0 0 0 0.4 0 0 0.6 0 0 0 0 0 0 0 0 0 0 0 0.5 0 0 0 0 0.5 0 0 0 0 0 0 0 0 0 0 0 0.333333 0 0 0.666667 0 0 0 0 0 0 
AAACTCCG 0.166667 0.166667 0 0.166667 0 0.166667 0.166667 0 0 0 0 0 0 0.166667 0 0 0 0.4 0 0.2 0 0.2 0 0 0 0 0 0 0 0 0.2 0 0 0.5 0 0.25 0 0 0.25 0 0 0 0 0 0 0 0 0 0 0.666667 0.333333 0 0 0 0 0 0 0 0 0 0 0 0 0 
AAAGTCCG 0.166667 0 0.166667 0.166667 0 0 0.166667 0 0 0.166667 0 0 0 0.166667 0 0 0 0.2 0.2 0.2 0 0 0 0 0 0.2 0 0 0 0 0.2 0 0 0.5 0 0.25 0 0 0 0 0 0 0.25 0 0 0 0 0 0 0.666667 0.333333 0 0 0 0 0 0 0 0 0 0 0 0 0 
AACTCCGA 0 0.166667 0 0.166667 0.166667 0.166667 0.166667 0 0 0 0 0 0 0.166667 0 0 0 0.2 0 0.2 0.2 0.2 0 0 0 0 0 0 0 0 0.2 0 0 0.5 0 0 0 0 0.25 0 0 0 0 0 0.25 0 0 0 0 0.333333 0.333333 0 0.333333 0 0 0 0 0 0 0 0 0 0 0 
AACTCCGC 0 0.166667 0 0.166667 0 0.333333 0.166667 0 0 0 0 0 0 0.166667 0 0 0 0.2 0 0.2 0 0.4 0 0 0 0 0 0 0 0 0.2 0 0 0.5 0 0 0 0 0.25 0 0 0 0 0 0 0.25 0 0 0 0.333333 0.333333 0 0 0.333333 0 0 0 0 0 0 0 0 0 0 
AACTCCGG 0 0.166667 0 0.166667 0 0.166667 0.333333 0 0 0 0 0 0 0.166667 0 0 0 0.2 0 0.2 0 0.2 0.2 0 0 0 0 0 0 0 0.2 0 0 0.5 0 0 0 0 0.25 0 0 0 0 0 0 0 0.25 0 0 0.333333 0.333333 0 0 0 0.333333 0 0 0 0 0 0 0 0 0 
AACTCCGT 0 0.166667 0 0.166667 0 0.166667 0.166667 0.166667 0 0 0 0 0 0.166667 0 0 0 0.2 0 0.2 0 0.2 0 0.2 0 0 0 0 0 0 0.2 0 0 0.5 0 0 0 0 0.25 0 0 0 0 0 0 0 0 0.25 0 0.333333 0.333333 0 0 0 0 0.333333 0 0 0 0 0 0 0 0 
AAGTCCGA 0 0 0.166667 0.166667 0.166667 0 0.166667 0 0 0.166667 0 0 0 0.166667 0 0 0 0.2 0 0.2 0.2 0 0 0 0 0.2 0 0 0 0 0.2 0 0 0.5 0 0 0 0 0 0 0 0 0.25 0 0.25 0 0 0 0 0.333333 0.333333 0 0 0 0 0 0.333333 0 0 0 0 0 0 0 
AAGTCCGC 0 0 0.166667 0.166667 0 0.166667 0.166667 0 0 0.166667 0 0 0 0.166667 0 0 0 0.2 0 0.2 0 0.2 0 0 0 0.2 0 0 0 0 0.2 0 0 0.5 0 0 0 0 0 0 0 0 0.25 0 0 0.25 0 0 0 0.333333 0.333333 0 0 0 0 0 0 0.333333 0 0 0 0 0 0 
AAGTCCGG 0 0 0.166667 0.166667 0 0 0.333333 0 0 0.166667 0 0 0 0.166667 0 0 0 0.2 0 0.2 0 0 0.2 0 0 0.2 0 0 0 0 0.2 0 0 0.5 0 0 0 0 0 0 0 0 0.25 0 0 0 0.25 0 0 0.333333 0.333333 0 0 0 0 0 0 0 0.333333 0 0 0 0 0 
AAGTCCGT 0 0 0.166667 0.166667 0 0 0.166667 0.166667 0 0.166667 0 0 0 0.166667 0 0 0 0.2 0 0.2 0 0 0 0.2 0 0.2 0 0 0 0 0.2 0 0 0.5 0 0 0 0 0 0 0 0 0.25 0 0 0 0 0.25 0 0.333333 0.333333 0 0 0 0 0 0 0 0 0.333333 0 0 0 0 
ACCGGAGT 0 0.166667 0 0.166667 0 0 0.333333 0 0.166667 0 0.166667 0 0 0 0 0 0 0 0.2 0 0.2 0 0.2 0 0 0 0.2 0.2 0 0 0 0 0 0 0.25 0 0.25 0 0.25 0 0 0 0 0.25 0 0 0 0 0.333333 0 0 0 0 0 0.333333 0.333333 0 0 0 0 0 0 0 0 
ACGGAGTA 0 0 0.166667 0.166667 0 0 0.166667 0 0.333333 0 0.166667 0 0 0 0 0 0.2 0 0.2 0 0.2 0 0 0 0 0 0.2 0.2 0 0 0 0 0.25 0 0 0 0 0 0.25 0 0.25 0 0 0.25 0 0 0 0 0 0 0.333333 0 0 0 0 0.333333 0.333333 0 0 0 0 0 0 0 
ACTCCGAA 0 0 0 0.166667 0.166667 0.166667 0.166667 0 0.166667 0 0 0 0 0.166667 0 0 0 0.2 0 0 0.4 0.2 0 0 0 0 0 0 0 0 0.2 0 0 0.25 0 0 0.25 0 0.25 0 0 0 0 0 0.25 0 0 0 0 0 0.333333 0 0.333333 0 0 0 0 0 0 0 0.333333 0 0 0 
ACTCCGAC 0 0 0 0.166667 0.166667 0.166667 0.166667 0 0 0.166667 0 0 0 0.166667 0 0 0 0.2 0 0 0.2 0.4 0 0 0 0 0 0 0 0 0.2 0 0 0.25 0 0 0 0.25 0.25 0 0 0 0 0 0.25 0 0 0 0 0 0.333333 0 0.333333 0 0 0 0 0 0 0 0 0.333333 0 0 
ACTCCGAG 0 0 0 0.166667 0.166667 0.166667 0.166667 0 0 0 0.166667 0 0 0.166667 0 0 0 0.2 0 0 0.2 0.2 0.2 0 0 0 0 0 0 0 0.2 0 0 0.25 0 0 0 0 0.5 0 0 0 0 0 0.25 0 0 0 0 0 0.333333 0 0.333333 0 0 0 0 0 0 0 0 0 0.333333 0 
ACTCCGAT 0 0 0 0.166667 0.166667 0.166667 0.166667 0 0 0 0 0.166667 0 0.166667 0 0 0 0.2 0 0 0.2 0.2 0 0.2 0 0 0 0 0 0 0.2 0 0 0.25 0 0 0 0 0.25 0.25 0 0 0 0 0.25 0 0 0 0 0 0.333333 0 0.333333 0 0 0 0 0 0 0 0 0 0 0.333333 
ACTCCGCG 0 0 0 0.166667 0 0.333333 0.166667 0 0 0 0.166667 0 0 0.166667 0 0 0 0.2 0 0 0 0.4 0.2 0 0 0 0 0 0 0 0.2 0 0 0.25 0 0 0 0 0.5 0 0 0 0 0 0 0.25 0 0 0 0 0.333333 0 0 0.333333 0 0 0 0 0 0 0 0 0.333333 0 
ACTCCGGA 0 0 0 0.166667 0 0.166667 0.333333 0 0.166667 0 0 0 0 0.166667 0 0 0 0.2 0 0 0.2 0.2 0.2 0 0 0 0 0 0 0 0.2 0 0 0.25 0 0 0.25 0 0.25 0 0 0 0 0 0 0 0.25 0 0 0 0.333333 0 0 0 0.333333 0 0 0 0 0 0.333333 0 0 0 
ACTCCGGC 0 0 0 0.166667 0 0.166667 0.333333 0 0 0.166667 0 0 0 0.166667 0 0 0 0.2 0 0 0 0.4 0.2 0 0 0 0 0 0 0 0.2 0 0 0.25 0 0 0 0.25 0.25 0 0 0 0 0 0 0 0.25 0 0 0 0.333333 0 0 0 0.333333 0 0 0 0 0 0 0.333333 0 0 
ACTCCGGG 0 0 0 0.166667 0 0.166667 0.333333 0 0 0 0.166667 0 0 0.166667 0 0 0 0.2 0 0 0 0.2 0.4 0 0 0 0 0 0 0 0.2 0 0 0.25 0 0 0 0 0.5 0 0 0 0 0 0 0 0.25 0 0 0 0.333333 0 0 0 0.333333 0 0 0 0 0 0 0 0.333333 0 
ACTCCGTA 0 0 0 0.166667 0 0.166667 0.166667 0.166667 0.166667 0 0 0 0 0.166667 0 0 0 0.2 0 0 0.2 0.2 0 0.2 0 0 0 0 0 0 0.2 0 0 0.25 0 0 0.25 0 0.25 0 0 0 0 0 0 0 0 0.25 0 0 0.333333 0 0 0 0 0.333333 0 0 0 0 0.333333 0 0 0 
AGTCCGAA 0 0 0 0.166667 0.166667 0 0.166667 0 0.166667 0.166667 0 0 0 0.166667 0 0 0 0.2 0 0 0.4 0 0 0 0 0.2 0 0 0 0 0.2 0 0 0.25 0 0 0.25 0 0 0 0 0 0.25 0 0.25 0 0 0 0 0 0.333333 0 0 0 0 0 0.333333 0 0 0 0.333333 0 0 0 
ATACTCCG 0.166667 0 0 0.166667 0 0.166667 0.166667 0 0 0 0 0 0 0.333333 0 0 0 0.4 0 0 0 0.2 0 0 0 0 0 0 0 0 0.2 0.2 0 0.25 0 0.25 0 0 0.25 0 0 0 0 0 0 0.25 0 0 0 0.333333 0.333333 0 0 0 0 0 0 0 0 0 0 0.333333 0 0 
CAACTCCG 0 0.166667 0 0.166667 0.166667 0.166667 0.166667 0 0 0 0 0 0 0.166667 0 0 0 0.2 0 0.2 0 0.4 0 0 0 0 0 0 0 0 0.2 0 0 0.5 0 0 0 0 0.25 0.25 0 0 0 0 0 0 0 0 0 0.333333 0.333333 0 0 0.333333 0 0 0 0 0 0 0 0 0 0 
CAAGTCCG 0 0 0.166667 0.166667 0.166667 0 0.166667 0 0 0.166667 0 0 0 0.166667 0 0 0 0.2 0 0.2 0 0 0.2 0 0 0.2 0 0 0 0 0.2 0 0 0.5 0 0 0 0 0 0.25 0 0 0.25 0 0 0 0 0 0 0.333333 0.333333 0 0 0.333333 0 0 0 0 0 0 0 0 0 0 
CACTCCGA 0 0 0 0.166667 0.166667 0.333333 0.166667 0 0 0 0 0 0 0.166667 0 0 0 0.2 0 0 0.2 0.2 0 0.2 0 0 0 0 0 0 0.2 0 0 0.25 0 0 0 0.25 0.25 0 0 0 0 0 0.25 0 0 0 0 0 0.333333 0 0.333333 0.333333 0 0 0 0 0 0 0 0 0 0 
CCGGAGTA 0 0 0 0.166667 0 0 0.333333 0 0.333333 0 0.166667 0 0 0 0 0 0.2 0 0 0 0.2 0 0.2 0 0 0 0.2 0.2 0 0 0 0 0 0 0 0 0.25 0 0.25 0 0.25 0 0 0.25 0 0 0 0 0 0 0 0 0 0 0.333333 0.333333 0.333333 0 0 0 0 0 0 0 
CCGGAGTC 0 0 0 0.166667 0 0 0.333333 0 0.166667 0.166667 0.166667 0 0 0 0 0 0 0.2 0 0 0.2 0 0.2 0 0 0 0.2 0.2 0 0 0 0 0 0 0 0 0.25 0 0.25 0 0 0.25 0 0.25 0 0 0 0 0 0 0 0 0 0 0.333333 0.333333 0 0.333333 0 0 0 0 0 0 
CGGACTTA 0 0 0 0.166667 0 0 0.166667 0.166667 0.166667 0.166667 0 0 0.166667 0 0 0 0 0 0 0.2 0.4 0 0 0 0 0.2 0 0.2 0 0 0 0 0.25 0 0 0 0 0.25 0 0 0 0 0 0.5 0 0 0 0 0 0 0 0 0 0 0 0.333333 0.333333 0 0 0.333333 0 0 0 0 
CGGACTTC 0 0 0 0.166667 0 0 0.166667 0.166667 0.166667 0.166667 0 0 0 0.166667 0 0 0 0 0 0.2 0.2 0.2 0 0 0 0.2 0 0.2 0 0 0 0 0 0.25 0 0 0 0.25 0 0 0 0 0 0.5 0 0 0 0 0 0 0 0 0 0 0 0.333333 0 0.333333 0 0.333333 0 0 0 0 
CGGAGTAA 0 0 0 0.166667 0 0 0.166667 0 0.333333 0 0.166667 0 0.166667 0 0 0 0.2 0 0 0 0.2 0 0 0 0.2 0 0.2 0.2 0 0 0 0 0.25 0 0 0 0 0 0.25 0 0.25 0 0 0.25 0 0 0 0 0 0 0 0 0 0 0 0.333333 0.666667 0 0 0 0 0 0 0 
CGGAGTAC 0 0 0 0.166667 0 0 0.166667 0 0.333333 0 0.166667 0 0 0.166667 0 0 0.2 0 0 0 0.2 0 0 0 0 0.2 0.2 0.2 0 0 0 0 0 0.25 0 0 0 0 0.25 0 0.25 0 0 0.25 0 0 0 0 0 0 0 0 0 0 0 0.333333 0.333333 0.333333 0 0 0 0 0 0 
CGGAGTCC 0 0 0 0.166667 0 0 0.166667 0 0.166667 0.166667 0.166667 0 0 0.166667 0 0 0 0.2 0 0 0.2 0 0 0 0 0.2 0.2 0.2 0 0 0 0 0 0.25 0 0 0 0 0.25 0 0 0.25 0 0.25 0 0 0 0 0 0 0 0 0 0 0 0.333333 0 0.666667 0 0 0 0 0 0 
CGGAGTTA 0 0 0 0.166667 0 0 0.166667 0 0.166667 0 0.166667 0.166667 0.166667 0 0 0 0 0 0 0.2 0.2 0 0 0 0.2 0 0.2 0.2 0 0 0 0 0.25 0 0 0 0 0 0.25 0 0 0 0 0.5 0 0 0 0 0 0 0 0 0 0 0 0.333333 0.333333 0 0 0.333333 0 0 0 0 
CGGAGTTC 0 0 0 0.166667 0 0 0.166667 0 0.166667 0 0.166667 0.166667 0 0.166667 0 0 0 0 0 0.2 0.2 0 0 0 0 0.2 0.2 0.2 0 0 0 0 0 0.25 0 0 0 0 0.25 0 0 0 0 0.5 0 0 0 0 0 0 0 0 0 0 0 0.333333 0 0.333333 0 0.333333 0 0 0 0 
GACTCCGA 0 0 0 0.166667 0.166667 0.166667 0.166667 0 0 0.166667 0 0 0 0.166667 0 0 0 0.2 0 0 0.2 0.2 0 0 0 0 0 0.2 0 0 0.2 0 0 0.25 0 0 0 0 0.25 0 0 0.25 0 0 0.25 0 0 0 0 0 0.333333 0 0.333333 0 0 0 0 0.333333 0 0 0 0 0 0 
TACTCCGA 0 0 0 0.166667 0.166667 0.166667 0.166667 0 0 0 0 0 0 0.333333 0 0 0 0.2 0 0 0.2 0.2 0 0 0 0 0 0 0 0 0.2 0.2 0 0.25 0 0 0 0 0.25 0 0 0 0 0 0.25 0.25 0 0 0 0 0.333333 0 0.333333 0 0 0 0 0 0 0 0 0.333333 0 0 
AAACTCCG 0.166667 0.166667 0 0.166667 0 0.166667 0.166667 0 0 0 0 0 0 0.166667 0 0 0 0.4 0 0.2 0 0.2 0 0 0 0 0 0 0 0 0.2 0 0 0.5 0 0.25 0 0 0.25 0 0 0 0 0 0 0 0 0 0 0.666667 0.333333 0 0 0 0 0 0 0 0 0 0 0 0 0 
AAAGTCCG 0.166667 0 0.166667 0.166667 0 0 0.166667 0 0 0.166667 0 0 0 0.166667 0 0 0 0.2 0.2 0.2 0 0 0 0 0 0.2 0 0 0 0 0.2 0 0 0.5 0 0.25 0 0 0 0 0 0 0.25 0 0 0 0 0 0 0.666667 0.333333 0 0 0 0 0 0 0 0 0 0 0 0 0 
AACTCCGA 0 0.166667 0 0.166667 0.166667 0.166667 0.166667 0 0 0 0 0 0 0.166667 0 0 0 0.2 0 0.2 0.2 0.2 0 0 0 0 0 0 0 0 0.2 0 0 0.5 0 0 0 0 0.25 0 0 0 0 0 0.25 0 0 0 0 0.333333 0.333333 0 0.333333 0 0 0 0 0 0 0 0 0 0 0 
AACTCCGC 0 0.166667 0 0.166667 0 0.333333 0.166667 0 0 0 0 0 0 0.166667 0 0 0 0.2 0 0.2 0 0.4 0 0 0 0 0 0 0 0 0.2 0 0 0.5 0 0 0 0 0.25 0 0 0 0 0 0 0.25 0 0 0 0.333333 0.333333 0 0 0.333333 0 0 0 0 0 0 0 0 0 0 
AACTCCGG 0 0.166667 0 0.166667 0 0.166667 0.333333 0 0 0 0 0 0 0.166667 0 0 0 0.2 0 0.2 0 0.2 0.2 0 0 0 0 0 0 0 0.2 0 0 0.5 0 0 0 0 0.25 0 0 0 0 0 0 0 0.25 0 0 0.333333 0.333333 0 0 0 0.333333 0 0 0 0 0 0 0 0 0 
AACTCCGT 0 0.166667 0 0.166667 0 0.166667 0.166667 0.166667 0 0 0 0 0 0.166667 0 0 0 0.2 0 0.2 0 0.2 0 0.2 0 0 0 0 0 0 0.2 0 0 0.5 0 0 0 0 0.25 0 0 0 0 0 0 0 0 0.25 0 0.333333 0.333333 0 0 0 0 0.333333 0 0 0 0 0 0 0 0 
AAGTCCGA 0 0 0.166667 0.166667 0.166667 0 0.166667 0 0 0.166667 0 0 0 0.166667 0 0 0 0.2 0 0.2 0.2 0 0 0 0 0.2 0 0 0 0 0.2 0 0 0.5 0 0 0 0 0 0 0 0 0.25 0 0.25 0 0 0 0 0.333333 0.333333 0 0 0 0 0 0.333333 0 0 0 0 0 0 0 
AAGTCCGG 0 0 0.166667 0.166667 0 0 0.333333 0 0 0.166667 0 0 0 0.166667 0 0 0 0.2 0 0.2 0 0 0.2 0 0 0.2 0 0 0 0 0.2 0 0 0.5 0 0 0 0 0 0 0 0 0.25 0 0 0 0.25 0 0 0.333333 0.333333 0 0 0 0 0 0 0 0.333333 0 0 0 0 0 
AAGTCCGT 0 0 0.166667 0.166667 0 0 0.166667 0.166667 0 0.166667 0 0 0 0.166667 0 0 0 0.2 0 0.2 0 0 0 0.2 0 0.2 0 0 0 0 0.2 0 0 0.5 0 0 0 0 0 0 0 0 0.25 0 0 0 0 0.25 0 0.333333 0.333333 0 0 0 0 0 0 0 0 0.333333 0 0 0 0 
ACCGGAGT 0 0.166667 0 0.166667 0 0 0.333333 0 0.166667 0 0.166667 0 0 0 0 0 0 0 0.2 0 0.2 0 0.2 0 0 0 0.2 0.2 0 0 0 0 0 0 0.25 0 0.25 0 0.25 0 0 0 0 0.25 0 0 0 0 0.333333 0 0 0 0 0 0.333333 0.333333 0 0 0 0 0 0 0 0 
ACTCCGAA 0 0 0 0.166667 0.166667 0.166667 0.166667 0 0.166667 0 0 0 0 0.166667 0 0 0 0.2 0 0 0.4 0.2 0 0 0 0 0 0 0 0 0.2 0 0 0.25 0 0 0.25 0 0.25 0 0 0 0 0 0.25 0 0 0 0 0 0.333333 0 0.333333 0 0 0 0 0 0 0 0.333333 0 0 0 
ACTCCGAC 0 0 0 0.166667 0.166667 0.166667 0.166667 0 0 0.166667 0 0 0 0.166667 0 0 0 0.2 0 0 0.2 0.4 0 0 0 0 0 0 0 0 0.2 0 0 0.25 0 0 0 0.25 0.25 0 0 0 0 0 0.25 0 0 0 0 0 0.333333 0 0.333333 0 0 0 0 0 0 0 0 0.333333 0 0 
ACTCCGAG 0 0 0 0.166667 0.166667 0.166667 0.166667 0 0 0 0.166667 0 0 0.166667 0 0 0 0.2 0 0 0.2 0.2 0.2 0 0 0 0 0 0 0 0.2 0 0 0.25 0 0 0 0 0.5 0 0 0 0 0 0.25 0 0 0 0 0 0.333333 0 0.333333 0 0 0 0 0 0 0 0 0 0.333333 0 
ACTCCGAT 0 0 0 0.166667 0.166667 0.166667 0.166667 0 0 0 0 0.166667 0 0.166667 0 0 0 0.2 0 0 0.2 0.2 0 0.2 0 0 0 0 0 0 0.2 0 0 0.25 0 0 0 0 0.25 0.25 0 0 0 0 0.25 0 0 0 0 0 0.333333 0 0.333333 0 0 0 0 0 0 0 0 0 0 0.333333 
ACTCCGGA 0 0 0 0.166667 0 0.166667 0.333333 0 0.166667 0 0 0 0 0.166667 0 0 0 0.2 0 0 0.2 0.2 0.2 0 0 0 0 0 0 0 0.2 0 0 0.25 0 0 0.25 0 0.25 0 0 0 0 0 0 0 0.25 0 0 0 0.333333 0 0 0 0.333333 0 0 0 0 0 0.333333 0 0 0 
ACTCCGGC 0 0 0 0.166667 0 0.166667 0.333333 0 0 0.166667 0 0 0 0.166667 0 0 0 0.2 0 0 0 0.4 0.2 0 0 0 0 0 0 0 0.2 0 0 0.25 0 0 0 0.25 0.25 0 0 0 0 0 0 0 0.25 0 0 0 0.333333 0 0 0 0.333333 0 0 0 0 0 0 0.333333 0 0 
ACTCCGGG 0 0 0 0.166667 0 0.166667 0.333333 0 0 0 0.166667 0 0 0.166667 0 0 0 0.2 0 0 0 0.2 0.4 0 0 0 0 0 0 0 0.2 0 0 0.25 0 0 0 0 0.5 0 0 0 0 0 0 0 0.25 0 0 0 0.333333 0 0 0 0.333333 0 0 0 0 0 0 0 0.333333 0 
AGTCCGAG 0 0 0 0.166667 0.166667 0 0.166667 0 0 0.166667 0.166667 0 0 0.166667 0 0 0 0.2 0 0 0.2 0 0.2 0 0 0.2 0 0 0 0 0.2 0 0 0.25 0 0 0 0 0.25 0 0 0 0.25 0 0.25 0 0 0 0 0 0.333333 0 0 0 0 0 0.333333 0 0 0 0 0 0.333333 0 
AGTCCGAT 0 0 0 0.166667 0.166667 0 0.166667 0 0 0.166667 0 0.166667 0 0.166667 0 0 0 0.2 0 0 0.2 0 0 0.2 0 0.2 0 0 0 0 0.2 0 0 0.25 0 0 0 0 0 0.25 0 0 0.25 0 0.25 0 0 0 0 0 0.333333 0 0 0 0 0 0.333333 0 0 0 0 0 0 0.333333 
AGTCCGGA 0 0 0 0.166667 0 0 0.333333 0 0.166667 0.166667 0 0 0 0.166667 0 0 0 0.2 0 0 0.2 0 0.2 0 0 0.2 0 0 0 0 0.2 0 0 0.25 0 0 0.25 0 0 0 0 0 0.25 0 0 0 0.25 0 0 0 0.333333 0 0 0 0 0 0 0 0.333333 0 0.333333 0 0 0 
ATACTCCG 0.166667 0 0 0.166667 0 0.166667 0.166667 0 0 0 0 0 0 0.333333 0 0 0 0.4 0 0 0 0.2 0 0 0 0 0 0 0 0 0.2 0.2 0 0.25 0 0.25 0 0 0.25 0 0 0 0 0 0 0.25 0 0 0 0.333333 0.333333 0 0 0 0 0 0 0 0 0 0 0.333333 0 0 
CAACTCCG 0 0.166667 0 0.166667 0.166667 0.166667 0.166667 0 0 0 0 0 0 0.166667 0 0 0 0.2 0 0.2 0 0.4 0 0 0 0 0 0 0 0 0.2 0 0 0.5 0 0 0 0 0.25 0.25 0 0 0 0 0 0 0 0 0 0.333333 0.333333 0 0 0.333333 0 0 0 0 0 0 0 0 0 0 
CAAGTCCG 0 0 0.166667 0.166667 0.166667 0 0.166667 0 0 0.166667 0 0 0 0.166667 0 0 0 0.2 0 0.2 0 0 0.2 0 0 0.2 0 0 0 0 0.2 0 0 0.5 0 0 0 0 0 0.25 0 0 0.25 0 0 0 0 0 0 0.333333 0.333333 0 0 0.333333 0 0 0 0 0 0 0 0 0 0 
CCGGAGTA 0 0 0 0.166667 0 0 0.333333 0 0.333333 0 0.166667 0 0 0 0 0 0.2 0 0 0 0.2 0 0.2 0 0 0 0.2 0.2 0 0 0 0 0 0 0 0 0.25 0 0.25 0 0.25 0 0 0.25 0 0 0 0 0 0 0 0 0 0 0.333333 0.333333 0.333333 0 0 0 0 0 0 0 
CGGACTTA 0 0 0 0.166667 0 0 0.166667 0.166667 0.166667 0.166667 0 0 0.166667 0 0 0 0 0 0 0.2 0.4 0 0 0 0 0.2 0 0.2 0 0 0 0 0.25 0 0 0 0 0.25 0 0 0 0 0 0.5 0 0 0 0 0 0 0 0 0 0 0 0.333333 0.333333 0 0 0.333333 0 0 0 0 
CGGACTTC 0 0 0 0.166667 0 0 0.166667 0.166667 0.166667 0.166667 0 0 0 0.166667 0 0 0 0 0 0.2 0.2 0.2 0 0 0 0.2 0 0.2 0 0 0 0 0 0.25 0 0 0 0.25 0 0 0 0 0 0.5 0 0 0 0 0 0 0 0 0 0 0 0.333333 0 0.333333 0 0.333333 0 0 0 0 
CGGAGTAG 0 0 0 0.166667 0 0 0.166667 0 0.333333 0 0.166667 0 0 0 0.166667 0 0.2 0 0 0 0.2 0 0 0 0 0 0.4 0.2 0 0 0 0 0 0 0.25 0 0 0 0.25 0 0.25 0 0 0.25 0 0 0 0 0 0 0 0 0 0 0 0.333333 0.333333 0 0.333333 0 0 0 0 0 
CGGAGTTA 0 0 0 0.166667 0 0 0.166667 0 0.166667 0 0.166667 0.166667 0.166667 0 0 0 0 0 0 0.2 0.2 0 0 0 0.2 0 0.2 0.2 0 0 0 0 0.25 0 0 0 0 0 0.25 0 0 0 0 0.5 0 0 0 0 0 0 0 0 0 0 0 0.333333 0.333333 0 0 0.333333 0 0 0 0 
CGGAGTTC 0 0 0 0.166667 0 0 0.166667 0 0.166667 0 0.166667 0.166667 0 0.166667 0 0 0 0 0 0.2 0.2 0 0 0 0 0.2 0.2 0.2 0 0 0 0 0 0.25 0 0 0 0 0.25 0 0 0 0 0.5 0 0 0 0 0 0 0 0 0 0 0 0.333333 0 0.333333 0 0.333333 0 0 0 0 
GACTCCGA 0 0 0 0.166667 0.166667 0.166667 0.166667 0 0 0.166667 0 0 0 0.166667 0 0 0 0.2 0 0 0.2 0.2 0 0 0 0 0 0.2 0 0 0.2 0 0 0.25 0 0 0 0 0.25 0 0 0.25 0 0 0.25 0 0 0 0 0 0.333333 0 0.333333 0 0 0 0 0.333333 0 0 0 0 0 0 
TACTCCGA 0 0 0 0.166667 0.166667 0.166667 0.166667 0 0 0 0 0 0 0.333333 0 0 0 0.2 0 0 0.2 0.2 0 0 0 0 0 0 0 0 0.2 0.2 0 0.25 0 0 0 0 0.25 0 0 0 0 0 0.25 0.25 0 0 0 0 0.333333 0 0.333333 0 0 0 0 0 0 0 0 0.333333 0 0 
ACGGAACC 0 0.333333 0.166667 0 0 0 0.166667 0 0.333333 0 0 0 0 0 0 0 0 0.2 0.2 0 0.2 0 0 0 0.2 0.2 0 0 0 0 0 0 0.25 0 0 0 0.25 0 0 0 0 0.5 0 0 0 0 0 0 0.333333 0 0 0 0 0.333333 0 0 0 0.333333 0 0 0 0 0 0 
ACGGATCC 0 0.166667 0.166667 0 0 0 0.166667 0 0.166667 0 0 0.166667 0 0.166667 0 0 0 0.2 0.2 0 0.2 0 0 0 0 0.2 0 0.2 0 0 0 0 0.25 0 0 0 0 0 0 0.25 0 0.5 0 0 0 0 0 0 0 0 0 0.333333 0 0.333333 0 0 0 0.333333 0 0 0 0 0 0 
CCGGATCC 0 0.166667 0 0 0 0 0.333333 0 0.166667 0 0 0.166667 0 0.166667 0 0 0 0.2 0 0 0.2 0 0.2 0 0 0.2 0 0.2 0 0 0 0 0 0 0 0 0.25 0 0 0.25 0 0.5 0 0 0 0 0 0 0 0 0 0 0 0.333333 0 0.333333 0 0.333333 0 0 0 0 0 0 
CGGAACCG 0 0.333333 0 0 0 0 0.333333 0 0.333333 0 0 0 0 0 0 0 0 0.2 0.2 0 0.2 0 0 0 0.2 0.2 0 0 0 0 0 0 0 0 0.25 0 0.25 0 0 0 0 0.5 0 0 0 0 0 0 0 0 0 0 0 0.333333 0 0 0 0.333333 0.333333 0 0 0 0 0 
CGGACCCG 0 0.166667 0 0 0 0.166667 0.333333 0 0.166667 0.166667 0 0 0 0 0 0 0 0.2 0 0 0.2 0 0.2 0 0 0.4 0 0 0 0 0 0 0 0 0.25 0 0 0.25 0 0 0 0.5 0 0 0 0 0 0 0 0 0 0 0 0.333333 0 0 0 0.333333 0.333333 0 0 0 0 0 
CGGAGCCG 0 0.166667 0 0 0 0 0.333333 0 0.166667 0.166667 0.166667 0 0 0 0 0 0 0.2 0 0 0.2 0 0 0 0 0.2 0.4 0 0 0 0 0 0 0 0.25 0 0 0 0.25 0 0 0.5 0 0 0 0 0 0 0 0 0 0 0 0.333333 0 0 0 0.333333 0.333333 0 0 0 0 0 
CGGATCCA 0 0.166667 0 0 0.166667 0 0.166667 0 0.166667 0 0 0.166667 0 0.166667 0 0 0 0.2 0 0 0.2 0 0 0 0 0.2 0 0.2 0.2 0 0 0 0.25 0 0 0 0 0 0 0.25 0 0.5 0 0 0 0 0 0 0 0 0 0 0 0.333333 0 0 0.333333 0.333333 0 0 0 0 0 0 
CGGATCCG 0 0.166667 0 0 0 0 0.333333 0 0.166667 0 0 0.166667 0 0.166667 0 0 0 0.2 0 0 0.2 0 0 0 0 0.2 0 0.2 0 0 0.2 0 0 0 0.25 0 0 0 0 0.25 0 0.5 0 0 0 0 0 0 0 0 0 0 0 0.333333 0 0 0 0.333333 0.333333 0 0 0 0 0 
CGGGCCCG 0 0 0 0 0 0.166667 0.333333 0 0 0.333333 0.166667 0 0 0 0 0 0 0 0 0 0 0 0.4 0 0 0.6 0 0 0 0 0 0 0 0 0 0 0 0.25 0 0 0 0.5 0.25 0 0 0 0 0 0 0 0 0 0 0.333333 0 0 0 0.333333 0.333333 0 0 0 0 0 
GCGGAGCC 0 0.166667 0 0 0 0 0.166667 0 0.166667 0.166667 0.333333 0 0 0 0 0 0 0.2 0 0 0.2 0 0 0 0 0.2 0.4 0 0 0 0 0 0 0 0 0 0 0 0.25 0 0.25 0.5 0 0 0 0 0 0 0 0 0 0 0 0.333333 0 0 0 0.333333 0.333333 0 0 0 0 0 
GCGGATCC 0 0.166667 0 0 0 0 0.166667 0 0.166667 0 0.166667 0.166667 0 0.166667 0 0 0 0.2 0 0 0.2 0 0 0 0 0.2 0.2 0.2 0 0 0 0 0 0 0 0 0 0 0 0.25 0.25 0.5 0 0 0 0 0 0 0 0 0 0 0 0.333333 0 0 0 0.333333 0 0.333333 0 0 0 0 
GCGGCTCC 0 0 0 0 0 0.166667 0.166667 0 0 0.166667 0.166667 0.166667 0 0.166667 0 0 0 0 0 0 0 0.4 0 0 0 0.2 0.2 0.2 0 0 0 0 0 0 0 0 0 0 0 0.25 0 0.75 0 0 0 0 0 0 0 0 0 0 0 0.333333 0 0 0 0.333333 0 0.333333 0 0 0 0 
GGATCCGA 0 0.166667 0 0 0.166667 0 0.166667 0 0.166667 0 0 0.166667 0 0.166667 0 0 0 0.2 0 0 0.2 0 0 0 0 0.2 0 0.2 0 0 0.2 0 0 0 0.25 0 0 0 0 0 0 0.5 0 0 0.25 0 0 0 0.333333 0 0 0 0 0 0 0 0 0.333333 0.333333 0 0 0 0 0 
TCCGCGGA 0 0 0 0 0 0.166667 0.333333 0 0.166667 0 0.166667 0 0 0.166667 0 0 0 0 0 0 0.2 0.2 0.2 0 0 0 0.2 0 0 0 0.2 0 0 0 0 0 0 0 0.5 0 0.25 0 0 0 0 0.25 0 0 0 0 0 0 0.333333 0 0.333333 0 0 0 0 0 0 0 0.333333 0 
ACGGATCC 0 0.166667 0.166667 0 0 0 0.166667 0 0.166667 0 0 0.166667 0 0.166667 0 0 0 0.2 0.2 0 0.2 0 0 0 0 0.2 0 0.2 0 0 0 0 0.25 0 0 0 0 0 0 0.25 0 0.5 0 0 0 0 0 0 0 0 0 0.333333 0 0.333333 0 0 0 0.333333 0 0 0 0 0 0 
CCGGATCC 0 0.166667 0 0 0 0 0.333333 0 0.166667 0 0 0.166667 0 0.166667 0 0 0 0.2 0 0 0.2 0 0.2 0 0 0.2 0 0.2 0 0 0 0 0 0 0 0 0.25 0 0 0.25 0 0.5 0 0 0 0 0 0 0 0 0 0 0 0.333333 0 0.333333 0 0.333333 0 0 0 0 0 0 
CGGAACCG 0 0.333333 0 0 0 0 0.333333 0 0.333333 0 0 0 0 0 0 0 0 0.2 0.2 0 0.2 0 0 0 0.2 0.2 0 0 0 0 0 0 0 0 0.25 0 0.25 0 0 0 0 0.5 0 0 0 0 0 0 0 0 0 0 0 0.333333 0 0 0 0.333333 0.333333 0 0 0 0 0 
CGGACCCG 0 0.166667 0 0 0 0.166667 0.333333 0 0.166667 0.166667 0 0 0 0 0 0 0 0.2 0 0 0.2 0 0.2 0 0 0.4 0 0 0 0 0 0 0 0 0.25 0 0 0.25 0 0 0 0.5 0 0 0 0 0 0 0 0 0 0 0 0.333333 0 0 0 0.333333 0.333333 0 0 0 0 0 
CGGAGCCG 0 0.166667 0 0 0 0 0.333333 0 0.166667 0.166667 0.166667 0 0 0 0 0 0 0.2 0 0 0.2 0 0 0 0 0.2 0.4 0 0 0 0 0 0 0 0.25 0 0 0 0.25 0 0 0.5 0 0 0 0 0 0 0 0 0 0 0 0.333333 0 0 0 0.333333 0.333333 0 0 0 0 0 
CGGATCCA 0 0.166667 0 0 0.166667 0 0.166667 0 0.166667 0 0 0.166667 0 0.166667 0 0 0 0.2 0 0 0.2 0 0 0 0 0.2 0 0.2 0.2 0 0 0 0.25 0 0 0 0 0 0 0.25 0 0.5 0 0 0 0 0 0 0 0 0 0 0 0.333333 0 0 0.333333 0.333333 0 0 0 0 0 0 
CGGATCCC 0 0.166667 0 0 0 0.166667 0.166667 0 0.166667 0 0 0.166667 0 0.166667 0 0 0 0.2 0 0 0.2 0 0 0 0 0.2 0 0.2 0 0.2 0 0 0 0.25 0 0 0 0 0 0.25 0 0.5 0 0 0 0 0 0 0 0 0 0 0 0.333333 0 0 0 0.666667 0 0 0 0 0 0 
CGGATCCG 0 0.166667 0 0 0 0 0.333333 0 0.166667 0 0 0.166667 0 0.166667 0 0 0 0.2 0 0 0.2 0 0 0 0 0.2 0 0.2 0 0 0.2 0 0 0 0.25 0 0 0 0 0.25 0 0.5 0 0 0 0 0 0 0 0 0 0 0 0.333333 0 0 0 0.333333 0.333333 0 0 0 0 0 
CGGGCCCG 0 0 0 0 0 0.166667 0.333333 0 0 0.333333 0.166667 0 0 0 0 0 0 0 0 0 0 0 0.4 0 0 0.6 0 0 0 0 0 0 0 0 0 0 0 0.25 0 0 0 0.5 0.25 0 0 0 0 0 0 0 0 0 0 0.333333 0 0 0 0.333333 0.333333 0 0 0 0 0 
CGGTACCG 0 0.166667 0 0 0 0 0.333333 0 0.166667 0 0 0.166667 0 0.166667 0 0 0 0 0.2 0 0 0 0 0.2 0.2 0.2 0 0 0 0.2 0 0 0 0 0 0 0.25 0 0 0 0 0.5 0 0 0 0 0.25 0 0 0 0 0 0 0.333333 0 0 0 0.333333 0.333333 0 0 0 0 0 
GCGGAACC 0 0.333333 0 0 0 0 0.166667 0 0.333333 0 0.166667 0 0 0 0 0 0 0.2 0 0 0.2 0 0 0 0.2 0.2 0.2 0 0 0 0 0 0 0 0 0 0.25 0 0 0 0.25 0.5 0 0 0 0 0 0 0 0 0 0 0 0.333333 0 0 0.333333 0.333333 0 0 0 0 0 0 
GCGGACCC 0 0.166667 0 0 0 0.166667 0.166667 0 0.166667 0.166667 0.166667 0 0 0 0 0 0 0.2 0 0 0.2 0 0 0 0 0.4 0.2 0 0 0 0 0 0 0 0 0 0 0.25 0 0 0.25 0.5 0 0 0 0 0 0 0 0 0 0 0 0.333333 0 0 0 0.666667 0 0 0 0 0 0 
GCGGATCC 0 0.166667 0 0 0 0 0.166667 0 0.166667 0 0.166667 0.166667 0 0.166667 0 0 0 0.2 0 0 0.2 0 0 0 0 0.2 0.2 0.2 0 0 0 0 0 0 0 0 0 0 0 0.25 0.25 0.5 0 0 0 0 0 0 0 0 0 0 0 0.333333 0 0 0 0.333333 0 0.333333 0 0 0 0 
GCGGTTCC 0 0 0 0 0 0 0.166667 0 0 0 0.166667 0.333333 0 0.333333 0 0 0 0 0 0 0 0 0 0.2 0 0.2 0.2 0.2 0 0.2 0 0 0 0 0 0 0 0 0 0.25 0 0.5 0 0.25 0 0 0 0 0 0 0 0 0 0.333333 0 0 0 0.333333 0 0.333333 0 0 0 0 
GGATCCGA 0 0.166667 0 0 0.166667 0 0.166667 0 0.166667 0 0 0.166667 0 0.166667 0 0 0 0.2 0 0 0.2 0 0 0 0 0.2 0 0.2 0 0 0.2 0 0 0 0.25 0 0 0 0 0 0 0.5 0 0 0.25 0 0 0 0.333333 0 0 0 0 0 0 0 0 0.333333 0.333333 0 0 0 0 0 
ATGTCCGC 0 0 0.166667 0 0 0.166667 0.166667 0 0 0.166667 0 0 0 0.166667 0 0.166667 0 0 0 0.2 0 0.2 0 0 0 0.2 0 0 0 0.2 0.2 0 0 0.25 0 0 0 0 0 0 0 0 0.25 0 0 0.5 0 0 0 0.333333 0 0 0 0 0 0 0 0.333333 0 0 0 0 0.333333 0 
AGCCGCCA 0 0.166667 0 0 0.166667 0.166667 0.166667 0 0 0.333333 0 0 0 0 0 0 0 0.2 0 0 0 0.4 0 0 0.2 0 0.2 0 0 0 0 0 0 0 0.25 0 0.25 0.25 0 0 0 0.25 0 0 0 0 0 0 0 0.333333 0 0 0.333333 0 0 0 0 0.333333 0 0 0 0 0 0 
AGCCGCCG 0 0.166667 0 0 0 0.166667 0.333333 0 0 0.333333 0 0 0 0 0 0 0 0.2 0 0 0 0.4 0 0 0 0 0.4 0 0 0 0 0 0 0 0.25 0 0 0.25 0.25 0 0 0.25 0 0 0 0 0 0 0 0.333333 0 0 0 0 0.333333 0 0 0.333333 0 0 0 0 0 0 
AGCCGCGG 0 0.166667 0 0 0 0.166667 0.333333 0 0 0.166667 0.166667 0 0 0 0 0 0 0.2 0 0 0 0.2 0.2 0 0 0 0.4 0 0 0 0 0 0 0 0.25 0 0 0 0.5 0 0 0.25 0 0 0 0 0 0 0 0.333333 0 0 0 0 0.333333 0 0 0 0.333333 0 0 0 0 0 
AGCGGCTA 0 0.166667 0 0 0.166667 0 0.166667 0 0 0.166667 0.166667 0.166667 0 0 0 0 0 0 0.2 0 0 0.2 0 0 0.2 0 0.2 0.2 0 0 0 0 0 0 0.25 0 0 0 0 0.25 0.25 0.25 0 0 0 0 0 0 0 0.333333 0 0 0.333333 0 0 0 0 0 0 0.333333 0 0 0 0 
ATAGCCGC 0.166667 0.166667 0 0 0 0.166667 0.166667 0 0 0.166667 0 0 0 0 0.166667 0 0 0.2 0.2 0 0 0.2 0 0 0 0 0.2 0 0 0.2 0 0 0 0.25 0.25 0 0 0 0 0 0 0.25 0 0 0 0.25 0 0 0 0.666667 0 0 0 0 0 0 0 0 0 0 0 0 0.333333 0 
ATTGCCGC 0 0 0 0.166667 0 0.166667 0.166667 0 0 0.166667 0 0 0 0.166667 0.166667 0 0 0 0.2 0 0 0.2 0 0 0 0 0.2 0 0 0.4 0 0 0 0.25 0 0 0 0 0 0 0 0.25 0 0 0 0.25 0.25 0 0 0.333333 0 0 0 0 0 0 0 0 0 0 0 0.333333 0.333333 0 
CGCGGCTA 0 0 0 0 0.166667 0.166667 0.166667 0 0 0.166667 0.166667 0.166667 0 0 0 0 0 0 0 0 0 0.2 0.2 0 0.2 0 0.2 0.2 0 0 0 0 0 0 0 0 0 0 0.25 0.25 0.25 0.25 0 0 0 0 0 0 0 0 0 0 0.333333 0.333333 0 0 0 0 0 0.333333 0 0 0 0 
CGGCGGCA 0 0 0 0 0 0 0.333333 0 0.166667 0.333333 0.166667 0 0 0 0 0 0 0 0 0 0 0.4 0 0 0.2 0 0.4 0 0 0 0 0 0 0 0 0 0.25 0 0.25 0 0 0.25 0.25 0 0 0 0 0 0 0 0 0 0 0 0.333333 0 0.333333 0.333333 0 0 0 0 0 0 
GCCGCCAA 0 0 0 0 0.333333 0.166667 0.166667 0 0 0.333333 0 0 0 0 0 0 0 0 0 0 0.2 0.4 0 0 0.2 0 0.2 0 0 0 0 0 0 0 0 0 0.25 0.25 0 0 0.25 0.25 0 0 0 0 0 0 0 0 0 0 0.666667 0 0 0 0 0.333333 0 0 0 0 0 0 
GCCGCCGA 0 0 0 0 0.166667 0.166667 0.333333 0 0 0.333333 0 0 0 0 0 0 0 0 0 0 0.2 0.4 0 0 0 0 0.4 0 0 0 0 0 0 0 0 0 0 0.25 0.25 0 0.25 0.25 0 0 0 0 0 0 0 0 0 0 0.333333 0 0.333333 0 0 0.333333 0 0 0 0 0 0 
GCGCTTAA 0 0 0 0 0 0.166667 0 0.166667 0 0 0.166667 0.166667 0.333333 0 0 0 0 0 0 0 0.2 0 0 0.2 0 0.2 0 0.2 0.2 0 0 0 0 0 0 0 0.25 0 0 0.25 0.25 0 0 0.25 0 0 0 0 0 0 0 0 0.333333 0 0 0 0.333333 0 0 0.333333 0 0 0 0 
GCGGCAAA 0.166667 0 0 0 0.166667 0 0.166667 0 0.166667 0.166667 0.166667 0 0 0 0 0 0 0 0 0 0.2 0.2 0 0 0.4 0 0.2 0 0 0 0 0 0 0 0 0 0.25 0 0 0 0.5 0.25 0 0 0 0 0 0 0 0 0 0 0.333333 0 0 0 0.666667 0 0 0 0 0 0 0 
GCGGCTAA 0 0 0 0 0.166667 0 0.166667 0 0 0.166667 0.166667 0.166667 0.166667 0 0 0 0 0 0 0 0.2 0.2 0 0 0.2 0 0.2 0.2 0 0 0 0 0 0 0 0 0 0 0 0.25 0.5 0.25 0 0 0 0 0 0 0 0 0 0 0.333333 0 0 0 0.333333 0 0 0.333333 0 0 0 0 
GCGGCTAC 0 0 0 0 0.166667 0 0.166667 0 0 0.166667 0.166667 0.166667 0 0.166667 0 0 0 0 0 0 0 0.4 0 0 0.2 0 0.2 0.2 0 0 0 0 0 0 0 0 0 0 0 0.25 0.25 0.5 0 0 0 0 0 0 0 0 0 0 0.333333 0 0 0 0 0.333333 0 0.333333 0 0 0 0 
GCGGTTAA 0 0 0 0 0 0 0.166667 0 0 0 0.166667 0.333333 0.333333 0 0 0 0 0 0 0 0 0 0 0.2 0.2 0 0.2 0.2 0.2 0 0 0 0 0 0 0 0 0 0 0.25 0.5 0 0 0.25 0 0 0 0 0 0 0 0 0.333333 0 0 0 0.333333 0 0 0.333333 0 0 0 0 
GGCGCTTA 0 0 0 0 0 0.166667 0 0.166667 0 0.166667 0.166667 0.166667 0.166667 0 0 0 0 0 0 0 0.2 0 0 0.2 0 0.2 0.2 0.2 0 0 0 0 0 0 0 0 0 0 0 0.25 0.25 0.25 0 0.25 0 0 0 0 0 0 0 0 0.333333 0 0 0 0 0 0 0.666667 0 0 0 0 
GGCGGCAA 0 0 0 0 0.166667 0 0.166667 0 0.166667 0.333333 0.166667 0 0 0 0 0 0 0 0 0 0 0.2 0 0 0.4 0 0.4 0 0 0 0 0 0 0 0 0 0.25 0 0 0 0.25 0.25 0.25 0 0 0 0 0 0 0 0 0 0.333333 0 0 0 0.333333 0.333333 0 0 0 0 0 0 
GGCGGCTA 0 0 0 0 0.166667 0 0.166667 0 0 0.333333 0.166667 0.166667 0 0 0 0 0 0 0 0 0 0.2 0 0 0.2 0 0.4 0.2 0 0 0 0 0 0 0 0 0 0 0 0.25 0.25 0.25 0.25 0 0 0 0 0 0 0 0 0 0.333333 0 0 0 0 0.333333 0 0.333333 0 0 0 0 
GGCGGTTA 0 0 0 0 0 0 0.166667 0 0 0.166667 0.166667 0.333333 0.166667 0 0 0 0 0 0 0 0 0 0 0.2 0.2 0 0.4 0.2 0 0 0 0 0 0 0 0 0 0 0 0.25 0.25 0 0.25 0.25 0 0 0 0 0 0 0 0 0.333333 0 0 0 0 0 0 0.666667 0 0 0 0 
GGGCGGCA 0 0 0 0 0 0 0.166667 0 0.166667 0.333333 0.333333 0 0 0 0 0 0 0 0 0 0 0.2 0 0 0.2 0.2 0.4 0 0 0 0 0 0 0 0 0 0.25 0 0 0 0 0.25 0.5 0 0 0 0 0 0 0 0 0 0 0 0 0 0.333333 0.333333 0.333333 0 0 0 0 0 
AAGCGCTT 0 0.166667 0.166667 0 0 0.166667 0 0.166667 0 0 0.166667 0.166667 0 0 0 0 0 0.2 0.2 0 0 0 0 0.2 0 0.2 0 0.2 0 0 0 0 0 0.25 0.25 0 0 0 0 0.25 0 0 0 0.25 0 0 0 0 0 0.333333 0 0.333333 0 0 0 0 0 0 0 0.333333 0 0 0 0 
AGCCGCCG 0 0.166667 0 0 0 0.166667 0.333333 0 0 0.333333 0 0 0 0 0 0 0 0.2 0 0 0 0.4 0 0 0 0 0.4 0 0 0 0 0 0 0 0.25 0 0 0.25 0.25 0 0 0.25 0 0 0 0 0 0 0 0.333333 0 0 0 0 0.333333 0 0 0.333333 0 0 0 0 0 0 
AGCGGCTA 0 0.166667 0 0 0.166667 0 0.166667 0 0 0.166667 0.166667 0.166667 0 0 0 0 0 0 0.2 0 0 0.2 0 0 0.2 0 0.2 0.2 0 0 0 0 0 0 0.25 0 0 0 0 0.25 0.25 0.25 0 0 0 0 0 0 0 0.333333 0 0 0.333333 0 0 0 0 0 0 0.333333 0 0 0 0 
ATAGCCGC 0.166667 0.166667 0 0 0 0.166667 0.166667 0 0 0.166667 0 0 0 0 0.166667 0 0 0.2 0.2 0 0 0.2 0 0 0 0 0.2 0 0 0.2 0 0 0 0.25 0.25 0 0 0 0 0 0 0.25 0 0 0 0.25 0 0 0 0.666667 0 0 0 0 0 0 0 0 0 0 0 0 0.333333 0 
CGCGGCTA 0 0 0 0 0.166667 0.166667 0.166667 0 0 0.166667 0.166667 0.166667 0 0 0 0 0 0 0 0 0 0.2 0.2 0 0.2 0 0.2 0.2 0 0 0 0 0 0 0 0 0 0 0.25 0.25 0.25 0.25 0 0 0 0 0 0 0 0 0 0 0.333333 0.333333 0 0 0 0 0 0.333333 0 0 0 0 
GCGGCTAA 0 0 0 0 0.166667 0 0.166667 0 0 0.166667 0.166667 0.166667 0.166667 0 0 0 0 0 0 0 0.2 0.2 0 0 0.2 0 0.2 0.2 0 0 0 0 0 0 0 0 0 0 0 0.25 0.5 0.25 0 0 0 0 0 0 0 0 0 0 0.333333 0 0 0 0.333333 0 0 0.333333 0 0 0 0 
GGCGGCAA 0 0 0 0 0.166667 0 0.166667 0 0.166667 0.333333 0.166667 0 0 0 0 0 0 0 0 0 0 0.2 0 0 0.4 0 0.4 0 0 0 0 0 0 0 0 0 0.25 0 0 0 0.25 0.25 0.25 0 0 0 0 0 0 0 0 0 0.333333 0 0 0 0.333333 0.333333 0 0 0 0 0 0 
GGCGGCTA 0 0 0 0 0.166667 0 0.166667 0 0 0.333333 0.166667 0.166667 0 0 0 0 0 0 0 0 0 0.2 0 0 0.2 0 0.4 0.2 0 0 0 0 0 0 0 0 0 0 0 0.25 0.25 0.25 0.25 0 0 0 0 0 0 0 0 0 0.333333 0 0 0 0 0.333333 0 0.333333 0 0 0 0 
GGCGGGTA 0 0 0 0 0 0 0.166667 0 0.166667 0.166667 0.333333 0.166667 0 0 0 0 0 0 0 0 0 0 0.2 0 0.2 0 0.4 0.2 0 0 0 0 0 0 0 0 0 0 0 0.25 0.25 0 0.5 0 0 0 0 0 0 0 0 0 0.333333 0 0 0 0 0 0.333333 0.333333 0 0 0 0 
AATCGGAA 0 0.166667 0 0.166667 0 0 0.166667 0 0.333333 0 0 0 0 0 0.166667 0 0 0.2 0.2 0 0.2 0 0 0 0.2 0 0 0 0 0 0.2 0 0 0 0.5 0 0.25 0 0 0 0 0 0 0 0.25 0 0 0 0.333333 0 0.333333 0 0 0 0 0 0 0 0 0 0.333333 0 0 0 
AATTCCGA 0 0 0 0.333333 0.166667 0 0.166667 0 0 0 0 0 0 0.333333 0 0 0 0.2 0 0.2 0.2 0 0 0 0 0 0 0 0 0.2 0.2 0 0 0.5 0 0 0 0 0 0 0 0 0 0 0.25 0 0.25 0 0 0.333333 0.333333 0 0 0 0 0 0 0 0 0 0.333333 0 0 0 
ACCGGAAC 0 0.333333 0 0 0 0 0.333333 0 0.333333 0 0 0 0 0 0 0 0 0 0.2 0 0.2 0 0.2 0 0.2 0.2 0 0 0 0 0 0 0 0 0.25 0 0.5 0 0 0 0 0.25 0 0 0 0 0 0 0.333333 0 0 0 0.333333 0.333333 0 0 0 0 0 0 0 0 0 0 
ACCGGAAT 0 0.166667 0 0.166667 0 0 0.333333 0 0.333333 0 0 0 0 0 0 0 0 0 0.2 0 0.2 0 0.2 0 0.2 0 0 0.2 0 0 0 0 0 0 0.25 0 0.5 0 0 0 0 0 0 0.25 0 0 0 0 0.333333 0 0 0 0.333333 0 0 0.333333 0 0 0 0 0 0 0 0 
AGTTCCGA 0 0 0 0.166667 0.166667 0 0.166667 0 0 0 0 0.166667 0 0.333333 0 0 0 0 0 0.2 0.2 0 0 0 0 0.2 0 0 0 0.2 0.2 0 0 0.25 0 0 0 0 0 0 0 0.25 0 0 0.25 0 0.25 0 0 0.333333 0 0 0 0 0 0 0 0 0.333333 0 0.333333 0 0 0 
ATCGGAAC 0 0.333333 0 0 0 0 0.166667 0 0.333333 0 0 0 0 0 0.166667 0 0 0 0.2 0 0.2 0 0 0 0.2 0.2 0 0 0 0 0.2 0 0 0 0.25 0 0.25 0 0 0 0 0.25 0 0 0.25 0 0 0 0.333333 0 0 0 0 0.333333 0 0 0 0 0 0 0.333333 0 0 0 
ATCGGAAT 0 0.166667 0 0.166667 0 0 0.166667 0 0.333333 0 0 0 0 0 0.166667 0 0 0 0.2 0 0.2 0 0 0 0.2 0 0 0.2 0 0 0.2 0 0 0 0.25 0 0.25 0 0 0 0 0 0 0.25 0.25 0 0 0 0.333333 0 0 0 0 0 0 0.333333 0 0 0 0 0.333333 0 0 0 
ATTCCGAC 0 0 0 0.166667 0.166667 0 0.166667 0 0 0.166667 0 0 0 0.333333 0 0 0 0.2 0 0 0.2 0.2 0 0 0 0 0 0 0 0.2 0.2 0 0 0.25 0 0 0 0.25 0 0 0 0 0 0 0.25 0 0.25 0 0 0 0.333333 0 0 0 0 0 0 0 0 0 0.333333 0.333333 0 0 
ATTCCGGA 0 0 0 0.166667 0 0 0.333333 0 0.166667 0 0 0 0 0.333333 0 0 0 0.2 0 0 0.2 0 0.2 0 0 0 0 0 0 0.2 0.2 0 0 0.25 0 0 0.25 0 0 0 0 0 0 0 0 0 0.5 0 0 0 0.333333 0 0 0 0 0 0 0 0 0 0.333333 0 0.333333 0 
CACCGGAA 0 0.166667 0 0 0 0.166667 0.333333 0 0.333333 0 0 0 0 0 0 0 0 0 0.2 0 0.2 0.2 0.2 0 0.2 0 0 0 0 0 0 0 0 0 0.25 0 0.5 0 0.25 0 0 0 0 0 0 0 0 0 0.333333 0 0 0 0.333333 0 0.333333 0 0 0 0 0 0 0 0 0 
CATCGGAA 0 0.166667 0 0 0 0 0.166667 0.166667 0.333333 0 0 0 0 0 0.166667 0 0 0 0.2 0 0.2 0.2 0 0 0.2 0 0 0 0 0 0.2 0 0 0 0.25 0 0.25 0 0.25 0 0 0 0 0 0.25 0 0 0 0.333333 0 0 0 0 0 0.333333 0 0 0 0 0 0.333333 0 0 0 
CATTCCGG 0 0 0 0.166667 0 0 0.333333 0.166667 0 0 0 0 0 0.333333 0 0 0 0.2 0 0 0 0 0.2 0.2 0 0 0 0 0 0.2 0.2 0 0 0.25 0 0 0 0.25 0 0 0 0 0 0 0 0 0.5 0 0 0 0.333333 0 0 0.333333 0 0 0 0 0 0 0 0 0.333333 0 
CCCGGAAC 0 0.166667 0 0 0 0.166667 0.333333 0 0.333333 0 0 0 0 0 0 0 0 0 0 0 0.2 0 0.4 0 0.2 0.2 0 0 0 0 0 0 0 0 0 0 0.5 0 0.25 0 0 0.25 0 0 0 0 0 0 0 0 0 0 0.666667 0.333333 0 0 0 0 0 0 0 0 0 0 
CCGGAACA 0.166667 0.166667 0 0 0 0 0.333333 0 0.333333 0 0 0 0 0 0 0 0.2 0 0 0 0.2 0 0.2 0 0.2 0.2 0 0 0 0 0 0 0 0 0 0 0.5 0 0 0 0.25 0.25 0 0 0 0 0 0 0 0 0 0 0.333333 0.333333 0 0 0.333333 0 0 0 0 0 0 0 
CCGGAACC 0 0.333333 0 0 0 0 0.333333 0 0.333333 0 0 0 0 0 0 0 0 0.2 0 0 0.2 0 0.2 0 0.2 0.2 0 0 0 0 0 0 0 0 0 0 0.5 0 0 0 0 0.5 0 0 0 0 0 0 0 0 0 0 0.333333 0.333333 0 0 0 0.333333 0 0 0 0 0 0 
CCGGAACG 0 0.166667 0.166667 0 0 0 0.333333 0 0.333333 0 0 0 0 0 0 0 0 0 0.2 0 0.2 0 0.2 0 0.2 0.2 0 0 0 0 0 0 0 0 0 0 0.5 0 0 0 0 0.25 0.25 0 0 0 0 0 0 0 0 0 0.333333 0.333333 0 0 0 0 0.333333 0 0 0 0 0 
CCGGAATA 0.166667 0 0 0.166667 0 0 0.333333 0 0.333333 0 0 0 0 0 0 0 0.2 0 0 0 0.2 0 0.2 0 0.2 0 0 0.2 0 0 0 0 0 0 0 0 0.5 0 0 0 0.25 0 0 0.25 0 0 0 0 0 0 0 0 0.333333 0 0 0.333333 0.333333 0 0 0 0 0 0 0 
CCGGAATC 0 0.166667 0 0.166667 0 0 0.333333 0 0.333333 0 0 0 0 0 0 0 0 0.2 0 0 0.2 0 0.2 0 0.2 0 0 0.2 0 0 0 0 0 0 0 0 0.5 0 0 0 0 0.25 0 0.25 0 0 0 0 0 0 0 0 0.333333 0 0 0.333333 0 0.333333 0 0 0 0 0 0 
CCGTTCCG 0 0 0 0 0 0 0.333333 0.166667 0 0 0 0.166667 0 0.333333 0 0 0 0 0 0 0 0 0 0.4 0 0.2 0 0 0 0.2 0.2 0 0 0 0 0 0 0.25 0 0.25 0 0.25 0 0 0 0 0.25 0 0 0 0 0 0 0.666667 0 0 0 0 0.333333 0 0 0 0 0 
CGGAACAA 0.166667 0.166667 0 0 0.166667 0 0.166667 0 0.333333 0 0 0 0 0 0 0 0.4 0 0 0 0.2 0 0 0 0.2 0.2 0 0 0 0 0 0 0.25 0 0 0 0.25 0 0 0 0.25 0.25 0 0 0 0 0 0 0 0 0 0 0 0.333333 0 0 0.666667 0 0 0 0 0 0 0 
CGGAACAG 0.166667 0.166667 0 0 0 0 0.333333 0 0.333333 0 0 0 0 0 0 0 0.2 0 0.2 0 0.2 0 0 0 0.2 0.2 0 0 0 0 0 0 0 0 0.25 0 0.25 0 0 0 0.25 0.25 0 0 0 0 0 0 0 0 0 0 0 0.333333 0 0 0.333333 0 0.333333 0 0 0 0 0 
CGGAACGA 0 0.166667 0.166667 0 0.166667 0 0.166667 0 0.333333 0 0 0 0 0 0 0 0.2 0 0.2 0 0.2 0 0 0 0.2 0.2 0 0 0 0 0 0 0.25 0 0 0 0.25 0 0 0 0 0.25 0.25 0 0 0 0 0 0 0 0 0 0 0.333333 0 0 0.333333 0 0.333333 0 0 0 0 0 
CGGAATAA 0.166667 0 0 0.166667 0 0 0.166667 0 0.333333 0 0 0 0.166667 0 0 0 0.4 0 0 0 0.2 0 0 0 0.2 0 0 0.2 0 0 0 0 0.25 0 0 0 0.25 0 0 0 0.25 0 0 0.25 0 0 0 0 0 0 0 0 0 0 0 0.333333 0.666667 0 0 0 0 0 0 0 
CGTCGGAA 0 0 0 0 0 0 0.166667 0.166667 0.333333 0.166667 0 0 0 0 0.166667 0 0 0 0 0 0.2 0.2 0 0 0.2 0 0.2 0 0 0 0.2 0 0 0 0 0 0.25 0 0.25 0 0 0 0.25 0 0.25 0 0 0 0 0 0 0 0 0 0.333333 0 0.333333 0 0 0 0.333333 0 0 0 
CGTTCCGA 0 0 0 0 0.166667 0 0.166667 0.166667 0 0 0 0.166667 0 0.333333 0 0 0 0 0 0 0.2 0 0 0.2 0 0.2 0 0 0 0.2 0.2 0 0 0 0 0 0 0.25 0 0 0 0.25 0 0 0.25 0 0.25 0 0 0 0 0 0 0.333333 0 0 0 0 0.333333 0 0.333333 0 0 0 
GATCGGAA 0 0.166667 0 0 0 0 0.166667 0 0.333333 0 0 0.166667 0 0 0.166667 0 0 0 0.2 0 0.2 0 0 0 0.2 0.2 0 0 0 0 0.2 0 0 0 0.25 0 0.25 0 0 0 0 0 0.25 0 0.25 0 0 0 0.333333 0 0 0 0 0 0 0 0 0 0.333333 0 0.333333 0 0 0 
GATTCCGA 0 0 0 0.166667 0.166667 0 0.166667 0 0 0 0 0.166667 0 0.333333 0 0 0 0.2 0 0 0.2 0 0 0 0 0 0 0.2 0 0.2 0.2 0 0 0.25 0 0 0 0 0 0 0 0.25 0 0 0.25 0 0.25 0 0 0 0.333333 0 0 0 0 0 0 0.333333 0 0 0.333333 0 0 0 
GCCGGAAC 0 0.166667 0 0 0 0 0.333333 0 0.333333 0.166667 0 0 0 0 0 0 0 0 0 0 0.2 0 0.2 0 0.2 0.2 0.2 0 0 0 0 0 0 0 0 0 0.5 0 0 0 0 0.25 0.25 0 0 0 0 0 0 0 0 0 0.333333 0.333333 0 0 0.333333 0 0 0 0 0 0 0 
GGTTCCGA 0 0 0 0 0.166667 0 0.166667 0 0 0 0 0.333333 0 0.333333 0 0 0 0 0 0 0.2 0 0 0 0 0.2 0 0.2 0 0.2 0.2 0 0 0 0 0 0 0 0 0 0 0.5 0 0 0.25 0 0.25 0 0 0 0 0 0 0 0 0 0 0.333333 0.333333 0 0.333333 0 0 0 
GTCGGAAC 0 0.166667 0 0 0 0 0.166667 0 0.333333 0.166667 0 0 0 0 0.166667 0 0 0 0 0 0.2 0 0 0 0.2 0.2 0.2 0 0 0 0.2 0 0 0 0 0 0.25 0 0 0 0 0.25 0.25 0 0.25 0 0 0 0 0 0 0 0 0.333333 0 0 0.333333 0 0 0 0.333333 0 0 0 
GTTCCGGA 0 0 0 0 0 0 0.333333 0 0.166667 0 0 0.166667 0 0.333333 0 0 0 0 0 0 0.2 0 0.2 0 0 0.2 0 0 0 0.2 0.2 0 0 0 0 0 0.25 0 0 0 0 0.25 0 0 0 0 0.5 0 0 0 0 0 0 0 0 0 0 0 0.333333 0 0.333333 0 0.333333 0 
TACCGGAA 0 0.166667 0 0 0 0 0.333333 0 0.333333 0 0 0 0 0.166667 0 0 0 0 0.2 0 0.2 0 0.2 0 0.2 0 0 0 0 0.2 0 0 0 0 0.25 0 0.5 0 0 0 0 0 0 0 0 0 0.25 0 0.333333 0 0 0 0.333333 0 0 0 0 0 0 0 0 0 0.333333 0 
TATCGGAA 0 0.166667 0 0 0 0 0.166667 0 0.333333 0 0 0 0 0 0.166667 0.166667 0 0 0.2 0 0.2 0 0 0 0.2 0 0 0 0 0.2 0.2 0 0 0 0.25 0 0.25 0 0 0 0 0 0 0 0.25 0 0.25 0 0.333333 0 0 0 0 0 0 0 0 0 0 0 0.333333 0 0.333333 0 
TATTCCGA 0 0 0 0.166667 0.166667 0 0.166667 0 0 0 0 0 0 0.333333 0 0.166667 0 0.2 0 0 0.2 0 0 0 0 0 0 0 0 0.2 0.2 0.2 0 0.25 0 0 0 0 0 0 0 0 0 0 0.25 0.25 0.25 0 0 0 0.333333 0 0 0 0 0 0 0 0 0 0.333333 0.333333 0 0 
TCGGAACA 0.166667 0.166667 0 0 0 0 0.166667 0 0.333333 0 0 0 0 0 0.166667 0 0.2 0 0 0 0.2 0 0 0 0.2 0.2 0 0 0 0 0.2 0 0 0 0 0 0.25 0 0 0 0.25 0.25 0 0 0.25 0 0 0 0 0 0 0 0 0.333333 0 0 0.333333 0 0 0 0.333333 0 0 0 
TTCCGGAA 0 0 0 0 0 0 0.333333 0 0.333333 0 0 0 0 0.333333 0 0 0 0 0 0 0.2 0 0.2 0 0.2 0 0 0 0 0.2 0.2 0 0 0 0 0 0.5 0 0 0 0 0 0 0 0 0 0.5 0 0 0 0 0 0.333333 0 0 0 0 0 0 0 0.333333 0 0.333333 0 
CGGAGAAA 0.333333 0 0 0 0 0 0.166667 0 0.333333 0 0.166667 0 0 0 0 0 0.2 0 0 0 0.2 0 0 0 0.4 0 0.2 0 0 0 0 0 0.25 0 0 0 0 0 0.25 0 0.5 0 0 0 0 0 0 0 0 0 0 0 0.333333 0 0 0 0.666667 0 0 0 0 0 0 0 
CGGAGATA 0.333333 0 0 0 0 0 0.166667 0 0.166667 0 0.166667 0.166667 0 0 0 0 0 0 0 0.2 0.2 0 0 0 0.4 0 0.2 0 0 0 0 0 0.25 0 0 0 0 0 0.25 0 0.25 0 0 0.25 0 0 0 0 0 0 0 0 0.333333 0 0 0 0.333333 0 0 0.333333 0 0 0 0 
CGGAGTTA 0 0 0 0.166667 0 0 0.166667 0 0.166667 0 0.166667 0.166667 0.166667 0 0 0 0 0 0 0.2 0.2 0 0 0 0.2 0 0.2 0.2 0 0 0 0 0.25 0 0 0 0 0 0.25 0 0 0 0 0.5 0 0 0 0 0 0 0 0 0 0 0 0.333333 0.333333 0 0 0.333333 0 0 0 0 
ACGGGAAT 0 0 0.166667 0.166667 0 0 0.166667 0 0.333333 0 0.166667 0 0 0 0 0 0 0 0.2 0 0 0 0.2 0 0.4 0 0 0.2 0 0 0 0 0 0 0.25 0 0.25 0 0 0 0.25 0 0 0.25 0 0 0 0 0.333333 0 0 0 0.333333 0 0 0 0 0 0 0.333333 0 0 0 0 
CGGAGATA 0.333333 0 0 0 0 0 0.166667 0 0.166667 0 0.166667 0.166667 0 0 0 0 0 0 0 0.2 0.2 0 0 0 0.4 0 0.2 0 0 0 0 0 0.25 0 0 0 0 0 0.25 0 0.25 0 0 0.25 0 0 0 0 0 0 0 0 0.333333 0 0 0 0.333333 0 0 0.333333 0 0 0 0 
CGGGAATA 0.166667 0 0 0.166667 0 0 0.166667 0 0.333333 0 0.166667 0 0 0 0 0 0.2 0 0 0 0 0 0.2 0 0.4 0 0 0.2 0 0 0 0 0 0 0 0 0.25 0 0 0 0.5 0 0 0.25 0 0 0 0 0 0 0 0 0.333333 0 0 0 0.333333 0 0 0.333333 0 0 0 0 
AAACGGAA 0.166667 0.166667 0.166667 0 0 0 0.166667 0 0.333333 0 0 0 0 0 0 0 0 0.2 0.4 0 0.2 0 0 0 0.2 0 0 0 0 0 0 0 0.25 0 0.5 0 0.25 0 0 0 0 0 0 0 0 0 0 0 0.666667 0 0.333333 0 0 0 0 0 0 0 0 0 0 0 0 0 
AACGGAAA 0.166667 0.166667 0.166667 0 0 0 0.166667 0 0.333333 0 0 0 0 0 0 0 0 0 0.4 0 0.2 0 0 0 0.4 0 0 0 0 0 0 0 0.25 0 0.25 0 0.25 0 0 0 0.25 0 0 0 0 0 0 0 0.666667 0 0 0 0.333333 0 0 0 0 0 0 0 0 0 0 0 
AACGGAAC 0 0.333333 0.166667 0 0 0 0.166667 0 0.333333 0 0 0 0 0 0 0 0 0 0.4 0 0.2 0 0 0 0.2 0.2 0 0 0 0 0 0 0.25 0 0.25 0 0.25 0 0 0 0 0.25 0 0 0 0 0 0 0.666667 0 0 0 0 0.333333 0 0 0 0 0 0 0 0 0 0 
ACGGAAAT 0.166667 0 0.166667 0.166667 0 0 0.166667 0 0.333333 0 0 0 0 0 0 0 0 0 0.2 0.2 0.2 0 0 0 0.4 0 0 0 0 0 0 0 0.25 0 0 0 0.25 0 0 0 0.25 0 0 0.25 0 0 0 0 0.333333 0 0 0 0.333333 0 0 0 0 0 0 0.333333 0 0 0 0 
ACGGAGAT 0.166667 0 0.166667 0 0 0 0.166667 0 0.166667 0 0.166667 0.166667 0 0 0 0 0 0 0.2 0.2 0.2 0 0 0 0.2 0 0.2 0 0 0 0 0 0.25 0 0 0 0 0 0.25 0 0.25 0 0 0.25 0 0 0 0 0 0 0.333333 0 0.333333 0 0 0 0 0 0 0.333333 0 0 0 0 
CAACGGAA 0 0.166667 0.166667 0 0.166667 0 0.166667 0 0.333333 0 0 0 0 0 0 0 0 0 0.4 0 0.2 0.2 0 0 0.2 0 0 0 0 0 0 0 0.25 0 0.25 0 0.25 0 0.25 0 0 0 0 0 0 0 0 0 0.666667 0 0 0 0 0 0.333333 0 0 0 0 0 0 0 0 0 
GACGGAAA 0.166667 0 0.166667 0 0 0 0.166667 0 0.333333 0.166667 0 0 0 0 0 0 0 0 0.2 0 0.2 0 0 0 0.4 0 0.2 0 0 0 0 0 0.25 0 0 0 0.25 0 0 0 0.25 0 0.25 0 0 0 0 0 0.333333 0 0 0 0.333333 0 0 0 0.333333 0 0 0 0 0 0 0 
TCGGCCGA 0 0 0 0 0.166667 0 0.333333 0 0 0.333333 0 0 0 0 0.166667 0 0 0 0 0 0.2 0.2 0 0 0 0.2 0.2 0 0 0 0.2 0 0 0 0 0 0 0.25 0 0 0.25 0 0.25 0 0 0.25 0 0 0 0 0 0 0 0 0.333333 0 0.333333 0 0 0 0 0.333333 0 0 
AACTCCGA 0 0.166667 0 0.166667 0.166667 0.166667 0.166667 0 0 0 0 0 0 0.166667 0 0 0 0.2 0 0.2 0.2 0.2 0 0 0 0 0 0 0 0 0.2 0 0 0.5 0 0 0 0 0.25 0 0 0 0 0 0.25 0 0 0 0 0.333333 0.333333 0 0.333333 0 0 0 0 0 0 0 0 0 0 0 
AATCTCCG 0 0.166667 0 0.166667 0 0.166667 0.166667 0 0 0 0 0 0 0.166667 0 0.166667 0 0.2 0 0.2 0 0.2 0 0 0 0 0 0 0 0.2 0.2 0 0 0.25 0 0.25 0 0 0.25 0 0 0 0 0 0 0.25 0 0 0 0.666667 0 0 0 0 0 0 0 0 0 0 0 0 0.333333 0 
AATTCCGA 0 0 0 0.333333 0.166667 0 0.166667 0 0 0 0 0 0 0.333333 0 0 0 0.2 0 0.2 0.2 0 0 0 0 0 0 0 0 0.2 0.2 0 0 0.5 0 0 0 0 0 0 0 0 0 0 0.25 0 0.25 0 0 0.333333 0.333333 0 0 0 0 0 0 0 0 0 0.333333 0 0 0 
ATATCCGA 0.166667 0.166667 0 0 0.166667 0 0.166667 0 0 0 0 0 0 0.166667 0 0.166667 0 0.2 0 0.2 0.2 0 0 0 0 0 0 0 0 0.2 0.2 0 0 0.25 0.25 0 0 0 0 0 0 0 0 0 0.25 0.25 0 0 0.333333 0.333333 0 0 0 0 0 0 0 0 0 0 0 0 0.333333 0 
ATCTCCGA 0 0.166667 0 0 0.166667 0.166667 0.166667 0 0 0 0 0 0 0.166667 0 0.166667 0 0 0 0.2 0.2 0.2 0 0 0 0 0 0 0 0.2 0.2 0 0 0.25 0 0 0 0 0.25 0 0 0 0 0 0.25 0.25 0 0 0 0.333333 0 0 0.333333 0 0 0 0 0 0 0 0 0 0.333333 0 
ATCTCCGG 0 0.166667 0 0 0 0.166667 0.333333 0 0 0 0 0 0 0.166667 0 0.166667 0 0 0 0.2 0 0.2 0.2 0 0 0 0 0 0 0.2 0.2 0 0 0.25 0 0 0 0 0.25 0 0 0 0 0 0 0.25 0.25 0 0 0.333333 0 0 0 0 0.333333 0 0 0 0 0 0 0 0.333333 0 
ATTCTCCG 0 0 0 0.166667 0 0.166667 0.166667 0 0 0 0 0 0 0.333333 0 0.166667 0 0.2 0 0 0 0.2 0 0 0 0 0 0 0 0.2 0.2 0.2 0 0 0 0.25 0 0 0.25 0 0 0 0 0 0 0.5 0 0 0 0.333333 0 0 0 0 0 0 0 0 0 0 0 0.333333 0.333333 0 
ATTTCCGA 0 0 0 0.166667 0.166667 0 0.166667 0 0 0 0 0 0 0.333333 0 0.166667 0 0 0 0.2 0.2 0 0 0 0 0 0 0 0 0.4 0.2 0 0 0.25 0 0 0 0 0 0 0 0 0 0 0.25 0.25 0.25 0 0 0.333333 0 0 0 0 0 0 0 0 0 0 0.333333 0 0.333333 0 
CGGAGAAA 0.333333 0 0 0 0 0 0.166667 0 0.333333 0 0.166667 0 0 0 0 0 0.2 0 0 0 0.2 0 0 0 0.4 0 0.2 0 0 0 0 0 0.25 0 0 0 0 0 0.25 0 0.5 0 0 0 0 0 0 0 0 0 0 0 0.333333 0 0 0 0.666667 0 0 0 0 0 0 0 
CGGAGATA 0.333333 0 0 0 0 0 0.166667 0 0.166667 0 0.166667 0.166667 0 0 0 0 0 0 0 0.2 0.2 0 0 0 0.4 0 0.2 0 0 0 0 0 0.25 0 0 0 0 0 0.25 0 0.25 0 0 0.25 0 0 0 0 0 0 0 0 0.333333 0 0 0 0.333333 0 0 0.333333 0 0 0 0 
CGGAGATC 0.166667 0.166667 0 0 0 0 0.166667 0 0.166667 0 0.166667 0.166667 0 0 0 0 0 0 0 0.2 0.2 0 0 0 0.2 0.2 0.2 0 0 0 0 0 0 0.25 0 0 0 0 0.25 0 0.25 0 0 0.25 0 0 0 0 0 0 0 0 0.333333 0 0 0 0 0.333333 0 0.333333 0 0 0 0 
CTCGGAGA 0.166667 0 0 0 0 0.166667 0.166667 0 0.166667 0 0.166667 0 0 0 0.166667 0 0 0 0 0 0.2 0 0.2 0 0.2 0 0.2 0 0 0 0.2 0 0 0 0 0 0 0 0.5 0 0.25 0 0 0 0.25 0 0 0 0 0 0 0 0.666667 0 0 0 0 0 0 0 0 0 0.333333 0 
TCGGAGAA 0.166667 0 0 0 0 0 0.166667 0 0.333333 0 0.166667 0 0 0 0.166667 0 0.2 0 0 0 0.2 0 0 0 0.2 0 0.2 0 0 0 0.2 0 0 0 0 0 0 0 0.25 0 0.5 0 0 0 0.25 0 0 0 0 0 0 0 0.333333 0 0 0 0.333333 0 0 0 0 0 0.333333 0 
TCTCCGAA 0 0 0 0 0.166667 0.166667 0.166667 0 0.166667 0 0 0 0 0.166667 0 0.166667 0 0 0 0 0.4 0.2 0 0 0 0 0 0 0 0.2 0.2 0 0 0 0 0 0.25 0 0.25 0 0 0 0 0 0.25 0.25 0 0 0 0 0 0 0.333333 0 0 0 0 0 0 0 0.333333 0 0.333333 0 
AATATCCG 0.166667 0.166667 0 0.166667 0 0 0.166667 0 0 0 0 0 0 0.166667 0 0.166667 0.2 0.2 0 0.2 0 0 0 0 0 0 0 0 0 0.2 0.2 0 0 0.25 0.25 0.25 0 0 0 0 0 0 0 0 0 0.25 0 0 0 0.666667 0 0 0 0 0 0 0 0 0 0 0 0 0.333333 0 
AATTTCCG 0 0 0 0.333333 0 0 0.166667 0 0 0 0 0 0 0.333333 0 0.166667 0 0 0 0.4 0 0 0 0 0 0 0 0 0 0.4 0.2 0 0 0.25 0 0.25 0 0 0 0 0 0 0 0 0 0.25 0.25 0 0 0.666667 0 0 0 0 0 0 0 0 0 0 0 0 0.333333 0 
ACGGAAAT 0.166667 0 0.166667 0.166667 0 0 0.166667 0 0.333333 0 0 0 0 0 0 0 0 0 0.2 0.2 0.2 0 0 0 0.4 0 0 0 0 0 0 0 0.25 0 0 0 0.25 0 0 0 0.25 0 0 0.25 0 0 0 0 0.333333 0 0 0 0.333333 0 0 0 0 0 0 0.333333 0 0 0 0 
ACGGAGAT 0.166667 0 0.166667 0 0 0 0.166667 0 0.166667 0 0.166667 0.166667 0 0 0 0 0 0 0.2 0.2 0.2 0 0 0 0.2 0 0.2 0 0 0 0 0 0.25 0 0 0 0 0 0.25 0 0.25 0 0 0.25 0 0 0 0 0 0 0.333333 0 0.333333 0 0 0 0 0 0 0.333333 0 0 0 0 
ACGGATAT 0.166667 0 0.166667 0 0 0 0.166667 0 0.166667 0 0 0.166667 0 0 0 0.166667 0 0 0.2 0.2 0.2 0 0 0 0.2 0 0 0.2 0 0 0 0 0.25 0 0 0 0 0 0 0.25 0.25 0 0 0.25 0 0 0 0 0 0 0 0.333333 0.333333 0 0 0 0 0 0 0.333333 0 0 0 0 
ATATCCGC 0.166667 0.166667 0 0 0 0.166667 0.166667 0 0 0 0 0 0 0.166667 0 0.166667 0 0.2 0 0.2 0 0.2 0 0 0 0 0 0 0 0.2 0.2 0 0 0.25 0.25 0 0 0 0 0 0 0 0 0 0 0.5 0 0 0 0.666667 0 0 0 0 0 0 0 0 0 0 0 0 0.333333 0 
ATCTCCGC 0 0.166667 0 0 0 0.333333 0.166667 0 0 0 0 0 0 0.166667 0 0.166667 0 0 0 0.2 0 0.4 0 0 0 0 0 0 0 0.2 0.2 0 0 0.25 0 0 0 0 0.25 0 0 0 0 0 0 0.5 0 0 0 0.333333 0 0 0 0.333333 0 0 0 0 0 0 0 0 0.333333 0 
ATTTCCGC 0 0 0 0.166667 0 0.166667 0.166667 0 0 0 0 0 0 0.333333 0 0.166667 0 0 0 0.2 0 0.2 0 0 0 0 0 0 0 0.4 0.2 0 0 0.25 0 0 0 0 0 0 0 0 0 0 0 0.5 0.25 0 0 0.333333 0 0 0 0 0 0 0 0 0 0 0 0.333333 0.333333 0 
ATTTCCGG 0 0 0 0.166667 0 0 0.333333 0 0 0 0 0 0 0.333333 0 0.166667 0 0 0 0.2 0 0 0.2 0 0 0 0 0 0 0.4 0.2 0 0 0.25 0 0 0 0 0 0 0 0 0 0 0 0.25 0.5 0 0 0.333333 0 0 0 0 0 0 0 0 0 0 0 0 0.666667 0 
CGGAAATA 0.333333 0 0 0.166667 0 0 0.166667 0 0.333333 0 0 0 0 0 0 0 0.2 0 0 0.2 0.2 0 0 0 0.4 0 0 0 0 0 0 0 0.25 0 0 0 0.25 0 0 0 0.25 0 0 0.25 0 0 0 0 0 0 0 0 0.333333 0 0 0 0.333333 0 0 0.333333 0 0 0 0 
CGGAGATA 0.333333 0 0 0 0 0 0.166667 0 0.166667 0 0.166667 0.166667 0 0 0 0 0 0 0 0.2 0.2 0 0 0 0.4 0 0.2 0 0 0 0 0 0.25 0 0 0 0 0 0.25 0 0.25 0 0 0.25 0 0 0 0 0 0 0 0 0.333333 0 0 0 0.333333 0 0 0.333333 0 0 0 0 
CGGATATA 0.333333 0 0 0 0 0 0.166667 0 0.166667 0 0 0.166667 0 0 0 0.166667 0 0 0 0.2 0.2 0 0 0 0.2 0 0 0.2 0.2 0 0 0 0.25 0 0 0 0 0 0 0.25 0.25 0 0 0.25 0 0 0 0 0 0 0 0 0.333333 0 0 0 0.333333 0 0 0.333333 0 0 0 0 
CGGATTTA 0 0 0 0.166667 0 0 0.166667 0 0.166667 0 0 0.166667 0.166667 0 0 0.166667 0 0 0 0.2 0.2 0 0 0 0 0 0 0.4 0.2 0 0 0 0.25 0 0 0 0 0 0 0.25 0 0 0 0.5 0 0 0 0 0 0 0 0 0 0 0 0.333333 0.333333 0 0 0.333333 0 0 0 0 
CGGGAATA 0.166667 0 0 0.166667 0 0 0.166667 0 0.333333 0 0.166667 0 0 0 0 0 0.2 0 0 0 0 0 0.2 0 0.4 0 0 0.2 0 0 0 0 0 0 0 0 0.25 0 0 0 0.5 0 0 0.25 0 0 0 0 0 0 0 0 0.333333 0 0 0 0.333333 0 0 0.333333 0 0 0 0 
GGAAATAA 0.333333 0 0 0.166667 0 0 0 0 0.333333 0 0 0 0.166667 0 0 0 0.4 0 0 0.2 0 0 0 0 0.4 0 0 0 0 0 0 0 0.5 0 0 0 0 0 0 0 0.25 0 0 0.25 0 0 0 0 0.333333 0 0 0 0 0 0 0 0.333333 0 0 0.333333 0 0 0 0 
GGAGATAA 0.333333 0 0 0 0 0 0 0 0.166667 0 0.166667 0.166667 0.166667 0 0 0 0.2 0 0 0.2 0 0 0 0 0.4 0 0.2 0 0 0 0 0 0.25 0 0 0 0 0 0 0 0.5 0 0 0.25 0 0 0 0 0.333333 0 0 0 0 0 0 0 0.333333 0 0 0.333333 0 0 0 0 
AATTTCCG 0 0 0 0.333333 0 0 0.166667 0 0 0 0 0 0 0.333333 0 0.166667 0 0 0 0.4 0 0 0 0 0 0 0 0 0 0.4 0.2 0 0 0.25 0 0.25 0 0 0 0 0 0 0 0 0 0.25 0.25 0 0 0.666667 0 0 0 0 0 0 0 0 0 0 0 0 0.333333 0 
ACGGAAAT 0.166667 0 0.166667 0.166667 0 0 0.166667 0 0.333333 0 0 0 0 0 0 0 0 0 0.2 0.2 0.2 0 0 0 0.4 0 0 0 0 0 0 0 0.25 0 0 0 0.25 0 0 0 0.25 0 0 0.25 0 0 0 0 0.333333 0 0 0 0.333333 0 0 0 0 0 0 0.333333 0 0 0 0 
ATATCCGC 0.166667 0.166667 0 0 0 0.166667 0.166667 0 0 0 0 0 0 0.166667 0 0.166667 0 0.2 0 0.2 0 0.2 0 0 0 0 0 0 0 0.2 0.2 0 0 0.25 0.25 0 0 0 0 0 0 0 0 0 0 0.5 0 0 0 0.666667 0 0 0 0 0 0 0 0 0 0 0 0 0.333333 0 
ATCTCCGC 0 0.166667 0 0 0 0.333333 0.166667 0 0 0 0 0 0 0.166667 0 0.166667 0 0 0 0.2 0 0.4 0 0 0 0 0 0 0 0.2 0.2 0 0 0.25 0 0 0 0 0.25 0 0 0 0 0 0 0.5 0 0 0 0.333333 0 0 0 0.333333 0 0 0 0 0 0 0 0 0.333333 0 
ATTTCCGC 0 0 0 0.166667 0 0.166667 0.166667 0 0 0 0 0 0 0.333333 0 0.166667 0 0 0 0.2 0 0.2 0 0 0 0 0 0 0 0.4 0.2 0 0 0.25 0 0 0 0 0 0 0 0 0 0 0 0.5 0.25 0 0 0.333333 0 0 0 0 0 0 0 0 0 0 0 0.333333 0.333333 0 
CGGAAATA 0.333333 0 0 0.166667 0 0 0.166667 0 0.333333 0 0 0 0 0 0 0 0.2 0 0 0.2 0.2 0 0 0 0.4 0 0 0 0 0 0 0 0.25 0 0 0 0.25 0 0 0 0.25 0 0 0.25 0 0 0 0 0 0 0 0 0.333333 0 0 0 0.333333 0 0 0.333333 0 0 0 0 
CGGAGATA 0.333333 0 0 0 0 0 0.166667 0 0.166667 0 0.166667 0.166667 0 0 0 0 0 0 0 0.2 0.2 0 0 0 0.4 0 0.2 0 0 0 0 0 0.25 0 0 0 0 0 0.25 0 0.25 0 0 0.25 0 0 0 0 0 0 0 0 0.333333 0 0 0 0.333333 0 0 0.333333 0 0 0 0 
CGGATATA 0.333333 0 0 0 0 0 0.166667 0 0.166667 0 0 0.166667 0 0 0 0.166667 0 0 0 0.2 0.2 0 0 0 0.2 0 0 0.2 0.2 0 0 0 0.25 0 0 0 0 0 0 0.25 0.25 0 0 0.25 0 0 0 0 0 0 0 0 0.333333 0 0 0 0.333333 0 0 0.333333 0 0 0 0 
CGGGAATA 0.166667 0 0 0.166667 0 0 0.166667 0 0.333333 0 0.166667 0 0 0 0 0 0.2 0 0 0 0 0 0.2 0 0.4 0 0 0.2 0 0 0 0 0 0 0 0 0.25 0 0 0 0.5 0 0 0.25 0 0 0 0 0 0 0 0 0.333333 0 0 0 0.333333 0 0 0.333333 0 0 0 0 
GGAAATAA 0.333333 0 0 0.166667 0 0 0 0 0.333333 0 0 0 0.166667 0 0 0 0.4 0 0 0.2 0 0 0 0 0.4 0 0 0 0 0 0 0 0.5 0 0 0 0 0 0 0 0.25 0 0 0.25 0 0 0 0 0.333333 0 0 0 0 0 0 0 0.333333 0 0 0.333333 0 0 0 0 
