0.486724345
0.488658898
0.487851632
0.489449523
0.485163402
0.492187003
0.490277513
0.495302551
0.4879543
0.486153388
0.485298876
0.485208701
0.492728025
0.485487875
0.48662824
0.488559907
0.491693718
0.494208655
0.485736748
0.490644183
0.488935995
0.488299627
0.490890313
0.488362539
0.492687714
0.488682479
0.488439942
0.489812375
0.490917038
0.48682026
0.496140021
0.486080903
0.494293002
0.48656456
0.491126115
0.488569516
0.487190993
0.490500956
0.490771159
0.488977973
0.491674911
0.485891338
0.493490309
0.490577769
0.486597322
0.492940352
0.487161297
0.490573146
0.492535741
0.489959408
0.485703824
0.497422065
0.487643413
0.489581842
0.490546571
0.490804501
0.486347701
0.487579107
0.486909986
0.488273906
0.489555541
0.487405602
0.488394421
0.486960592
0.487773095
0.49168768
0.48754895
0.499124879
0.487050769
0.489219817
0.49142726
0.497374763
0.498430634
0.498302528
0.491364659
0.490440167
0.485912994
0.489529091
0.494088208
0.490731197
0.49310609
0.490320804
0.491287589
0.490538585
0.4876873
0.491945522
0.4870267
0.48835752
0.497465353
0.496145928
0.494438481
0.48643747
0.494099067
0.490512425
0.486989759
0.49010989
0.48611277
0.494989138
0.490675712
0.485452895
0.486389685
0.485434624
0.485696698
0.485234716
0.488472075
0.492740293
0.488628528
0.488116758
0.492311384
0.485685873
0.488985584
0.487346834
0.486150432
0.49080062
0.485052288
0.491861978
0.497463785
0.485953429
0.487247885
0.488194245
0.487169166
0.485315204
0.49555773
0.488579429
0.485652592
0.494452785
0.485124018
0.493780822
0.485469146
0.493522158
0.485044267
0.488427917
0.488762236
0.488024302
0.491219907
0.492025938
0.486799967
0.485828315
0.49335097
0.491222719
0.486058123
0.492119564
0.49150105
0.490217634
0.49325257
0.492938477
0.486158177
0.485834874
0.486210379
0.489916859
0.485935554
0.495050515
0.488190859
0.490170777
0.487571387
0.496924646
0.494642691
0.487868016
0.493067508
0.495177368
0.493632019
0.488028263
0.486931112
0.489401546
0.495577971
0.49650604
0.491824831
0.489040015
0.487932698
0.490266853
0.491935387
0.492273032
0.496266428
0.489323875
0.494355233
0.487594176
0.492733536
0.48771432
0.492714219
0.487029099
0.493474114
0.49549022
0.494124057
0.487828439
0.491777338
0.496711003
0.488294456
0.487762592
0.48615566
0.487762592
0.491094369
0.487021475
0.494351646
0.497842226
0.49718389
0.499353588
0.493222376
0.498043417
0.493367247
0.497364104
0.485036711
0.495479194
0.490126753
0.489066208
0.486164864
0.497279161
0.490383068
0.495580295
0.493342571
0.486563036
0.494413191
0.491709058
0.492108239
0.486291267
0.489817599
0.4918481
0.49563073
0.492315288
0.487298326
0.491568534
0.489252691
0.488557642
0.49489544
0.48527866
0.491150109
0.485382648
0.496164796
0.496871479
0.490326298
0.495005762
0.498137536
0.495468318
0.499190927
0.49142748
0.498018052
0.493542338
0.49700969
0.49464317
0.488813276
0.486273854
0.497477266
0.489456769
0.493144106
0.491554431
0.495687754
0.486938249
0.488445428
0.485124164
0.48894039
0.487773426
0.491735096
0.494821557
0.489458295
0.489281033
0.48884207
0.493901795
0.486629838
0.491326658
0.497968844
0.4877522
0.491473574
0.488947982
0.495425315
0.491954904
0.496769152
0.49637285
0.497612317
0.491482067
0.499425287
0.489865188
0.490340392
0.497335484
0.485825627
0.489341936
0.491116326
0.495943917
0.490151442
0.494607511
0.494943869
0.496119647
0.490662706
0.486050567
0.499673218
0.496774545
0.486831276
0.489091137
0.485837989
0.497971959
0.486353237
0.485774888
0.485053828
0.48980706
0.493969771
0.485573129
0.490729207
0.492632341
0.488524438
0.490736252
0.488374518
0.49102951
0.487040694
0.486319049
0.490038645
0.490416407
0.488618457
0.488399364
0.485909182
0.495062341
0.496696797
0.492689333
0.485280026
0.489064965
0.486831519
0.492531127
0.491170735
0.485649985
0.491054097
0.490408756
0.494075449
0.487163954
0.490942865
0.486988357
0.496167592
0.486505091
0.490315427
0.496558105
0.495658033
0.487662872
0.489275439
0.492471462
0.495534839
0.487168176
0.487974556
0.491006204
0.492862279
0.494026613
0.485467921
0.487266515
0.489480668
0.486299984
0.487965396
0.48527726
0.487204702
0.487497046
0.491118011
0.490008766
0.486682456
0.487124167
0.493397244
0.4960725
0.491190834
0.487871352
0.493101125
0.489033202
0.492365258
0.496681786
0.485620009
0.499305743
0.490889399
0.489845302
0.48851215
0.489571873
0.487277754
0.491251116
0.485859364
0.4920855
0.489357428
0.488573018
0.485723999
0.485983733
0.493606873
0.492012907
0.490714745
0.489984186
0.498857846
0.492198356
0.492245374
0.487444892
0.493056554
0.496919009
0.486547073
0.489896328
0.496524372
0.488384105
0.486742845
0.486972445
0.494600728
0.488272785
0.489254732
0.492054142
0.487119612
0.492152551
0.485103625
0.498306752
0.495714973
0.492803628
0.487178658
0.490006567
0.496438815
0.488647228
0.486858147
0.495190847
0.487703791
0.488291232
0.490503437
0.498820623
0.492887176
0.491965059
0.487159667
0.492553108
