AAGAGTCA 0.166667 0 0.166667 0.166667 0 0 0 0 0 0.166667 0.166667 0 0.166667 0 0 0 0.2 0.2 0.2 0 0 0 0 0 0.2 0 0 0.2 0 0 0 0 0.25 0 0.25 0.25 0 0 0 0 0 0.25 0 0 0 0 0 0 0 0.333333 0 0.333333 0 0 0 0 0.333333 0 0 0 0 0 0 0 
AAGATGAC 0.166667 0 0.333333 0 0 0 0 0 0 0.166667 0 0.166667 0.166667 0 0 0 0.4 0 0 0.2 0 0 0 0 0 0 0.2 0 0 0.2 0 0 0 0.25 0.25 0.25 0 0 0 0 0.25 0 0 0 0 0 0 0 0.333333 0 0.333333 0 0 0 0 0 0 0.333333 0 0 0 0 0 0 
AATATGAC 0.166667 0 0.166667 0.166667 0 0 0 0 0 0.166667 0 0 0.166667 0 0 0.166667 0.4 0 0 0.2 0 0 0 0 0 0 0 0 0 0.2 0.2 0 0 0.25 0.25 0.25 0 0 0 0 0 0 0 0 0.25 0 0 0 0.333333 0 0.333333 0 0 0 0 0 0 0 0 0 0 0.333333 0 0 
AATGACAC 0.166667 0 0.166667 0.166667 0 0.166667 0 0 0 0.166667 0 0 0.166667 0 0 0 0.2 0.2 0.2 0 0 0 0 0 0.2 0 0 0 0 0.2 0 0 0.25 0.25 0 0 0 0 0 0 0 0.25 0 0 0.25 0 0 0 0.333333 0.333333 0 0 0 0 0 0 0 0 0 0 0 0.333333 0 0 
AATGACAT 0.166667 0 0.166667 0.166667 0 0 0 0.166667 0 0.166667 0 0 0.166667 0 0 0 0.2 0 0.2 0.2 0 0 0 0 0.2 0 0 0 0 0.2 0 0 0.25 0.25 0 0 0 0 0 0 0 0 0 0.25 0.25 0 0 0 0.333333 0.333333 0 0 0 0 0 0 0 0 0 0 0 0 0 0.333333 
AATGACGC 0 0 0.333333 0.166667 0 0.166667 0 0 0 0.166667 0 0 0.166667 0 0 0 0.2 0.2 0.2 0 0 0 0 0 0 0 0.2 0 0 0.2 0 0 0.25 0.25 0 0 0 0 0 0 0 0.25 0 0 0 0 0.25 0 0 0.333333 0.333333 0 0 0 0 0 0 0 0 0 0 0.333333 0 0 
AATGACGT 0 0 0.333333 0.166667 0 0 0 0.166667 0 0.166667 0 0 0.166667 0 0 0 0.2 0 0.2 0.2 0 0 0 0 0 0 0.2 0 0 0.2 0 0 0.25 0.25 0 0 0 0 0 0 0 0 0 0.25 0 0 0.25 0 0 0.333333 0.333333 0 0 0 0 0 0 0 0 0 0 0 0 0.333333 
AATGACTA 0 0 0.166667 0.333333 0.166667 0 0 0 0 0.166667 0 0 0.166667 0 0 0 0.4 0 0.2 0 0 0 0 0 0 0 0 0.2 0 0.2 0 0 0.25 0.25 0 0 0 0 0 0 0.25 0 0 0 0 0 0 0.25 0 0.333333 0 0.333333 0 0 0 0 0 0 0 0 0.333333 0 0 0 
AATGACTC 0 0 0.166667 0.333333 0 0.166667 0 0 0 0.166667 0 0 0.166667 0 0 0 0.2 0.2 0.2 0 0 0 0 0 0 0 0 0.2 0 0.2 0 0 0.25 0.25 0 0 0 0 0 0 0 0.25 0 0 0 0 0 0.25 0 0.333333 0 0.333333 0 0 0 0 0 0 0 0 0 0.333333 0 0 
AATGAGTC 0 0 0.166667 0.333333 0 0 0 0 0 0.166667 0.166667 0 0.166667 0 0 0 0.2 0.2 0.2 0 0 0 0 0 0 0 0 0.2 0 0 0.2 0 0.25 0 0.25 0 0 0 0 0 0 0.25 0 0 0 0 0 0.25 0 0 0.333333 0.333333 0 0 0 0 0 0 0 0 0 0.333333 0 0 
ACACGTCA 0.166667 0 0.166667 0 0 0.166667 0 0.166667 0 0.166667 0 0 0.166667 0 0 0 0 0.2 0 0.2 0 0.2 0.2 0 0.2 0 0 0 0 0 0 0 0 0.25 0.25 0 0.25 0 0 0.25 0 0 0 0 0 0 0 0 0.333333 0 0 0.333333 0 0.333333 0 0 0 0 0 0 0 0 0 0 
ACGAGTCA 0 0 0.166667 0.166667 0.166667 0 0 0 0 0.166667 0.166667 0 0.166667 0 0 0 0.2 0.2 0 0 0 0 0.2 0 0.2 0 0 0.2 0 0 0 0 0.25 0 0.25 0 0 0 0 0.25 0 0.25 0 0 0 0 0 0 0 0 0 0.333333 0 0.333333 0 0 0.333333 0 0 0 0 0 0 0 
ACGATGAC 0 0 0.333333 0 0.166667 0 0 0 0 0.166667 0 0.166667 0.166667 0 0 0 0.4 0 0 0 0 0 0 0.2 0 0 0.2 0 0 0.2 0 0 0 0.25 0 0.25 0 0 0.25 0 0.25 0 0 0 0 0 0 0 0 0 0.333333 0 0.333333 0 0 0 0 0.333333 0 0 0 0 0 0 
ACGTCACA 0.166667 0 0.166667 0 0 0.166667 0 0.166667 0 0.166667 0 0 0.166667 0 0 0 0 0 0 0.2 0.2 0.2 0 0 0.2 0 0 0 0 0.2 0 0 0 0.25 0 0 0.25 0 0 0 0 0.25 0 0 0.25 0 0 0 0.333333 0 0 0 0 0.333333 0 0 0.333333 0 0 0 0 0 0 0 
ACGTCACC 0 0.166667 0.166667 0 0 0.166667 0 0.166667 0 0.166667 0 0 0.166667 0 0 0 0 0 0 0.2 0 0.4 0 0 0.2 0 0 0 0 0.2 0 0 0 0.25 0 0 0.25 0 0 0 0 0.25 0 0 0 0.25 0 0 0.333333 0 0 0 0 0.333333 0 0 0 0.333333 0 0 0 0 0 0 
ACGTCATA 0.166667 0 0.166667 0 0 0 0 0.333333 0 0.166667 0 0 0.166667 0 0 0 0 0 0 0.2 0.2 0.2 0 0 0.2 0 0 0 0 0 0 0.2 0 0.25 0 0 0.25 0 0 0 0 0 0 0.25 0.25 0 0 0 0.333333 0 0 0 0 0 0 0.333333 0.333333 0 0 0 0 0 0 0 
ACGTCATC 0 0.166667 0.166667 0 0 0 0 0.333333 0 0.166667 0 0 0.166667 0 0 0 0 0 0 0.2 0 0.4 0 0 0.2 0 0 0 0 0 0 0.2 0 0.25 0 0 0.25 0 0 0 0 0 0 0.25 0 0.25 0 0 0.333333 0 0 0 0 0 0 0.333333 0 0.333333 0 0 0 0 0 0 
ACGTCATG 0 0 0.333333 0 0 0 0 0.333333 0 0.166667 0 0 0.166667 0 0 0 0 0 0 0.2 0 0.2 0.2 0 0.2 0 0 0 0 0 0 0.2 0 0.25 0 0 0.25 0 0 0 0 0 0 0.25 0 0 0.25 0 0.333333 0 0 0 0 0 0 0.333333 0 0 0.333333 0 0 0 0 0 
ACTATGAC 0 0 0.166667 0.166667 0.166667 0 0 0 0 0.166667 0 0 0.166667 0 0 0.166667 0.4 0 0 0 0 0 0 0.2 0 0 0 0 0 0.2 0.2 0 0 0.25 0 0.25 0 0 0.25 0 0 0 0 0 0.25 0 0 0 0 0 0.333333 0 0.333333 0 0 0 0 0 0 0 0 0.333333 0 0 
AGAGTCAC 0.166667 0 0 0.166667 0 0.166667 0 0 0 0.166667 0.166667 0 0.166667 0 0 0 0 0.2 0.2 0 0 0 0 0 0.2 0 0 0.2 0 0.2 0 0 0.25 0 0 0.25 0 0 0 0 0 0.5 0 0 0 0 0 0 0 0.666667 0 0 0 0 0 0 0.333333 0 0 0 0 0 0 0 
AGAGTCAT 0.166667 0 0 0.166667 0 0 0 0.166667 0 0.166667 0.166667 0 0.166667 0 0 0 0 0.2 0.2 0 0 0 0 0 0.2 0 0 0.2 0 0 0 0.2 0.25 0 0 0.25 0 0 0 0 0 0.25 0 0.25 0 0 0 0 0 0.333333 0 0.333333 0 0 0 0 0.333333 0 0 0 0 0 0 0 
AGATGACA 0.333333 0 0.166667 0 0 0 0 0 0 0.166667 0 0.166667 0.166667 0 0 0 0.2 0 0 0.2 0 0 0 0 0.2 0 0.2 0 0 0.2 0 0 0 0.25 0.25 0 0 0 0 0 0.25 0 0 0 0.25 0 0 0 0.666667 0 0 0 0 0 0 0 0 0.333333 0 0 0 0 0 0 
AGATGACT 0.166667 0 0.166667 0.166667 0 0 0 0 0 0.166667 0 0.166667 0.166667 0 0 0 0.2 0 0 0.2 0 0 0 0 0 0 0.2 0.2 0 0.2 0 0 0 0.25 0.25 0 0 0 0 0 0.25 0 0 0 0 0 0 0.25 0.333333 0 0 0.333333 0 0 0 0 0 0.333333 0 0 0 0 0 0 
AGGAGTCA 0 0 0.166667 0.166667 0 0 0 0 0.166667 0.166667 0.166667 0 0.166667 0 0 0 0.2 0.2 0 0 0 0 0 0 0.2 0 0.2 0.2 0 0 0 0 0.25 0 0.25 0 0 0 0 0 0 0.25 0 0.25 0 0 0 0 0 0 0 0.333333 0 0 0 0 0.333333 0.333333 0 0 0 0 0 0 
AGGATGAC 0 0 0.333333 0 0 0 0 0 0.166667 0.166667 0 0.166667 0.166667 0 0 0 0.4 0 0 0 0 0 0 0 0 0 0.2 0.2 0 0.2 0 0 0 0.25 0 0.25 0 0 0 0 0.25 0 0.25 0 0 0 0 0 0 0 0.333333 0 0 0 0 0 0.333333 0.333333 0 0 0 0 0 0 
AGGTGACT 0 0 0.166667 0.166667 0 0 0 0 0 0.166667 0.166667 0.166667 0.166667 0 0 0 0 0 0 0.2 0 0 0 0 0.2 0 0.2 0.2 0 0.2 0 0 0 0 0.25 0 0 0 0 0 0.25 0.25 0 0 0 0 0 0.25 0.333333 0 0 0 0 0 0 0 0 0.333333 0 0.333333 0 0 0 0 
AGTATGAC 0 0 0.166667 0.166667 0 0 0 0 0.166667 0.166667 0 0 0.166667 0 0 0.166667 0.4 0 0 0 0 0 0 0 0 0 0 0.2 0 0.2 0.2 0 0 0.25 0 0.25 0 0 0 0 0 0 0.25 0 0.25 0 0 0 0 0 0.333333 0 0 0 0 0 0.333333 0 0 0 0 0.333333 0 0 
AGTCACAA 0.166667 0 0 0.166667 0.166667 0.166667 0 0 0 0.166667 0 0 0.166667 0 0 0 0.2 0.2 0 0 0.2 0 0 0 0.2 0 0 0 0 0.2 0 0 0.25 0 0 0 0.25 0 0 0 0 0.25 0 0 0.25 0 0 0 0 0.333333 0 0 0 0 0 0 0.333333 0 0 0 0.333333 0 0 0 
AGTCACAC 0.166667 0 0 0.166667 0 0.333333 0 0 0 0.166667 0 0 0.166667 0 0 0 0 0.4 0 0 0.2 0 0 0 0.2 0 0 0 0 0.2 0 0 0.25 0 0 0 0 0.25 0 0 0 0.25 0 0 0.25 0 0 0 0 0.333333 0 0 0 0 0 0 0.333333 0 0 0 0 0.333333 0 0 
AGTCACAT 0.166667 0 0 0.166667 0 0.166667 0 0.166667 0 0.166667 0 0 0.166667 0 0 0 0 0.2 0 0.2 0.2 0 0 0 0.2 0 0 0 0 0.2 0 0 0.25 0 0 0 0 0 0 0.25 0 0.25 0 0 0.25 0 0 0 0 0.333333 0 0 0 0 0 0 0.333333 0 0 0 0 0 0 0.333333 
AGTCACCA 0 0.166667 0 0.166667 0.166667 0.166667 0 0 0 0.166667 0 0 0.166667 0 0 0 0.2 0.2 0 0 0 0.2 0 0 0.2 0 0 0 0 0.2 0 0 0.25 0 0 0 0.25 0 0 0 0 0.25 0 0 0 0.25 0 0 0 0.333333 0 0 0 0 0 0 0 0.333333 0 0 0.333333 0 0 0 
AGTCACCC 0 0.166667 0 0.166667 0 0.333333 0 0 0 0.166667 0 0 0.166667 0 0 0 0 0.4 0 0 0 0.2 0 0 0.2 0 0 0 0 0.2 0 0 0.25 0 0 0 0 0.25 0 0 0 0.25 0 0 0 0.25 0 0 0 0.333333 0 0 0 0 0 0 0 0.333333 0 0 0 0.333333 0 0 
AGTCACCG 0 0.166667 0 0.166667 0 0.166667 0.166667 0 0 0.166667 0 0 0.166667 0 0 0 0 0.2 0.2 0 0 0.2 0 0 0.2 0 0 0 0 0.2 0 0 0.25 0 0 0 0 0 0.25 0 0 0.25 0 0 0 0.25 0 0 0 0.333333 0 0 0 0 0 0 0 0.333333 0 0 0 0 0.333333 0 
AGTCATAA 0.166667 0 0 0.166667 0 0 0 0.166667 0 0.166667 0 0 0.333333 0 0 0 0.2 0.2 0 0 0.2 0 0 0 0.2 0 0 0 0 0 0 0.2 0.25 0 0 0 0.25 0 0 0 0 0 0 0.25 0.25 0 0 0 0 0 0 0.333333 0 0 0 0 0.333333 0 0 0 0.333333 0 0 0 
AGTCATAC 0.166667 0 0 0.166667 0 0 0 0.166667 0 0.166667 0 0 0.166667 0.166667 0 0 0 0.4 0 0 0.2 0 0 0 0.2 0 0 0 0 0 0 0.2 0.25 0 0 0 0 0.25 0 0 0 0 0 0.25 0.25 0 0 0 0 0 0 0.333333 0 0 0 0 0.333333 0 0 0 0 0.333333 0 0 
AGTCATAG 0.166667 0 0 0.166667 0 0 0 0.166667 0 0.166667 0 0 0.166667 0 0.166667 0 0 0.2 0.2 0 0.2 0 0 0 0.2 0 0 0 0 0 0 0.2 0.25 0 0 0 0 0 0.25 0 0 0 0 0.25 0.25 0 0 0 0 0 0 0.333333 0 0 0 0 0.333333 0 0 0 0 0 0.333333 0 
AGTCATAT 0.166667 0 0 0.166667 0 0 0 0.166667 0 0.166667 0 0 0.166667 0 0 0.166667 0 0.2 0 0.2 0.2 0 0 0 0.2 0 0 0 0 0 0 0.2 0.25 0 0 0 0 0 0 0.25 0 0 0 0.25 0.25 0 0 0 0 0 0 0.333333 0 0 0 0 0.333333 0 0 0 0 0 0 0.333333 
AGTCATCA 0 0.166667 0 0.166667 0 0 0 0.166667 0 0.166667 0 0 0.333333 0 0 0 0.2 0.2 0 0 0 0.2 0 0 0.2 0 0 0 0 0 0 0.2 0.25 0 0 0 0.25 0 0 0 0 0 0 0.25 0 0.25 0 0 0 0 0 0.333333 0 0 0 0 0 0.333333 0 0 0.333333 0 0 0 
AGTCATCC 0 0.166667 0 0.166667 0 0 0 0.166667 0 0.166667 0 0 0.166667 0.166667 0 0 0 0.4 0 0 0 0.2 0 0 0.2 0 0 0 0 0 0 0.2 0.25 0 0 0 0 0.25 0 0 0 0 0 0.25 0 0.25 0 0 0 0 0 0.333333 0 0 0 0 0 0.333333 0 0 0 0.333333 0 0 
AGTCATCG 0 0.166667 0 0.166667 0 0 0 0.166667 0 0.166667 0 0 0.166667 0 0.166667 0 0 0.2 0.2 0 0 0.2 0 0 0.2 0 0 0 0 0 0 0.2 0.25 0 0 0 0 0 0.25 0 0 0 0 0.25 0 0.25 0 0 0 0 0 0.333333 0 0 0 0 0 0.333333 0 0 0 0 0.333333 0 
AGTCATGA 0 0 0.166667 0.166667 0 0 0 0.166667 0 0.166667 0 0 0.333333 0 0 0 0.2 0.2 0 0 0 0 0.2 0 0.2 0 0 0 0 0 0 0.2 0.25 0 0 0 0.25 0 0 0 0 0 0 0.25 0 0 0.25 0 0 0 0 0.333333 0 0 0 0 0 0 0.333333 0 0.333333 0 0 0 
AGTCATTA 0 0 0 0.333333 0 0 0 0.166667 0 0.166667 0 0 0.333333 0 0 0 0.2 0.2 0 0 0 0 0 0.2 0.2 0 0 0 0 0 0 0.2 0.25 0 0 0 0.25 0 0 0 0 0 0 0.25 0 0 0 0.25 0 0 0 0.333333 0 0 0 0 0 0 0 0.333333 0.333333 0 0 0 
AGTCATTC 0 0 0 0.333333 0 0 0 0.166667 0 0.166667 0 0 0.166667 0.166667 0 0 0 0.4 0 0 0 0 0 0.2 0.2 0 0 0 0 0 0 0.2 0.25 0 0 0 0 0.25 0 0 0 0 0 0.25 0 0 0 0.25 0 0 0 0.333333 0 0 0 0 0 0 0 0.333333 0 0.333333 0 0 
AGTCATTG 0 0 0 0.333333 0 0 0 0.166667 0 0.166667 0 0 0.166667 0 0.166667 0 0 0.2 0.2 0 0 0 0 0.2 0.2 0 0 0 0 0 0 0.2 0.25 0 0 0 0 0 0.25 0 0 0 0 0.25 0 0 0 0.25 0 0 0 0.333333 0 0 0 0 0 0 0 0.333333 0 0 0.333333 0 
AGTGACTA 0 0 0 0.333333 0.166667 0 0 0 0 0.166667 0.166667 0 0.166667 0 0 0 0.2 0 0.2 0 0 0 0 0 0.2 0 0 0.2 0 0.2 0 0 0.25 0 0 0 0 0 0 0 0.25 0.25 0 0 0 0 0 0.25 0 0.333333 0 0 0 0 0 0 0 0 0 0.333333 0.333333 0 0 0 
AGTGACTC 0 0 0 0.333333 0 0.166667 0 0 0 0.166667 0.166667 0 0.166667 0 0 0 0 0.2 0.2 0 0 0 0 0 0.2 0 0 0.2 0 0.2 0 0 0.25 0 0 0 0 0 0 0 0 0.5 0 0 0 0 0 0.25 0 0.333333 0 0 0 0 0 0 0 0 0 0.333333 0 0.333333 0 0 
AGTGAGTC 0 0 0 0.333333 0 0 0 0 0 0.166667 0.333333 0 0.166667 0 0 0 0 0.2 0.2 0 0 0 0 0 0.2 0 0 0.2 0 0 0.2 0 0.25 0 0 0 0 0 0 0 0 0.25 0.25 0 0 0 0 0.25 0 0 0.333333 0 0 0 0 0 0 0 0 0.333333 0 0.333333 0 0 
AGTGTCAT 0 0 0 0.166667 0 0 0 0.166667 0 0.166667 0.166667 0 0.166667 0 0 0.166667 0 0 0.2 0 0 0 0 0 0.2 0 0 0.2 0 0.2 0 0.2 0 0 0 0.25 0 0 0 0 0 0.25 0 0.25 0.25 0 0 0 0 0.333333 0 0 0 0 0 0 0.333333 0 0 0 0 0 0 0.333333 
AGTGTGAC 0 0 0 0.166667 0 0 0 0 0 0.166667 0.333333 0 0.166667 0 0 0.166667 0 0 0.2 0 0 0 0 0 0.2 0 0 0.2 0 0.2 0.2 0 0 0 0 0.25 0 0 0 0 0 0.25 0.25 0 0.25 0 0 0 0 0 0.333333 0 0 0 0 0 0.333333 0 0 0 0 0.333333 0 0 
ATACGTCA 0.166667 0 0.166667 0 0 0 0 0.166667 0 0.166667 0 0 0.166667 0.166667 0 0 0 0.2 0 0.2 0 0.2 0 0 0.2 0 0 0 0 0 0.2 0 0 0.25 0.25 0 0.25 0 0 0 0 0 0 0 0 0 0 0.25 0.333333 0 0 0.333333 0 0 0 0 0 0 0 0 0 0.333333 0 0 
ATAGTCAT 0.166667 0 0 0.166667 0 0 0 0.166667 0 0.166667 0 0 0.166667 0 0.166667 0 0 0.2 0.2 0 0 0 0 0 0.2 0 0 0 0 0 0 0.4 0.25 0 0 0.25 0 0 0 0 0 0 0 0.25 0 0.25 0 0 0 0.333333 0 0.333333 0 0 0 0 0 0 0 0 0.333333 0 0 0 
ATATGACA 0.333333 0 0.166667 0 0 0 0 0 0 0.166667 0 0 0.166667 0 0 0.166667 0.2 0 0 0.2 0 0 0 0 0.2 0 0 0 0 0.2 0.2 0 0 0.25 0.25 0 0 0 0 0 0 0 0 0 0.5 0 0 0 0.666667 0 0 0 0 0 0 0 0 0 0 0 0 0.333333 0 0 
ATATGACG 0.166667 0 0.333333 0 0 0 0 0 0 0.166667 0 0 0.166667 0 0 0.166667 0.2 0 0 0.2 0 0 0 0 0 0 0.2 0 0 0.2 0.2 0 0 0.25 0.25 0 0 0 0 0 0 0 0 0 0.25 0 0.25 0 0.333333 0 0.333333 0 0 0 0 0 0 0 0 0 0 0.333333 0 0 
ATCAGTCA 0 0.166667 0 0.166667 0 0 0.166667 0 0 0.166667 0 0 0.333333 0 0 0 0.2 0.2 0 0 0 0 0 0.2 0.2 0 0 0 0 0 0.2 0 0.25 0 0.25 0 0 0.25 0 0 0 0 0 0 0 0 0 0.25 0 0 0 0.333333 0.333333 0 0 0 0 0 0 0 0 0.333333 0 0 
ATGAATCA 0 0.166667 0.166667 0.166667 0 0 0 0 0.166667 0 0 0 0.333333 0 0 0 0.4 0.2 0 0 0 0 0 0 0 0 0 0.2 0.2 0 0 0 0.5 0 0 0 0 0 0 0 0 0.25 0 0 0 0 0 0.25 0 0 0 0.333333 0 0 0 0 0.333333 0 0 0 0 0.333333 0 0 
ATGACAAA 0.333333 0 0.166667 0 0.166667 0 0 0 0 0.166667 0 0 0.166667 0 0 0 0.4 0 0 0 0.2 0 0 0 0.2 0 0 0 0 0.2 0 0 0.25 0.25 0 0 0 0 0 0 0.25 0 0 0 0.25 0 0 0 0.333333 0 0 0 0 0 0 0 0.333333 0 0 0 0.333333 0 0 0 
ATGACACA 0.333333 0 0.166667 0 0 0.166667 0 0 0 0.166667 0 0 0.166667 0 0 0 0.2 0.2 0 0 0.2 0 0 0 0.2 0 0 0 0 0.2 0 0 0.25 0.25 0 0 0 0 0 0 0 0.25 0 0 0.25 0 0 0 0.333333 0 0 0 0 0 0 0 0.333333 0 0 0 0 0.333333 0 0 
ATGACACC 0.166667 0.166667 0.166667 0 0 0.166667 0 0 0 0.166667 0 0 0.166667 0 0 0 0.2 0.2 0 0 0 0.2 0 0 0.2 0 0 0 0 0.2 0 0 0 0.5 0 0 0 0 0 0 0 0.25 0 0 0.25 0 0 0 0.333333 0 0 0 0 0 0 0 0 0.333333 0 0 0 0.333333 0 0 
ATGACACG 0.166667 0 0.333333 0 0 0.166667 0 0 0 0.166667 0 0 0.166667 0 0 0 0.2 0.2 0 0 0 0 0.2 0 0.2 0 0 0 0 0.2 0 0 0 0.25 0.25 0 0 0 0 0 0 0.25 0 0 0.25 0 0 0 0.333333 0 0 0 0 0 0 0 0 0 0.333333 0 0 0.333333 0 0 
ATGACATA 0.333333 0 0.166667 0 0 0 0 0.166667 0 0.166667 0 0 0.166667 0 0 0 0.2 0 0 0.2 0.2 0 0 0 0.2 0 0 0 0 0.2 0 0 0.25 0.25 0 0 0 0 0 0 0 0 0 0.25 0.25 0 0 0 0.333333 0 0 0 0 0 0 0 0.333333 0 0 0 0 0 0 0.333333 
ATGACATC 0.166667 0.166667 0.166667 0 0 0 0 0.166667 0 0.166667 0 0 0.166667 0 0 0 0.2 0 0 0.2 0 0.2 0 0 0.2 0 0 0 0 0.2 0 0 0 0.5 0 0 0 0 0 0 0 0 0 0.25 0.25 0 0 0 0.333333 0 0 0 0 0 0 0 0 0.333333 0 0 0 0 0 0.333333 
ATGACATG 0.166667 0 0.333333 0 0 0 0 0.166667 0 0.166667 0 0 0.166667 0 0 0 0.2 0 0 0.2 0 0 0.2 0 0.2 0 0 0 0 0.2 0 0 0 0.25 0.25 0 0 0 0 0 0 0 0 0.25 0.25 0 0 0 0.333333 0 0 0 0 0 0 0 0 0 0.333333 0 0 0 0 0.333333 
ATGACGAA 0 0 0.333333 0 0.166667 0 0 0 0.166667 0.166667 0 0 0.166667 0 0 0 0.4 0 0 0 0.2 0 0 0 0 0 0.2 0 0 0.2 0 0 0.25 0.25 0 0 0 0 0 0 0.25 0 0 0 0 0 0.25 0 0 0 0.333333 0 0 0 0 0 0.333333 0 0 0 0.333333 0 0 0 
ATGACGCA 0 0 0.333333 0 0 0.166667 0 0 0.166667 0.166667 0 0 0.166667 0 0 0 0.2 0.2 0 0 0.2 0 0 0 0 0 0.2 0 0 0.2 0 0 0.25 0.25 0 0 0 0 0 0 0 0.25 0 0 0 0 0.25 0 0 0 0.333333 0 0 0 0 0 0.333333 0 0 0 0 0.333333 0 0 
ATGACGCG 0 0 0.333333 0 0 0.166667 0 0 0 0.166667 0.166667 0 0.166667 0 0 0 0.2 0.2 0 0 0 0 0.2 0 0 0 0.2 0 0 0.2 0 0 0 0.25 0.25 0 0 0 0 0 0 0.25 0 0 0 0 0.25 0 0 0 0.333333 0 0 0 0 0 0 0 0.333333 0 0 0.333333 0 0 
ATGACGTA 0 0 0.333333 0 0 0 0 0.166667 0.166667 0.166667 0 0 0.166667 0 0 0 0.2 0 0 0.2 0.2 0 0 0 0 0 0.2 0 0 0.2 0 0 0.25 0.25 0 0 0 0 0 0 0 0 0 0.25 0 0 0.25 0 0 0 0.333333 0 0 0 0 0 0.333333 0 0 0 0 0 0 0.333333 
ATGACGTC 0 0 0.333333 0 0 0 0 0.166667 0 0.333333 0 0 0.166667 0 0 0 0.2 0 0 0.2 0 0.2 0 0 0 0 0.2 0 0 0.2 0 0 0 0.5 0 0 0 0 0 0 0 0 0 0.25 0 0 0.25 0 0 0 0.333333 0 0 0 0 0 0 0.333333 0 0 0 0 0 0.333333 
ATGACGTG 0 0 0.333333 0 0 0 0 0.166667 0 0.166667 0.166667 0 0.166667 0 0 0 0.2 0 0 0.2 0 0 0.2 0 0 0 0.2 0 0 0.2 0 0 0 0.25 0.25 0 0 0 0 0 0 0 0 0.25 0 0 0.25 0 0 0 0.333333 0 0 0 0 0 0 0 0.333333 0 0 0 0 0.333333 
ATGACTAA 0 0 0.166667 0.166667 0.166667 0 0 0 0 0.166667 0 0 0.333333 0 0 0 0.4 0 0 0 0.2 0 0 0 0 0 0 0.2 0 0.2 0 0 0.25 0.25 0 0 0 0 0 0 0.25 0 0 0 0 0 0 0.25 0 0 0 0.333333 0 0 0 0 0.333333 0 0 0 0.333333 0 0 0 
ATGACTAC 0 0 0.166667 0.166667 0.166667 0 0 0 0 0.166667 0 0 0.166667 0.166667 0 0 0.4 0 0 0 0 0.2 0 0 0 0 0 0.2 0 0.2 0 0 0 0.5 0 0 0 0 0 0 0.25 0 0 0 0 0 0 0.25 0 0 0 0.333333 0 0 0 0 0 0.333333 0 0 0.333333 0 0 0 
ATGACTAG 0 0 0.166667 0.166667 0.166667 0 0 0 0 0.166667 0 0 0.166667 0 0.166667 0 0.4 0 0 0 0 0 0.2 0 0 0 0 0.2 0 0.2 0 0 0 0.25 0.25 0 0 0 0 0 0.25 0 0 0 0 0 0 0.25 0 0 0 0.333333 0 0 0 0 0 0 0.333333 0 0.333333 0 0 0 
ATGACTCA 0 0 0.166667 0.166667 0 0.166667 0 0 0 0.166667 0 0 0.333333 0 0 0 0.2 0.2 0 0 0.2 0 0 0 0 0 0 0.2 0 0.2 0 0 0.25 0.25 0 0 0 0 0 0 0 0.25 0 0 0 0 0 0.25 0 0 0 0.333333 0 0 0 0 0.333333 0 0 0 0 0.333333 0 0 
ATGACTCC 0 0 0.166667 0.166667 0 0.166667 0 0 0 0.166667 0 0 0.166667 0.166667 0 0 0.2 0.2 0 0 0 0.2 0 0 0 0 0 0.2 0 0.2 0 0 0 0.5 0 0 0 0 0 0 0 0.25 0 0 0 0 0 0.25 0 0 0 0.333333 0 0 0 0 0 0.333333 0 0 0 0.333333 0 0 
ATGACTCG 0 0 0.166667 0.166667 0 0.166667 0 0 0 0.166667 0 0 0.166667 0 0.166667 0 0.2 0.2 0 0 0 0 0.2 0 0 0 0 0.2 0 0.2 0 0 0 0.25 0.25 0 0 0 0 0 0 0.25 0 0 0 0 0 0.25 0 0 0 0.333333 0 0 0 0 0 0 0.333333 0 0 0.333333 0 0 
ATGACTGA 0 0 0.166667 0.166667 0 0 0.166667 0 0 0.166667 0 0 0.333333 0 0 0 0.2 0 0.2 0 0.2 0 0 0 0 0 0 0.2 0 0.2 0 0 0.25 0.25 0 0 0 0 0 0 0 0 0.25 0 0 0 0 0.25 0 0 0 0.333333 0 0 0 0 0.333333 0 0 0 0 0 0.333333 0 
ATGAGTAA 0 0 0.166667 0.166667 0 0 0 0 0.166667 0 0.166667 0 0.333333 0 0 0 0.4 0 0 0 0 0 0 0 0.2 0 0 0.2 0 0 0.2 0 0.25 0 0.25 0 0 0 0 0 0.25 0 0 0 0 0 0 0.25 0 0 0 0.333333 0 0 0 0 0.333333 0 0 0 0.333333 0 0 0 
ATGAGTCA 0 0 0.166667 0.166667 0 0 0 0 0 0.166667 0.166667 0 0.333333 0 0 0 0.2 0.2 0 0 0 0 0 0 0.2 0 0 0.2 0 0 0.2 0 0.25 0 0.25 0 0 0 0 0 0 0.25 0 0 0 0 0 0.25 0 0 0 0.333333 0 0 0 0 0.333333 0 0 0 0 0.333333 0 0 
ATGATGAC 0 0 0.333333 0 0 0 0 0 0 0.166667 0 0.166667 0.333333 0 0 0 0.4 0 0 0 0 0 0 0 0 0 0.2 0 0 0.2 0 0.2 0 0.25 0 0.25 0 0 0 0 0.25 0 0 0 0 0 0.25 0 0 0 0.333333 0 0 0 0 0 0 0.333333 0 0 0.333333 0 0 0 
ATGATTCA 0 0 0.166667 0.166667 0 0 0 0 0 0 0 0.166667 0.333333 0.166667 0 0 0.2 0.2 0 0 0 0 0 0 0 0 0 0.2 0.2 0 0 0.2 0.25 0 0 0.25 0 0 0 0 0 0.25 0 0 0 0 0 0.25 0 0 0 0.333333 0 0 0 0 0.333333 0 0 0 0 0.333333 0 0 
ATGCGTCA 0 0 0.166667 0 0 0 0 0.166667 0 0.166667 0.166667 0 0.166667 0.166667 0 0 0 0.2 0 0 0 0.2 0 0 0.2 0 0 0.2 0 0 0.2 0 0 0 0.25 0 0.25 0 0 0 0 0.25 0 0 0 0 0 0.25 0 0 0 0.333333 0 0 0 0 0.333333 0 0 0 0 0.333333 0 0 
ATGTCATA 0.166667 0 0.166667 0 0 0 0 0.166667 0 0.166667 0 0 0.166667 0 0 0.166667 0 0 0 0.2 0.2 0 0 0 0.2 0 0 0 0 0.2 0 0.2 0 0.25 0 0 0 0 0 0 0 0 0 0.25 0.5 0 0 0 0.333333 0 0 0 0 0 0 0 0.333333 0 0 0 0 0 0 0.333333 
ATGTCATC 0 0.166667 0.166667 0 0 0 0 0.166667 0 0.166667 0 0 0.166667 0 0 0.166667 0 0 0 0.2 0 0.2 0 0 0.2 0 0 0 0 0.2 0 0.2 0 0.25 0 0 0 0 0 0 0 0 0 0.25 0.25 0.25 0 0 0.333333 0 0 0 0 0 0 0 0 0.333333 0 0 0 0 0 0.333333 
ATGTGTCA 0 0 0.166667 0 0 0 0 0 0 0.166667 0.166667 0 0.166667 0 0 0.333333 0 0 0 0.2 0 0 0 0 0.2 0 0 0.2 0 0.2 0.2 0 0 0 0.25 0 0 0 0 0 0 0.25 0 0 0.25 0 0 0.25 0 0 0 0.333333 0 0 0 0 0.333333 0 0 0 0 0.333333 0 0 
ATTACTCA 0 0 0 0.333333 0 0.166667 0 0 0 0 0 0 0.333333 0.166667 0 0 0.2 0.2 0 0 0.2 0 0 0 0 0 0 0 0 0.2 0 0.2 0.25 0.25 0 0 0 0 0 0 0 0 0 0 0 0.25 0 0.25 0 0 0 0.333333 0 0 0 0 0 0 0 0 0.333333 0.333333 0 0 
ATTAGTCA 0 0 0 0.333333 0 0 0 0 0 0.166667 0 0 0.333333 0 0.166667 0 0.2 0.2 0 0 0 0 0 0 0.2 0 0 0 0 0 0.2 0.2 0.25 0 0.25 0 0 0 0 0 0 0 0 0 0 0.25 0 0.25 0 0 0 0.333333 0 0 0 0 0 0 0 0 0.333333 0.333333 0 0 
ATTATGAC 0 0 0.166667 0.166667 0 0 0 0 0 0.166667 0 0 0.333333 0 0 0.166667 0.4 0 0 0 0 0 0 0 0 0 0 0 0 0.2 0.2 0.2 0 0.25 0 0.25 0 0 0 0 0 0 0 0 0.25 0 0.25 0 0 0 0.333333 0 0 0 0 0 0 0 0 0 0.333333 0.333333 0 0 
CACGTCAC 0 0 0.166667 0 0 0.333333 0 0.166667 0 0.166667 0 0 0.166667 0 0 0 0 0 0 0.2 0 0.2 0.2 0 0.2 0 0 0 0 0.2 0 0 0 0.25 0 0 0.25 0 0 0.25 0 0.25 0 0 0 0 0 0 0.333333 0 0 0 0 0.666667 0 0 0 0 0 0 0 0 0 0 
CAGATGAC 0.166667 0 0.166667 0 0 0 0.166667 0 0 0.166667 0 0.166667 0.166667 0 0 0 0.2 0 0 0.2 0.2 0 0 0 0 0 0.2 0 0 0.2 0 0 0 0.25 0.25 0 0 0 0 0.25 0.25 0 0 0 0 0 0 0 0.333333 0 0 0 0 0 0.333333 0 0 0.333333 0 0 0 0 0 0 
CAGTCATA 0.166667 0 0 0.166667 0 0 0.166667 0.166667 0 0.166667 0 0 0.166667 0 0 0 0 0.2 0 0 0.2 0 0 0.2 0.2 0 0 0 0 0 0 0.2 0.25 0 0 0 0 0.25 0 0 0 0 0 0.25 0.25 0 0 0 0 0 0 0.333333 0.333333 0 0 0 0.333333 0 0 0 0 0 0 0 
CAGTCATC 0 0.166667 0 0.166667 0 0 0.166667 0.166667 0 0.166667 0 0 0.166667 0 0 0 0 0.2 0 0 0 0.2 0 0.2 0.2 0 0 0 0 0 0 0.2 0.25 0 0 0 0 0.25 0 0 0 0 0 0.25 0 0.25 0 0 0 0 0 0.333333 0.333333 0 0 0 0 0.333333 0 0 0 0 0 0 
CATGACAC 0.166667 0 0.166667 0 0 0.166667 0 0.166667 0 0.166667 0 0 0.166667 0 0 0 0.2 0.2 0 0 0 0 0.2 0 0.2 0 0 0 0 0.2 0 0 0 0.25 0 0 0.25 0 0 0 0 0.25 0 0 0.25 0 0 0 0.333333 0 0 0 0 0.333333 0 0 0 0 0 0 0 0.333333 0 0 
CATGACTA 0 0 0.166667 0.166667 0.166667 0 0 0.166667 0 0.166667 0 0 0.166667 0 0 0 0.4 0 0 0 0 0 0.2 0 0 0 0 0.2 0 0.2 0 0 0 0.25 0 0 0.25 0 0 0 0.25 0 0 0 0 0 0 0.25 0 0 0 0.333333 0 0.333333 0 0 0 0 0 0 0.333333 0 0 0 
CATGACTC 0 0 0.166667 0.166667 0 0.166667 0 0.166667 0 0.166667 0 0 0.166667 0 0 0 0.2 0.2 0 0 0 0 0.2 0 0 0 0 0.2 0 0.2 0 0 0 0.25 0 0 0.25 0 0 0 0 0.25 0 0 0 0 0 0.25 0 0 0 0.333333 0 0.333333 0 0 0 0 0 0 0 0.333333 0 0 
CATGTCAC 0 0 0.166667 0 0 0.166667 0 0.166667 0 0.166667 0 0 0.166667 0 0 0.166667 0 0 0 0.2 0 0 0.2 0 0.2 0 0 0 0 0.4 0 0 0 0.25 0 0 0 0 0 0.25 0 0.25 0 0 0.25 0 0 0 0.333333 0 0 0 0 0.333333 0 0 0 0 0 0 0 0.333333 0 0 
CCACGTCA 0 0 0.166667 0 0.166667 0.166667 0 0.166667 0 0.166667 0 0 0.166667 0 0 0 0 0 0 0.2 0 0.4 0.2 0 0.2 0 0 0 0 0 0 0 0 0.25 0 0 0.25 0 0.25 0.25 0 0 0 0 0 0 0 0 0.333333 0 0 0 0 0.333333 0 0.333333 0 0 0 0 0 0 0 0 
CCGATGAC 0 0 0.166667 0 0.166667 0 0.166667 0 0 0.166667 0 0.166667 0.166667 0 0 0 0.2 0 0 0 0.2 0 0 0.2 0 0 0.2 0 0 0.2 0 0 0 0.25 0 0 0 0 0.25 0.25 0.25 0 0 0 0 0 0 0 0 0 0 0 0.333333 0 0.333333 0 0 0.333333 0 0 0 0 0 0 
CCTATGAC 0 0 0.166667 0 0.166667 0 0 0.166667 0 0.166667 0 0 0.166667 0 0 0.166667 0.2 0 0 0 0.2 0 0 0.2 0 0 0 0 0 0.2 0.2 0 0 0.25 0 0 0 0 0.25 0.25 0 0 0 0 0.25 0 0 0 0 0 0 0 0.333333 0 0.333333 0 0 0 0 0 0 0.333333 0 0 
CGAGTCAC 0 0 0 0.166667 0.166667 0.166667 0 0 0 0.166667 0.166667 0 0.166667 0 0 0 0 0.2 0 0 0 0 0.2 0 0.2 0 0 0.2 0 0.2 0 0 0.25 0 0 0 0 0 0 0.25 0 0.5 0 0 0 0 0 0 0 0.333333 0 0 0 0.333333 0 0 0.333333 0 0 0 0 0 0 0 
CGATGACA 0.166667 0 0.166667 0 0.166667 0 0 0 0 0.166667 0 0.166667 0.166667 0 0 0 0.2 0 0 0 0 0 0 0.2 0.2 0 0.2 0 0 0.2 0 0 0 0.25 0 0 0 0 0.25 0 0.25 0 0 0 0.25 0 0 0 0.333333 0 0 0 0.333333 0 0 0 0 0.333333 0 0 0 0 0 0 
CGATGACG 0 0 0.333333 0 0.166667 0 0 0 0 0.166667 0 0.166667 0.166667 0 0 0 0.2 0 0 0 0 0 0 0.2 0 0 0.4 0 0 0.2 0 0 0 0.25 0 0 0 0 0.25 0 0.25 0 0 0 0 0 0.25 0 0 0 0.333333 0 0.333333 0 0 0 0 0.333333 0 0 0 0 0 0 
CGGATGAC 0 0 0.166667 0 0 0 0.166667 0 0.166667 0.166667 0 0.166667 0.166667 0 0 0 0.2 0 0 0 0.2 0 0 0 0 0 0.2 0.2 0 0.2 0 0 0 0.25 0 0 0 0 0 0.25 0.25 0 0.25 0 0 0 0 0 0 0 0 0 0 0 0.333333 0 0.333333 0.333333 0 0 0 0 0 0 
CGTATGAC 0 0 0.166667 0 0 0 0 0.166667 0.166667 0.166667 0 0 0.166667 0 0 0.166667 0.2 0 0 0 0.2 0 0 0 0 0 0 0.2 0 0.2 0.2 0 0 0.25 0 0 0 0 0 0.25 0 0 0.25 0 0.25 0 0 0 0 0 0 0 0 0 0.333333 0 0.333333 0 0 0 0 0.333333 0 0 
CGTCATAA 0.166667 0 0 0 0 0 0 0.333333 0 0.166667 0 0 0.333333 0 0 0 0.2 0 0 0 0.2 0.2 0 0 0.2 0 0 0 0 0 0 0.2 0 0 0 0 0.5 0 0 0 0 0 0 0.25 0.25 0 0 0 0 0 0 0 0 0 0 0.333333 0.333333 0 0 0 0.333333 0 0 0 
CGTCATAC 0.166667 0 0 0 0 0 0 0.333333 0 0.166667 0 0 0.166667 0.166667 0 0 0 0.2 0 0 0.2 0.2 0 0 0.2 0 0 0 0 0 0 0.2 0 0 0 0 0.25 0.25 0 0 0 0 0 0.25 0.25 0 0 0 0 0 0 0 0 0 0 0.333333 0.333333 0 0 0 0 0.333333 0 0 
CGTCATAG 0.166667 0 0 0 0 0 0 0.333333 0 0.166667 0 0 0.166667 0 0.166667 0 0 0 0.2 0 0.2 0.2 0 0 0.2 0 0 0 0 0 0 0.2 0 0 0 0 0.25 0 0.25 0 0 0 0 0.25 0.25 0 0 0 0 0 0 0 0 0 0 0.333333 0.333333 0 0 0 0 0 0.333333 0 
CGTCATCA 0 0.166667 0 0 0 0 0 0.333333 0 0.166667 0 0 0.333333 0 0 0 0.2 0 0 0 0 0.4 0 0 0.2 0 0 0 0 0 0 0.2 0 0 0 0 0.5 0 0 0 0 0 0 0.25 0 0.25 0 0 0 0 0 0 0 0 0 0.333333 0 0.333333 0 0 0.333333 0 0 0 
CGTCATCC 0 0.166667 0 0 0 0 0 0.333333 0 0.166667 0 0 0.166667 0.166667 0 0 0 0.2 0 0 0 0.4 0 0 0.2 0 0 0 0 0 0 0.2 0 0 0 0 0.25 0.25 0 0 0 0 0 0.25 0 0.25 0 0 0 0 0 0 0 0 0 0.333333 0 0.333333 0 0 0 0.333333 0 0 
CGTGACTC 0 0 0 0.166667 0 0.166667 0 0.166667 0 0.166667 0.166667 0 0.166667 0 0 0 0 0.2 0 0 0 0 0.2 0 0.2 0 0 0.2 0 0.2 0 0 0 0 0 0 0.25 0 0 0 0 0.5 0 0 0 0 0 0.25 0 0 0 0 0 0.333333 0 0 0 0 0 0.333333 0 0.333333 0 0 
CTATGACA 0.166667 0 0.166667 0 0.166667 0 0 0 0 0.166667 0 0 0.166667 0 0 0.166667 0.2 0 0 0 0 0 0 0.2 0.2 0 0 0 0 0.2 0.2 0 0 0.25 0 0 0 0 0.25 0 0 0 0 0 0.5 0 0 0 0.333333 0 0 0 0.333333 0 0 0 0 0 0 0 0 0.333333 0 0 
CTGACTAA 0 0 0 0.166667 0.166667 0 0.166667 0 0 0.166667 0 0 0.333333 0 0 0 0.2 0 0 0 0.4 0 0 0 0 0 0 0.2 0 0.2 0 0 0.25 0 0 0 0 0.25 0 0 0.25 0 0 0 0 0 0 0.25 0 0 0 0 0 0 0 0.333333 0.333333 0 0 0 0.333333 0 0 0 
CTGACTCA 0 0 0 0.166667 0 0.166667 0.166667 0 0 0.166667 0 0 0.333333 0 0 0 0 0.2 0 0 0.4 0 0 0 0 0 0 0.2 0 0.2 0 0 0.25 0 0 0 0 0.25 0 0 0 0.25 0 0 0 0 0 0.25 0 0 0 0 0 0 0 0.333333 0.333333 0 0 0 0 0.333333 0 0 
CTGAGTCA 0 0 0 0.166667 0 0 0.166667 0 0 0.166667 0.166667 0 0.333333 0 0 0 0 0.2 0 0 0.2 0 0 0 0.2 0 0 0.2 0 0 0.2 0 0.25 0 0 0 0 0 0.25 0 0 0.25 0 0 0 0 0 0.25 0 0 0 0 0 0 0 0.333333 0.333333 0 0 0 0 0.333333 0 0 
CTGCGTCA 0 0 0 0 0 0 0.166667 0.166667 0 0.166667 0.166667 0 0.166667 0.166667 0 0 0 0 0 0 0 0.4 0 0 0.2 0 0 0.2 0 0 0.2 0 0 0 0 0 0.25 0 0.25 0 0 0.25 0 0 0 0 0 0.25 0 0 0 0 0 0 0 0.333333 0.333333 0 0 0 0 0.333333 0 0 
CTGTCATA 0.166667 0 0 0 0 0 0.166667 0.166667 0 0.166667 0 0 0.166667 0 0 0.166667 0 0 0 0 0.2 0 0 0.2 0.2 0 0 0 0 0.2 0 0.2 0 0 0 0 0 0.25 0 0 0 0 0 0.25 0.5 0 0 0 0 0 0 0 0.333333 0 0 0 0.333333 0 0 0 0 0 0 0.333333 
CTGTGTCA 0 0 0 0 0 0 0.166667 0 0 0.166667 0.166667 0 0.166667 0 0 0.333333 0 0 0 0 0 0 0 0.2 0.2 0 0 0.2 0 0.2 0.2 0 0 0 0 0 0 0 0.25 0 0 0.25 0 0 0.25 0 0 0.25 0 0 0 0 0 0 0 0.333333 0.333333 0 0 0 0 0.333333 0 0 
CTTAGTCA 0 0 0 0.166667 0 0 0 0.166667 0 0.166667 0 0 0.333333 0 0.166667 0 0 0.2 0 0 0.2 0 0 0 0.2 0 0 0 0 0 0.2 0.2 0.25 0 0 0 0 0 0.25 0 0 0 0 0 0 0.25 0 0.25 0 0 0 0 0 0 0 0.333333 0 0 0 0 0.333333 0.333333 0 0 
CTTATGAC 0 0 0.166667 0 0 0 0 0.166667 0 0.166667 0 0 0.333333 0 0 0.166667 0.2 0 0 0 0.2 0 0 0 0 0 0 0 0 0.2 0.2 0.2 0 0.25 0 0 0 0 0 0.25 0 0 0 0 0.25 0 0.25 0 0 0 0 0 0 0 0.333333 0 0 0 0 0 0.333333 0.333333 0 0 
GAATGACA 0.166667 0 0.166667 0.166667 0 0 0 0 0.166667 0.166667 0 0 0.166667 0 0 0 0.2 0 0.2 0 0 0 0 0 0.2 0 0 0.2 0 0.2 0 0 0.25 0.25 0 0 0 0 0 0 0 0 0.25 0 0.25 0 0 0 0.333333 0.333333 0 0 0 0 0 0 0.333333 0 0 0 0 0 0 0 
GACTCACA 0.166667 0 0 0.166667 0 0.333333 0 0 0 0.166667 0 0 0.166667 0 0 0 0 0.2 0 0 0.4 0 0 0 0 0 0 0.2 0 0.2 0 0 0.25 0 0 0 0 0.25 0 0 0 0.25 0 0 0.25 0 0 0 0 0.333333 0 0 0.333333 0 0 0 0.333333 0 0 0 0 0 0 0 
GACTCACC 0 0.166667 0 0.166667 0 0.333333 0 0 0 0.166667 0 0 0.166667 0 0 0 0 0.2 0 0 0.2 0.2 0 0 0 0 0 0.2 0 0.2 0 0 0.25 0 0 0 0 0.25 0 0 0 0.25 0 0 0 0.25 0 0 0 0.333333 0 0 0 0.333333 0 0 0.333333 0 0 0 0 0 0 0 
GACTCATA 0.166667 0 0 0.166667 0 0.166667 0 0.166667 0 0.166667 0 0 0.166667 0 0 0 0 0.2 0 0 0.4 0 0 0 0 0 0 0.2 0 0 0 0.2 0.25 0 0 0 0 0 0 0.25 0 0.25 0 0 0.25 0 0 0 0 0 0 0.333333 0.333333 0 0 0 0.333333 0 0 0 0 0 0 0 
GACTCATC 0 0.166667 0 0.166667 0 0.166667 0 0.166667 0 0.166667 0 0 0.166667 0 0 0 0 0.2 0 0 0.2 0.2 0 0 0 0 0 0.2 0 0 0 0.2 0.25 0 0 0 0 0 0 0.25 0 0.25 0 0 0 0.25 0 0 0 0 0 0.333333 0 0.333333 0 0 0.333333 0 0 0 0 0 0 0 
GAGATGAC 0.166667 0 0.166667 0 0 0 0 0 0 0.166667 0.166667 0.166667 0.166667 0 0 0 0.2 0 0 0.2 0 0 0 0 0.2 0 0.2 0 0 0.2 0 0 0 0.25 0.25 0 0 0 0 0 0.25 0 0 0.25 0 0 0 0 0.333333 0 0 0 0 0 0 0 0 0.333333 0.333333 0 0 0 0 0 
GAGTCACA 0.166667 0 0 0.166667 0 0.166667 0 0 0 0.166667 0.166667 0 0.166667 0 0 0 0 0.2 0 0 0.2 0 0 0 0.2 0 0 0.2 0 0.2 0 0 0.25 0 0 0 0 0 0 0 0 0.5 0 0 0.25 0 0 0 0 0.333333 0 0 0 0 0 0 0.666667 0 0 0 0 0 0 0 
GAGTCACC 0 0.166667 0 0.166667 0 0.166667 0 0 0 0.166667 0.166667 0 0.166667 0 0 0 0 0.2 0 0 0 0.2 0 0 0.2 0 0 0.2 0 0.2 0 0 0.25 0 0 0 0 0 0 0 0 0.5 0 0 0 0.25 0 0 0 0.333333 0 0 0 0 0 0 0.333333 0.333333 0 0 0 0 0 0 
GAGTCAGA 0.166667 0 0 0.166667 0 0 0.166667 0 0 0.166667 0.166667 0 0.166667 0 0 0 0 0.2 0 0 0.2 0 0 0 0.2 0 0 0.2 0 0 0.2 0 0.25 0 0 0 0 0 0 0 0 0.25 0.25 0 0.25 0 0 0 0 0 0.333333 0 0 0 0 0 0.666667 0 0 0 0 0 0 0 
GAGTCATA 0.166667 0 0 0.166667 0 0 0 0.166667 0 0.166667 0.166667 0 0.166667 0 0 0 0 0.2 0 0 0.2 0 0 0 0.2 0 0 0.2 0 0 0 0.2 0.25 0 0 0 0 0 0 0 0 0.25 0 0.25 0.25 0 0 0 0 0 0 0.333333 0 0 0 0 0.666667 0 0 0 0 0 0 0 
GAGTCATC 0 0.166667 0 0.166667 0 0 0 0.166667 0 0.166667 0.166667 0 0.166667 0 0 0 0 0.2 0 0 0 0.2 0 0 0.2 0 0 0.2 0 0 0 0.2 0.25 0 0 0 0 0 0 0 0 0.25 0 0.25 0 0.25 0 0 0 0 0 0.333333 0 0 0 0 0.333333 0.333333 0 0 0 0 0 0 
GATATGAC 0.166667 0 0.166667 0 0 0 0 0 0 0.166667 0 0.166667 0.166667 0 0 0.166667 0.2 0 0 0.2 0 0 0 0 0.2 0 0 0 0 0.2 0.2 0 0 0.25 0.25 0 0 0 0 0 0 0 0 0.25 0.25 0 0 0 0.333333 0 0 0 0 0 0 0 0 0 0.333333 0 0 0.333333 0 0 
GATGACAA 0.166667 0 0.166667 0 0.166667 0 0 0 0 0.166667 0 0.166667 0.166667 0 0 0 0.4 0 0 0 0 0 0 0 0.2 0 0.2 0 0 0.2 0 0 0 0.25 0 0 0 0 0 0 0.5 0 0 0 0.25 0 0 0 0.333333 0 0 0 0 0 0 0 0 0.333333 0 0 0.333333 0 0 0 
GATGACAC 0.166667 0 0.166667 0 0 0.166667 0 0 0 0.166667 0 0.166667 0.166667 0 0 0 0.2 0.2 0 0 0 0 0 0 0.2 0 0.2 0 0 0.2 0 0 0 0.25 0 0 0 0 0 0 0.25 0.25 0 0 0.25 0 0 0 0.333333 0 0 0 0 0 0 0 0 0.333333 0 0 0 0.333333 0 0 
GATGACGC 0 0 0.333333 0 0 0.166667 0 0 0 0.166667 0 0.166667 0.166667 0 0 0 0.2 0.2 0 0 0 0 0 0 0 0 0.4 0 0 0.2 0 0 0 0.25 0 0 0 0 0 0 0.25 0.25 0 0 0 0 0.25 0 0 0 0.333333 0 0 0 0 0 0 0.333333 0 0 0 0.333333 0 0 
GATGACTA 0 0 0.166667 0.166667 0.166667 0 0 0 0 0.166667 0 0.166667 0.166667 0 0 0 0.4 0 0 0 0 0 0 0 0 0 0.2 0.2 0 0.2 0 0 0 0.25 0 0 0 0 0 0 0.5 0 0 0 0 0 0 0.25 0 0 0 0.333333 0 0 0 0 0 0.333333 0 0 0.333333 0 0 0 
GCGATGAC 0 0 0.166667 0 0.166667 0 0 0 0 0.166667 0.166667 0.166667 0.166667 0 0 0 0.2 0 0 0 0 0 0 0.2 0.2 0 0.2 0 0 0.2 0 0 0 0.25 0 0 0 0 0.25 0 0.25 0 0 0.25 0 0 0 0 0 0 0 0 0.333333 0 0 0 0 0.333333 0.333333 0 0 0 0 0 
GCGTCACA 0.166667 0 0 0 0 0.166667 0 0.166667 0 0.166667 0.166667 0 0.166667 0 0 0 0 0 0 0 0.2 0.2 0 0 0.2 0 0 0.2 0 0.2 0 0 0 0 0 0 0.25 0 0 0 0 0.5 0 0 0.25 0 0 0 0 0 0 0 0 0.333333 0 0 0.666667 0 0 0 0 0 0 0 
GCGTCACC 0 0.166667 0 0 0 0.166667 0 0.166667 0 0.166667 0.166667 0 0.166667 0 0 0 0 0 0 0 0 0.4 0 0 0.2 0 0 0.2 0 0.2 0 0 0 0 0 0 0.25 0 0 0 0 0.5 0 0 0 0.25 0 0 0 0 0 0 0 0.333333 0 0 0.333333 0.333333 0 0 0 0 0 0 
GCGTCATA 0.166667 0 0 0 0 0 0 0.333333 0 0.166667 0.166667 0 0.166667 0 0 0 0 0 0 0 0.2 0.2 0 0 0.2 0 0 0.2 0 0 0 0.2 0 0 0 0 0.25 0 0 0 0 0.25 0 0.25 0.25 0 0 0 0 0 0 0 0 0 0 0.333333 0.666667 0 0 0 0 0 0 0 
GCTATGAC 0 0 0.166667 0 0.166667 0 0 0 0 0.166667 0 0.166667 0.166667 0 0 0.166667 0.2 0 0 0 0 0 0 0.2 0.2 0 0 0 0 0.2 0.2 0 0 0.25 0 0 0 0 0.25 0 0 0 0 0.25 0.25 0 0 0 0 0 0 0 0.333333 0 0 0 0 0 0.333333 0 0 0.333333 0 0 
GGAGTCAC 0 0 0 0.166667 0 0.166667 0 0 0.166667 0.166667 0.166667 0 0.166667 0 0 0 0 0.2 0 0 0 0 0 0 0.2 0 0.2 0.2 0 0.2 0 0 0.25 0 0 0 0 0 0 0 0 0.5 0 0.25 0 0 0 0 0 0.333333 0 0 0 0 0 0 0.333333 0.333333 0 0 0 0 0 0 
GGGAGTCA 0 0 0 0.166667 0 0 0 0 0.166667 0.166667 0.333333 0 0.166667 0 0 0 0 0.2 0 0 0 0 0 0 0.4 0 0.2 0.2 0 0 0 0 0.25 0 0 0 0 0 0 0 0 0.25 0.25 0.25 0 0 0 0 0 0 0 0 0 0 0 0 0.333333 0.333333 0 0.333333 0 0 0 0 
GGTATGAC 0 0 0.166667 0 0 0 0 0 0.166667 0.166667 0 0.166667 0.166667 0 0 0.166667 0.2 0 0 0 0 0 0 0 0.2 0 0 0.2 0 0.2 0.2 0 0 0.25 0 0 0 0 0 0 0 0 0.25 0.25 0.25 0 0 0 0 0 0 0 0 0 0 0 0.333333 0 0.333333 0 0 0.333333 0 0 
GGTGACAC 0.166667 0 0 0 0 0.166667 0 0 0 0.166667 0.166667 0.166667 0.166667 0 0 0 0 0.2 0 0 0 0 0 0 0.4 0 0.2 0 0 0.2 0 0 0 0 0 0 0 0 0 0 0.25 0.5 0 0 0.25 0 0 0 0 0 0 0 0 0 0 0 0.333333 0.333333 0 0 0 0.333333 0 0 
GGTGACTA 0 0 0 0.166667 0.166667 0 0 0 0 0.166667 0.166667 0.166667 0.166667 0 0 0 0.2 0 0 0 0 0 0 0 0.2 0 0.2 0.2 0 0.2 0 0 0 0 0 0 0 0 0 0 0.5 0.25 0 0 0 0 0 0.25 0 0 0 0 0 0 0 0 0 0.333333 0 0.333333 0.333333 0 0 0 
GGTGTGAC 0 0 0 0 0 0 0 0 0 0.166667 0.333333 0.166667 0.166667 0 0 0.166667 0 0 0 0 0 0 0 0 0.2 0 0.2 0.2 0 0.2 0.2 0 0 0 0 0 0 0 0 0 0 0.25 0.25 0.25 0.25 0 0 0 0 0 0 0 0 0 0 0 0.333333 0 0.333333 0 0 0.333333 0 0 
GTATGACA 0.166667 0 0.166667 0 0 0 0 0 0.166667 0.166667 0 0 0.166667 0 0 0.166667 0.2 0 0 0 0 0 0 0 0.2 0 0 0.2 0 0.2 0.2 0 0 0.25 0 0 0 0 0 0 0 0 0.25 0 0.5 0 0 0 0.333333 0 0 0 0 0 0 0 0.333333 0 0 0 0 0.333333 0 0 
GTCACACA 0.333333 0 0 0 0 0.333333 0 0 0 0.166667 0 0 0.166667 0 0 0 0 0.2 0 0 0.4 0 0 0 0.2 0 0 0 0 0.2 0 0 0.25 0 0 0 0 0.25 0 0 0 0.25 0 0 0.25 0 0 0 0 0 0 0 0.333333 0 0 0 0.333333 0 0 0 0 0.333333 0 0 
GTCATAAA 0.333333 0 0 0 0 0 0 0.166667 0 0.166667 0 0 0.333333 0 0 0 0.2 0 0 0 0.2 0 0 0 0.2 0 0 0 0.2 0 0 0.2 0.25 0 0 0 0.25 0 0 0 0 0 0 0.25 0.25 0 0 0 0 0 0 0 0.333333 0 0 0 0.333333 0 0 0 0.333333 0 0 0 
GTCATAAC 0.166667 0.166667 0 0 0 0 0 0.166667 0 0.166667 0 0 0.333333 0 0 0 0.2 0 0 0 0.2 0 0 0 0.2 0 0 0 0 0.2 0 0.2 0 0.25 0 0 0.25 0 0 0 0 0 0 0.25 0.25 0 0 0 0 0 0 0 0 0.333333 0 0 0.333333 0 0 0 0.333333 0 0 0 
GTCATACA 0.333333 0 0 0 0 0 0 0.166667 0 0.166667 0 0 0.166667 0.166667 0 0 0 0.2 0 0 0.2 0 0 0 0.2 0 0 0 0.2 0 0 0.2 0.25 0 0 0 0 0.25 0 0 0 0 0 0.25 0.25 0 0 0 0 0 0 0 0.333333 0 0 0 0.333333 0 0 0 0 0.333333 0 0 
GTCATATA 0.333333 0 0 0 0 0 0 0.166667 0 0.166667 0 0 0.166667 0 0 0.166667 0 0 0 0.2 0.2 0 0 0 0.2 0 0 0 0.2 0 0 0.2 0.25 0 0 0 0 0 0 0.25 0 0 0 0.25 0.25 0 0 0 0 0 0 0 0.333333 0 0 0 0.333333 0 0 0 0 0 0 0.333333 
GTCATCAA 0 0.166667 0 0 0.166667 0 0 0.166667 0 0.166667 0 0 0.333333 0 0 0 0.2 0 0 0 0 0.2 0 0 0.2 0 0 0 0.2 0 0 0.2 0.25 0 0 0 0.25 0 0 0 0 0 0 0.25 0 0.25 0 0 0 0 0 0 0.333333 0 0 0 0 0.333333 0 0 0.333333 0 0 0 
GTCATCAC 0 0.166667 0 0 0 0.166667 0 0.166667 0 0.166667 0 0 0.333333 0 0 0 0.2 0 0 0 0 0.2 0 0 0.2 0 0 0 0 0.2 0 0.2 0 0.25 0 0 0.25 0 0 0 0 0 0 0.25 0 0.25 0 0 0 0 0 0 0 0.333333 0 0 0 0.333333 0 0 0.333333 0 0 0 
GTCATCCA 0 0.166667 0 0 0.166667 0 0 0.166667 0 0.166667 0 0 0.166667 0.166667 0 0 0 0.2 0 0 0 0.2 0 0 0.2 0 0 0 0.2 0 0 0.2 0.25 0 0 0 0 0.25 0 0 0 0 0 0.25 0 0.25 0 0 0 0 0 0 0.333333 0 0 0 0 0.333333 0 0 0 0.333333 0 0 
GTCATCGA 0 0.166667 0 0 0.166667 0 0 0.166667 0 0.166667 0 0 0.166667 0 0.166667 0 0 0 0.2 0 0 0.2 0 0 0.2 0 0 0 0.2 0 0 0.2 0.25 0 0 0 0 0 0.25 0 0 0 0 0.25 0 0.25 0 0 0 0 0 0 0.333333 0 0 0 0 0.333333 0 0 0 0 0.333333 0 
GTCATGAC 0 0 0.166667 0 0 0 0 0.166667 0 0.333333 0 0 0.333333 0 0 0 0.2 0 0 0 0 0 0.2 0 0.2 0 0 0 0 0.2 0 0.2 0 0.25 0 0 0.25 0 0 0 0 0 0 0.25 0 0 0.25 0 0 0 0 0 0 0.333333 0 0 0 0 0.333333 0 0.333333 0 0 0 
GTGAATCA 0 0.166667 0 0.166667 0 0 0 0 0.166667 0 0.166667 0 0.333333 0 0 0 0.2 0.2 0 0 0 0 0 0 0.2 0 0 0.2 0.2 0 0 0 0.25 0 0 0 0 0 0 0 0.25 0.25 0 0 0 0 0 0.25 0 0 0 0 0 0 0 0 0.333333 0 0 0.333333 0 0.333333 0 0 
GTGACACA 0.333333 0 0 0 0 0.166667 0 0 0 0.166667 0.166667 0 0.166667 0 0 0 0 0.2 0 0 0.2 0 0 0 0.4 0 0 0 0 0.2 0 0 0.25 0 0 0 0 0 0 0 0 0.5 0 0 0.25 0 0 0 0 0 0 0 0 0 0 0 0.666667 0 0 0 0 0.333333 0 0 
GTGACGCA 0 0 0.166667 0 0 0.166667 0 0 0.166667 0.166667 0.166667 0 0.166667 0 0 0 0 0.2 0 0 0.2 0 0 0 0.2 0 0.2 0 0 0.2 0 0 0.25 0 0 0 0 0 0 0 0 0.5 0 0 0 0 0.25 0 0 0 0 0 0 0 0 0 0.333333 0 0.333333 0 0 0.333333 0 0 
GTGACGTA 0 0 0.166667 0 0 0 0 0.166667 0.166667 0.166667 0.166667 0 0.166667 0 0 0 0 0 0 0.2 0.2 0 0 0 0.2 0 0.2 0 0 0.2 0 0 0.25 0 0 0 0 0 0 0 0 0.25 0 0.25 0 0 0.25 0 0 0 0 0 0 0 0 0 0.333333 0 0.333333 0 0 0 0 0.333333 
GTGACTAA 0 0 0 0.166667 0.166667 0 0 0 0 0.166667 0.166667 0 0.333333 0 0 0 0.2 0 0 0 0.2 0 0 0 0.2 0 0 0.2 0 0.2 0 0 0.25 0 0 0 0 0 0 0 0.25 0.25 0 0 0 0 0 0.25 0 0 0 0 0 0 0 0 0.333333 0 0 0.333333 0.333333 0 0 0 
GTGACTCA 0 0 0 0.166667 0 0.166667 0 0 0 0.166667 0.166667 0 0.333333 0 0 0 0 0.2 0 0 0.2 0 0 0 0.2 0 0 0.2 0 0.2 0 0 0.25 0 0 0 0 0 0 0 0 0.5 0 0 0 0 0 0.25 0 0 0 0 0 0 0 0 0.333333 0 0 0.333333 0 0.333333 0 0 
GTGACTGA 0 0 0 0.166667 0 0 0.166667 0 0 0.166667 0.166667 0 0.333333 0 0 0 0 0 0.2 0 0.2 0 0 0 0.2 0 0 0.2 0 0.2 0 0 0.25 0 0 0 0 0 0 0 0 0.25 0.25 0 0 0 0 0.25 0 0 0 0 0 0 0 0 0.333333 0 0 0.333333 0 0 0.333333 0 
GTGAGTAA 0 0 0 0.166667 0 0 0 0 0.166667 0 0.333333 0 0.333333 0 0 0 0.2 0 0 0 0 0 0 0 0.4 0 0 0.2 0 0 0.2 0 0.25 0 0 0 0 0 0 0 0.25 0 0.25 0 0 0 0 0.25 0 0 0 0 0 0 0 0 0.333333 0 0 0.333333 0.333333 0 0 0 
GTGAGTCA 0 0 0 0.166667 0 0 0 0 0 0.166667 0.333333 0 0.333333 0 0 0 0 0.2 0 0 0 0 0 0 0.4 0 0 0.2 0 0 0.2 0 0.25 0 0 0 0 0 0 0 0 0.25 0.25 0 0 0 0 0.25 0 0 0 0 0 0 0 0 0.333333 0 0 0.333333 0 0.333333 0 0 
GTGATTCA 0 0 0 0.166667 0 0 0 0 0 0 0.166667 0.166667 0.333333 0.166667 0 0 0 0.2 0 0 0 0 0 0 0.2 0 0 0.2 0.2 0 0 0.2 0.25 0 0 0 0 0 0 0 0 0.25 0 0.25 0 0 0 0.25 0 0 0 0 0 0 0 0 0.333333 0 0 0.333333 0 0.333333 0 0 
GTGCGTCA 0 0 0 0 0 0 0 0.166667 0 0.166667 0.333333 0 0.166667 0.166667 0 0 0 0 0 0 0 0.2 0 0 0.2 0.2 0 0.2 0 0 0.2 0 0 0 0 0 0.25 0 0 0 0 0.25 0.25 0 0 0 0 0.25 0 0 0 0 0 0 0 0 0.333333 0 0 0.333333 0 0.333333 0 0 
GTGTCACA 0.166667 0 0 0 0 0.166667 0 0 0 0.166667 0.166667 0 0.166667 0 0 0.166667 0 0 0 0 0.2 0 0 0 0.2 0 0 0.2 0 0.4 0 0 0 0 0 0 0 0 0 0 0 0.5 0 0 0.5 0 0 0 0 0 0 0 0 0 0 0 0.666667 0 0 0 0 0.333333 0 0 
GTGTCATA 0.166667 0 0 0 0 0 0 0.166667 0 0.166667 0.166667 0 0.166667 0 0 0.166667 0 0 0 0 0.2 0 0 0 0.2 0 0 0.2 0 0.2 0 0.2 0 0 0 0 0 0 0 0 0 0.25 0 0.25 0.5 0 0 0 0 0 0 0 0 0 0 0 0.666667 0 0 0 0 0 0 0.333333 
GTGTGACA 0.166667 0 0 0 0 0 0 0 0 0.166667 0.333333 0 0.166667 0 0 0.166667 0 0 0 0 0 0 0 0 0.4 0 0 0.2 0 0.2 0.2 0 0 0 0 0 0 0 0 0 0 0.25 0.25 0 0.5 0 0 0 0 0 0 0 0 0 0 0 0.666667 0 0 0 0 0.333333 0 0 
GTGTGTCA 0 0 0 0 0 0 0 0 0 0.166667 0.333333 0 0.166667 0 0 0.333333 0 0 0 0 0 0 0 0 0.2 0 0 0.4 0 0.2 0.2 0 0 0 0 0 0 0 0 0 0 0.25 0.25 0 0.25 0 0 0.25 0 0 0 0 0 0 0 0 0.333333 0 0 0.333333 0 0.333333 0 0 
GTTAGTCA 0 0 0 0.166667 0 0 0 0 0 0.166667 0 0.166667 0.333333 0 0.166667 0 0 0.2 0 0 0 0 0 0 0.4 0 0 0 0 0 0.2 0.2 0.25 0 0 0 0 0 0 0 0 0 0.25 0 0 0.25 0 0.25 0 0 0 0 0 0 0 0 0 0 0 0.333333 0.333333 0.333333 0 0 
TAATGACA 0.166667 0 0.166667 0.166667 0 0 0 0 0 0.166667 0 0 0.333333 0 0 0 0.2 0 0.2 0 0 0 0 0 0.2 0 0 0 0 0.2 0 0.2 0.25 0.25 0 0 0 0 0 0 0 0 0 0 0.25 0 0.25 0 0.333333 0.333333 0 0 0 0 0 0 0 0 0 0 0.333333 0 0 0 
TAGAGTCA 0.166667 0 0 0.166667 0 0 0 0 0 0.166667 0.166667 0 0.166667 0 0.166667 0 0 0.2 0.2 0 0 0 0 0 0.2 0 0 0.2 0.2 0 0 0 0.25 0 0 0.25 0 0 0 0 0 0.25 0 0 0 0 0.25 0 0 0.333333 0 0 0 0 0 0 0.333333 0 0 0 0 0 0 0.333333 
TAGTCACA 0.166667 0 0 0.166667 0 0.166667 0 0 0 0.166667 0 0 0.166667 0 0.166667 0 0 0.2 0 0 0.2 0 0 0 0.2 0 0 0 0 0.2 0 0.2 0.25 0 0 0 0 0 0 0 0 0.25 0 0 0.25 0.25 0 0 0 0.333333 0 0 0 0 0 0 0.333333 0 0 0 0.333333 0 0 0 
TAGTCATA 0.166667 0 0 0.166667 0 0 0 0.166667 0 0.166667 0 0 0.166667 0 0.166667 0 0 0.2 0 0 0.2 0 0 0 0.2 0 0 0 0 0 0 0.4 0.25 0 0 0 0 0 0 0 0 0 0 0.25 0.25 0.25 0 0 0 0 0 0.333333 0 0 0 0 0.333333 0 0 0 0.333333 0 0 0 
TATGACAA 0.166667 0 0.166667 0 0.166667 0 0 0 0 0.166667 0 0 0.166667 0 0 0.166667 0.4 0 0 0 0 0 0 0 0.2 0 0 0 0 0.2 0.2 0 0 0.25 0 0 0 0 0 0 0.25 0 0 0 0.5 0 0 0 0.333333 0 0 0 0 0 0 0 0 0 0 0 0.333333 0.333333 0 0 
TATGACGA 0 0 0.333333 0 0.166667 0 0 0 0 0.166667 0 0 0.166667 0 0 0.166667 0.4 0 0 0 0 0 0 0 0 0 0.2 0 0 0.2 0.2 0 0 0.25 0 0 0 0 0 0 0.25 0 0 0 0.25 0 0.25 0 0 0 0.333333 0 0 0 0 0 0 0 0 0 0.333333 0.333333 0 0 
TCGAGTCA 0 0 0 0.166667 0.166667 0 0 0 0 0.166667 0.166667 0 0.166667 0 0.166667 0 0 0.2 0 0 0 0 0.2 0 0.2 0 0 0.2 0.2 0 0 0 0.25 0 0 0 0 0 0 0.25 0 0.25 0 0 0 0 0.25 0 0 0 0 0 0 0.333333 0 0 0.333333 0 0 0 0 0 0 0.333333 
TGACACAA 0.333333 0 0 0 0.166667 0.166667 0 0 0 0.166667 0 0 0.166667 0 0 0 0.2 0.2 0 0 0.2 0 0 0 0.2 0 0 0 0 0.2 0 0 0.25 0 0 0 0.25 0 0 0 0 0.25 0 0 0.25 0 0 0 0.333333 0 0 0 0 0 0 0 0.333333 0 0 0 0 0.333333 0 0 
TGACATCA 0.166667 0.166667 0 0 0 0 0 0.166667 0 0.166667 0 0 0.333333 0 0 0 0.2 0 0 0.2 0 0.2 0 0 0.2 0 0 0 0 0.2 0 0 0 0.25 0 0 0.25 0 0 0 0 0 0 0.25 0.25 0 0 0 0.333333 0 0 0 0 0 0 0 0 0.333333 0 0 0 0 0 0.333333 
TGACGCAA 0 0 0.166667 0 0.166667 0.166667 0 0 0.166667 0.166667 0 0 0.166667 0 0 0 0 0.2 0 0 0.2 0 0 0 0.2 0 0.2 0 0 0.2 0 0 0.25 0 0 0 0.25 0 0 0 0 0.25 0 0 0 0 0.25 0 0.333333 0 0 0 0 0 0 0 0.333333 0 0 0 0 0.333333 0 0 
TGACGTAA 0 0 0.166667 0 0 0 0 0.166667 0.166667 0.166667 0 0 0.333333 0 0 0 0 0 0 0.2 0.2 0 0 0 0.2 0 0.2 0 0 0.2 0 0 0.25 0 0 0 0.25 0 0 0 0 0 0 0.25 0 0 0.25 0 0.333333 0 0 0 0 0 0 0 0.333333 0 0 0 0 0 0 0.333333 
TGACGTCA 0 0 0.166667 0 0 0 0 0.166667 0 0.333333 0 0 0.333333 0 0 0 0 0 0 0.2 0 0.2 0 0 0.2 0 0.2 0 0 0.2 0 0 0 0.25 0 0 0.25 0 0 0 0 0 0 0.25 0 0 0.25 0 0.333333 0 0 0 0 0 0 0 0 0.333333 0 0 0 0 0 0.333333 
TGACTAAA 0.166667 0 0 0.166667 0.166667 0 0 0 0 0.166667 0 0 0.333333 0 0 0 0.2 0 0 0 0.2 0 0 0 0 0 0 0.2 0.2 0.2 0 0 0.25 0 0 0 0.25 0 0 0 0.25 0 0 0 0 0 0 0.25 0.333333 0 0 0 0 0 0 0 0.333333 0 0 0 0.333333 0 0 0 
TGACTCAA 0 0 0 0.166667 0.166667 0.166667 0 0 0 0.166667 0 0 0.333333 0 0 0 0 0.2 0 0 0.2 0 0 0 0 0 0 0.2 0.2 0.2 0 0 0.25 0 0 0 0.25 0 0 0 0 0.25 0 0 0 0 0 0.25 0.333333 0 0 0 0 0 0 0 0.333333 0 0 0 0 0.333333 0 0 
TGAGTCAA 0 0 0 0.166667 0.166667 0 0 0 0 0.166667 0.166667 0 0.333333 0 0 0 0 0.2 0 0 0 0 0 0 0.2 0 0 0.2 0.2 0 0.2 0 0.25 0 0 0 0 0 0 0 0.25 0.25 0 0 0 0 0 0.25 0.333333 0 0 0 0 0 0 0 0.333333 0 0 0 0 0.333333 0 0 
TGATGACA 0.166667 0 0.166667 0 0 0 0 0 0 0.166667 0 0.166667 0.333333 0 0 0 0.2 0 0 0 0 0 0 0 0.2 0 0.2 0 0 0.2 0 0.2 0 0.25 0 0 0 0 0 0 0.25 0 0 0 0.25 0 0.25 0 0.333333 0 0 0 0 0 0 0 0 0.333333 0 0 0.333333 0 0 0 
TGTCATAA 0.166667 0 0 0 0 0 0 0.166667 0 0.166667 0 0 0.333333 0 0 0.166667 0.2 0 0 0 0.2 0 0 0 0.2 0 0 0 0 0.2 0 0.2 0 0 0 0 0.25 0 0 0 0 0 0 0.25 0.5 0 0 0 0 0 0 0 0 0 0 0 0.333333 0 0 0 0.333333 0 0 0.333333 
AAATGACT 0.166667 0 0.166667 0.333333 0 0 0 0 0 0.166667 0 0 0.166667 0 0 0 0.2 0 0.2 0.2 0 0 0 0 0 0 0 0.2 0 0.2 0 0 0.25 0.25 0.25 0 0 0 0 0 0 0 0 0 0 0 0 0.25 0.333333 0.333333 0 0.333333 0 0 0 0 0 0 0 0 0 0 0 0 
AAGAGTCA 0.166667 0 0.166667 0.166667 0 0 0 0 0 0.166667 0.166667 0 0.166667 0 0 0 0.2 0.2 0.2 0 0 0 0 0 0.2 0 0 0.2 0 0 0 0 0.25 0 0.25 0.25 0 0 0 0 0 0.25 0 0 0 0 0 0 0 0.333333 0 0.333333 0 0 0 0 0.333333 0 0 0 0 0 0 0 
AAGATGAC 0.166667 0 0.333333 0 0 0 0 0 0 0.166667 0 0.166667 0.166667 0 0 0 0.4 0 0 0.2 0 0 0 0 0 0 0.2 0 0 0.2 0 0 0 0.25 0.25 0.25 0 0 0 0 0.25 0 0 0 0 0 0 0 0.333333 0 0.333333 0 0 0 0 0 0 0.333333 0 0 0 0 0 0 
AATATGAC 0.166667 0 0.166667 0.166667 0 0 0 0 0 0.166667 0 0 0.166667 0 0 0.166667 0.4 0 0 0.2 0 0 0 0 0 0 0 0 0 0.2 0.2 0 0 0.25 0.25 0.25 0 0 0 0 0 0 0 0 0.25 0 0 0 0.333333 0 0.333333 0 0 0 0 0 0 0 0 0 0 0.333333 0 0 
AATGACAC 0.166667 0 0.166667 0.166667 0 0.166667 0 0 0 0.166667 0 0 0.166667 0 0 0 0.2 0.2 0.2 0 0 0 0 0 0.2 0 0 0 0 0.2 0 0 0.25 0.25 0 0 0 0 0 0 0 0.25 0 0 0.25 0 0 0 0.333333 0.333333 0 0 0 0 0 0 0 0 0 0 0 0.333333 0 0 
AATGACGC 0 0 0.333333 0.166667 0 0.166667 0 0 0 0.166667 0 0 0.166667 0 0 0 0.2 0.2 0.2 0 0 0 0 0 0 0 0.2 0 0 0.2 0 0 0.25 0.25 0 0 0 0 0 0 0 0.25 0 0 0 0 0.25 0 0 0.333333 0.333333 0 0 0 0 0 0 0 0 0 0 0.333333 0 0 
AATGACGT 0 0 0.333333 0.166667 0 0 0 0.166667 0 0.166667 0 0 0.166667 0 0 0 0.2 0 0.2 0.2 0 0 0 0 0 0 0.2 0 0 0.2 0 0 0.25 0.25 0 0 0 0 0 0 0 0 0 0.25 0 0 0.25 0 0 0.333333 0.333333 0 0 0 0 0 0 0 0 0 0 0 0 0.333333 
AATGACTA 0 0 0.166667 0.333333 0.166667 0 0 0 0 0.166667 0 0 0.166667 0 0 0 0.4 0 0.2 0 0 0 0 0 0 0 0 0.2 0 0.2 0 0 0.25 0.25 0 0 0 0 0 0 0.25 0 0 0 0 0 0 0.25 0 0.333333 0 0.333333 0 0 0 0 0 0 0 0 0.333333 0 0 0 
AATGACTC 0 0 0.166667 0.333333 0 0.166667 0 0 0 0.166667 0 0 0.166667 0 0 0 0.2 0.2 0.2 0 0 0 0 0 0 0 0 0.2 0 0.2 0 0 0.25 0.25 0 0 0 0 0 0 0 0.25 0 0 0 0 0 0.25 0 0.333333 0 0.333333 0 0 0 0 0 0 0 0 0 0.333333 0 0 
AATGAGTC 0 0 0.166667 0.333333 0 0 0 0 0 0.166667 0.166667 0 0.166667 0 0 0 0.2 0.2 0.2 0 0 0 0 0 0 0 0 0.2 0 0 0.2 0 0.25 0 0.25 0 0 0 0 0 0 0.25 0 0 0 0 0 0.25 0 0 0.333333 0.333333 0 0 0 0 0 0 0 0 0 0.333333 0 0 
ACACGTCA 0.166667 0 0.166667 0 0 0.166667 0 0.166667 0 0.166667 0 0 0.166667 0 0 0 0 0.2 0 0.2 0 0.2 0.2 0 0.2 0 0 0 0 0 0 0 0 0.25 0.25 0 0.25 0 0 0.25 0 0 0 0 0 0 0 0 0.333333 0 0 0.333333 0 0.333333 0 0 0 0 0 0 0 0 0 0 
ACAGTCAT 0.166667 0 0 0.166667 0 0 0.166667 0.166667 0 0.166667 0 0 0.166667 0 0 0 0 0.2 0.2 0 0 0 0 0.2 0.2 0 0 0 0 0 0 0.2 0.25 0 0 0.25 0 0.25 0 0 0 0 0 0.25 0 0 0 0 0 0.333333 0 0.333333 0.333333 0 0 0 0 0 0 0 0 0 0 0 
ACGAGTCA 0 0 0.166667 0.166667 0.166667 0 0 0 0 0.166667 0.166667 0 0.166667 0 0 0 0.2 0.2 0 0 0 0 0.2 0 0.2 0 0 0.2 0 0 0 0 0.25 0 0.25 0 0 0 0 0.25 0 0.25 0 0 0 0 0 0 0 0 0 0.333333 0 0.333333 0 0 0.333333 0 0 0 0 0 0 0 
ACGTCACC 0 0.166667 0.166667 0 0 0.166667 0 0.166667 0 0.166667 0 0 0.166667 0 0 0 0 0 0 0.2 0 0.4 0 0 0.2 0 0 0 0 0.2 0 0 0 0.25 0 0 0.25 0 0 0 0 0.25 0 0 0 0.25 0 0 0.333333 0 0 0 0 0.333333 0 0 0 0.333333 0 0 0 0 0 0 
ACGTCATA 0.166667 0 0.166667 0 0 0 0 0.333333 0 0.166667 0 0 0.166667 0 0 0 0 0 0 0.2 0.2 0.2 0 0 0.2 0 0 0 0 0 0 0.2 0 0.25 0 0 0.25 0 0 0 0 0 0 0.25 0.25 0 0 0 0.333333 0 0 0 0 0 0 0.333333 0.333333 0 0 0 0 0 0 0 
ACGTCATC 0 0.166667 0.166667 0 0 0 0 0.333333 0 0.166667 0 0 0.166667 0 0 0 0 0 0 0.2 0 0.4 0 0 0.2 0 0 0 0 0 0 0.2 0 0.25 0 0 0.25 0 0 0 0 0 0 0.25 0 0.25 0 0 0.333333 0 0 0 0 0 0 0.333333 0 0.333333 0 0 0 0 0 0 
ACTATGAC 0 0 0.166667 0.166667 0.166667 0 0 0 0 0.166667 0 0 0.166667 0 0 0.166667 0.4 0 0 0 0 0 0 0.2 0 0 0 0 0 0.2 0.2 0 0 0.25 0 0.25 0 0 0.25 0 0 0 0 0 0.25 0 0 0 0 0 0.333333 0 0.333333 0 0 0 0 0 0 0 0 0.333333 0 0 
AGAATGAC 0.166667 0 0.166667 0.166667 0 0 0 0 0.166667 0.166667 0 0 0.166667 0 0 0 0.4 0 0.2 0 0 0 0 0 0 0 0 0.2 0 0.2 0 0 0.25 0.25 0 0.25 0 0 0 0 0 0 0.25 0 0 0 0 0 0 0.333333 0.333333 0 0 0 0 0 0.333333 0 0 0 0 0 0 0 
AGAGTCAC 0.166667 0 0 0.166667 0 0.166667 0 0 0 0.166667 0.166667 0 0.166667 0 0 0 0 0.2 0.2 0 0 0 0 0 0.2 0 0 0.2 0 0.2 0 0 0.25 0 0 0.25 0 0 0 0 0 0.5 0 0 0 0 0 0 0 0.666667 0 0 0 0 0 0 0.333333 0 0 0 0 0 0 0 
AGAGTCAT 0.166667 0 0 0.166667 0 0 0 0.166667 0 0.166667 0.166667 0 0.166667 0 0 0 0 0.2 0.2 0 0 0 0 0 0.2 0 0 0.2 0 0 0 0.2 0.25 0 0 0.25 0 0 0 0 0 0.25 0 0.25 0 0 0 0 0 0.333333 0 0.333333 0 0 0 0 0.333333 0 0 0 0 0 0 0 
AGATGACA 0.333333 0 0.166667 0 0 0 0 0 0 0.166667 0 0.166667 0.166667 0 0 0 0.2 0 0 0.2 0 0 0 0 0.2 0 0.2 0 0 0.2 0 0 0 0.25 0.25 0 0 0 0 0 0.25 0 0 0 0.25 0 0 0 0.666667 0 0 0 0 0 0 0 0 0.333333 0 0 0 0 0 0 
AGATGACG 0.166667 0 0.333333 0 0 0 0 0 0 0.166667 0 0.166667 0.166667 0 0 0 0.2 0 0 0.2 0 0 0 0 0 0 0.4 0 0 0.2 0 0 0 0.25 0.25 0 0 0 0 0 0.25 0 0 0 0 0 0.25 0 0.333333 0 0.333333 0 0 0 0 0 0 0.333333 0 0 0 0 0 0 
AGATGACT 0.166667 0 0.166667 0.166667 0 0 0 0 0 0.166667 0 0.166667 0.166667 0 0 0 0.2 0 0 0.2 0 0 0 0 0 0 0.2 0.2 0 0.2 0 0 0 0.25 0.25 0 0 0 0 0 0.25 0 0 0 0 0 0 0.25 0.333333 0 0 0.333333 0 0 0 0 0 0.333333 0 0 0 0 0 0 
AGGAGTCA 0 0 0.166667 0.166667 0 0 0 0 0.166667 0.166667 0.166667 0 0.166667 0 0 0 0.2 0.2 0 0 0 0 0 0 0.2 0 0.2 0.2 0 0 0 0 0.25 0 0.25 0 0 0 0 0 0 0.25 0 0.25 0 0 0 0 0 0 0 0.333333 0 0 0 0 0.333333 0.333333 0 0 0 0 0 0 
AGGTGACT 0 0 0.166667 0.166667 0 0 0 0 0 0.166667 0.166667 0.166667 0.166667 0 0 0 0 0 0 0.2 0 0 0 0 0.2 0 0.2 0.2 0 0.2 0 0 0 0 0.25 0 0 0 0 0 0.25 0.25 0 0 0 0 0 0.25 0.333333 0 0 0 0 0 0 0 0 0.333333 0 0.333333 0 0 0 0 
AGTATGAC 0 0 0.166667 0.166667 0 0 0 0 0.166667 0.166667 0 0 0.166667 0 0 0.166667 0.4 0 0 0 0 0 0 0 0 0 0 0.2 0 0.2 0.2 0 0 0.25 0 0.25 0 0 0 0 0 0 0.25 0 0.25 0 0 0 0 0 0.333333 0 0 0 0 0 0.333333 0 0 0 0 0.333333 0 0 
AGTCACAA 0.166667 0 0 0.166667 0.166667 0.166667 0 0 0 0.166667 0 0 0.166667 0 0 0 0.2 0.2 0 0 0.2 0 0 0 0.2 0 0 0 0 0.2 0 0 0.25 0 0 0 0.25 0 0 0 0 0.25 0 0 0.25 0 0 0 0 0.333333 0 0 0 0 0 0 0.333333 0 0 0 0.333333 0 0 0 
AGTCACAC 0.166667 0 0 0.166667 0 0.333333 0 0 0 0.166667 0 0 0.166667 0 0 0 0 0.4 0 0 0.2 0 0 0 0.2 0 0 0 0 0.2 0 0 0.25 0 0 0 0 0.25 0 0 0 0.25 0 0 0.25 0 0 0 0 0.333333 0 0 0 0 0 0 0.333333 0 0 0 0 0.333333 0 0 
AGTCACAG 0.166667 0 0 0.166667 0 0.166667 0.166667 0 0 0.166667 0 0 0.166667 0 0 0 0 0.2 0.2 0 0.2 0 0 0 0.2 0 0 0 0 0.2 0 0 0.25 0 0 0 0 0 0.25 0 0 0.25 0 0 0.25 0 0 0 0 0.333333 0 0 0 0 0 0 0.333333 0 0 0 0 0 0.333333 0 
AGTCACAT 0.166667 0 0 0.166667 0 0.166667 0 0.166667 0 0.166667 0 0 0.166667 0 0 0 0 0.2 0 0.2 0.2 0 0 0 0.2 0 0 0 0 0.2 0 0 0.25 0 0 0 0 0 0 0.25 0 0.25 0 0 0.25 0 0 0 0 0.333333 0 0 0 0 0 0 0.333333 0 0 0 0 0 0 0.333333 
AGTCACCA 0 0.166667 0 0.166667 0.166667 0.166667 0 0 0 0.166667 0 0 0.166667 0 0 0 0.2 0.2 0 0 0 0.2 0 0 0.2 0 0 0 0 0.2 0 0 0.25 0 0 0 0.25 0 0 0 0 0.25 0 0 0 0.25 0 0 0 0.333333 0 0 0 0 0 0 0 0.333333 0 0 0.333333 0 0 0 
AGTCACCC 0 0.166667 0 0.166667 0 0.333333 0 0 0 0.166667 0 0 0.166667 0 0 0 0 0.4 0 0 0 0.2 0 0 0.2 0 0 0 0 0.2 0 0 0.25 0 0 0 0 0.25 0 0 0 0.25 0 0 0 0.25 0 0 0 0.333333 0 0 0 0 0 0 0 0.333333 0 0 0 0.333333 0 0 
AGTCACCG 0 0.166667 0 0.166667 0 0.166667 0.166667 0 0 0.166667 0 0 0.166667 0 0 0 0 0.2 0.2 0 0 0.2 0 0 0.2 0 0 0 0 0.2 0 0 0.25 0 0 0 0 0 0.25 0 0 0.25 0 0 0 0.25 0 0 0 0.333333 0 0 0 0 0 0 0 0.333333 0 0 0 0 0.333333 0 
AGTCACGC 0 0 0.166667 0.166667 0 0.333333 0 0 0 0.166667 0 0 0.166667 0 0 0 0 0.4 0 0 0 0 0.2 0 0.2 0 0 0 0 0.2 0 0 0.25 0 0 0 0 0.25 0 0 0 0.25 0 0 0 0 0.25 0 0 0.333333 0 0 0 0 0 0 0 0 0.333333 0 0 0.333333 0 0 
AGTCACTA 0 0 0 0.333333 0.166667 0.166667 0 0 0 0.166667 0 0 0.166667 0 0 0 0.2 0.2 0 0 0 0 0 0.2 0.2 0 0 0 0 0.2 0 0 0.25 0 0 0 0.25 0 0 0 0 0.25 0 0 0 0 0 0.25 0 0.333333 0 0 0 0 0 0 0 0 0 0.333333 0.333333 0 0 0 
AGTCATAA 0.166667 0 0 0.166667 0 0 0 0.166667 0 0.166667 0 0 0.333333 0 0 0 0.2 0.2 0 0 0.2 0 0 0 0.2 0 0 0 0 0 0 0.2 0.25 0 0 0 0.25 0 0 0 0 0 0 0.25 0.25 0 0 0 0 0 0 0.333333 0 0 0 0 0.333333 0 0 0 0.333333 0 0 0 
AGTCATAC 0.166667 0 0 0.166667 0 0 0 0.166667 0 0.166667 0 0 0.166667 0.166667 0 0 0 0.4 0 0 0.2 0 0 0 0.2 0 0 0 0 0 0 0.2 0.25 0 0 0 0 0.25 0 0 0 0 0 0.25 0.25 0 0 0 0 0 0 0.333333 0 0 0 0 0.333333 0 0 0 0 0.333333 0 0 
AGTCATAG 0.166667 0 0 0.166667 0 0 0 0.166667 0 0.166667 0 0 0.166667 0 0.166667 0 0 0.2 0.2 0 0.2 0 0 0 0.2 0 0 0 0 0 0 0.2 0.25 0 0 0 0 0 0.25 0 0 0 0 0.25 0.25 0 0 0 0 0 0 0.333333 0 0 0 0 0.333333 0 0 0 0 0 0.333333 0 
AGTCATAT 0.166667 0 0 0.166667 0 0 0 0.166667 0 0.166667 0 0 0.166667 0 0 0.166667 0 0.2 0 0.2 0.2 0 0 0 0.2 0 0 0 0 0 0 0.2 0.25 0 0 0 0 0 0 0.25 0 0 0 0.25 0.25 0 0 0 0 0 0 0.333333 0 0 0 0 0.333333 0 0 0 0 0 0 0.333333 
AGTCATCA 0 0.166667 0 0.166667 0 0 0 0.166667 0 0.166667 0 0 0.333333 0 0 0 0.2 0.2 0 0 0 0.2 0 0 0.2 0 0 0 0 0 0 0.2 0.25 0 0 0 0.25 0 0 0 0 0 0 0.25 0 0.25 0 0 0 0 0 0.333333 0 0 0 0 0 0.333333 0 0 0.333333 0 0 0 
AGTCATCC 0 0.166667 0 0.166667 0 0 0 0.166667 0 0.166667 0 0 0.166667 0.166667 0 0 0 0.4 0 0 0 0.2 0 0 0.2 0 0 0 0 0 0 0.2 0.25 0 0 0 0 0.25 0 0 0 0 0 0.25 0 0.25 0 0 0 0 0 0.333333 0 0 0 0 0 0.333333 0 0 0 0.333333 0 0 
AGTCATCG 0 0.166667 0 0.166667 0 0 0 0.166667 0 0.166667 0 0 0.166667 0 0.166667 0 0 0.2 0.2 0 0 0.2 0 0 0.2 0 0 0 0 0 0 0.2 0.25 0 0 0 0 0 0.25 0 0 0 0 0.25 0 0.25 0 0 0 0 0 0.333333 0 0 0 0 0 0.333333 0 0 0 0 0.333333 0 
AGTCATGA 0 0 0.166667 0.166667 0 0 0 0.166667 0 0.166667 0 0 0.333333 0 0 0 0.2 0.2 0 0 0 0 0.2 0 0.2 0 0 0 0 0 0 0.2 0.25 0 0 0 0.25 0 0 0 0 0 0 0.25 0 0 0.25 0 0 0 0 0.333333 0 0 0 0 0 0 0.333333 0 0.333333 0 0 0 
AGTCATGC 0 0 0.166667 0.166667 0 0 0 0.166667 0 0.166667 0 0 0.166667 0.166667 0 0 0 0.4 0 0 0 0 0.2 0 0.2 0 0 0 0 0 0 0.2 0.25 0 0 0 0 0.25 0 0 0 0 0 0.25 0 0 0.25 0 0 0 0 0.333333 0 0 0 0 0 0 0.333333 0 0 0.333333 0 0 
AGTCATTA 0 0 0 0.333333 0 0 0 0.166667 0 0.166667 0 0 0.333333 0 0 0 0.2 0.2 0 0 0 0 0 0.2 0.2 0 0 0 0 0 0 0.2 0.25 0 0 0 0.25 0 0 0 0 0 0 0.25 0 0 0 0.25 0 0 0 0.333333 0 0 0 0 0 0 0 0.333333 0.333333 0 0 0 
AGTCATTC 0 0 0 0.333333 0 0 0 0.166667 0 0.166667 0 0 0.166667 0.166667 0 0 0 0.4 0 0 0 0 0 0.2 0.2 0 0 0 0 0 0 0.2 0.25 0 0 0 0 0.25 0 0 0 0 0 0.25 0 0 0 0.25 0 0 0 0.333333 0 0 0 0 0 0 0 0.333333 0 0.333333 0 0 
AGTGACAC 0.166667 0 0 0.166667 0 0.166667 0 0 0 0.166667 0.166667 0 0.166667 0 0 0 0 0.2 0.2 0 0 0 0 0 0.4 0 0 0 0 0.2 0 0 0.25 0 0 0 0 0 0 0 0 0.5 0 0 0.25 0 0 0 0 0.333333 0 0 0 0 0 0 0.333333 0 0 0 0 0.333333 0 0 
AGTGACTC 0 0 0 0.333333 0 0.166667 0 0 0 0.166667 0.166667 0 0.166667 0 0 0 0 0.2 0.2 0 0 0 0 0 0.2 0 0 0.2 0 0.2 0 0 0.25 0 0 0 0 0 0 0 0 0.5 0 0 0 0 0 0.25 0 0.333333 0 0 0 0 0 0 0 0 0 0.333333 0 0.333333 0 0 
AGTGAGTC 0 0 0 0.333333 0 0 0 0 0 0.166667 0.333333 0 0.166667 0 0 0 0 0.2 0.2 0 0 0 0 0 0.2 0 0 0.2 0 0 0.2 0 0.25 0 0 0 0 0 0 0 0 0.25 0.25 0 0 0 0 0.25 0 0 0.333333 0 0 0 0 0 0 0 0 0.333333 0 0.333333 0 0 
AGTGTCAT 0 0 0 0.166667 0 0 0 0.166667 0 0.166667 0.166667 0 0.166667 0 0 0.166667 0 0 0.2 0 0 0 0 0 0.2 0 0 0.2 0 0.2 0 0.2 0 0 0 0.25 0 0 0 0 0 0.25 0 0.25 0.25 0 0 0 0 0.333333 0 0 0 0 0 0 0.333333 0 0 0 0 0 0 0.333333 
AGTGTGAC 0 0 0 0.166667 0 0 0 0 0 0.166667 0.333333 0 0.166667 0 0 0.166667 0 0 0.2 0 0 0 0 0 0.2 0 0 0.2 0 0.2 0.2 0 0 0 0 0.25 0 0 0 0 0 0.25 0.25 0 0.25 0 0 0 0 0 0.333333 0 0 0 0 0 0.333333 0 0 0 0 0.333333 0 0 
ATAGTCAT 0.166667 0 0 0.166667 0 0 0 0.166667 0 0.166667 0 0 0.166667 0 0.166667 0 0 0.2 0.2 0 0 0 0 0 0.2 0 0 0 0 0 0 0.4 0.25 0 0 0.25 0 0 0 0 0 0 0 0.25 0 0.25 0 0 0 0.333333 0 0.333333 0 0 0 0 0 0 0 0 0.333333 0 0 0 
ATATGACA 0.333333 0 0.166667 0 0 0 0 0 0 0.166667 0 0 0.166667 0 0 0.166667 0.2 0 0 0.2 0 0 0 0 0.2 0 0 0 0 0.2 0.2 0 0 0.25 0.25 0 0 0 0 0 0 0 0 0 0.5 0 0 0 0.666667 0 0 0 0 0 0 0 0 0 0 0 0 0.333333 0 0 
ATATGACG 0.166667 0 0.333333 0 0 0 0 0 0 0.166667 0 0 0.166667 0 0 0.166667 0.2 0 0 0.2 0 0 0 0 0 0 0.2 0 0 0.2 0.2 0 0 0.25 0.25 0 0 0 0 0 0 0 0 0 0.25 0 0.25 0 0.333333 0 0.333333 0 0 0 0 0 0 0 0 0 0 0.333333 0 0 
ATCAGTCA 0 0.166667 0 0.166667 0 0 0.166667 0 0 0.166667 0 0 0.333333 0 0 0 0.2 0.2 0 0 0 0 0 0.2 0.2 0 0 0 0 0 0.2 0 0.25 0 0.25 0 0 0.25 0 0 0 0 0 0 0 0 0 0.25 0 0 0 0.333333 0.333333 0 0 0 0 0 0 0 0 0.333333 0 0 
ATGAATCA 0 0.166667 0.166667 0.166667 0 0 0 0 0.166667 0 0 0 0.333333 0 0 0 0.4 0.2 0 0 0 0 0 0 0 0 0 0.2 0.2 0 0 0 0.5 0 0 0 0 0 0 0 0 0.25 0 0 0 0 0 0.25 0 0 0 0.333333 0 0 0 0 0.333333 0 0 0 0 0.333333 0 0 
ATGACAAA 0.333333 0 0.166667 0 0.166667 0 0 0 0 0.166667 0 0 0.166667 0 0 0 0.4 0 0 0 0.2 0 0 0 0.2 0 0 0 0 0.2 0 0 0.25 0.25 0 0 0 0 0 0 0.25 0 0 0 0.25 0 0 0 0.333333 0 0 0 0 0 0 0 0.333333 0 0 0 0.333333 0 0 0 
ATGACACA 0.333333 0 0.166667 0 0 0.166667 0 0 0 0.166667 0 0 0.166667 0 0 0 0.2 0.2 0 0 0.2 0 0 0 0.2 0 0 0 0 0.2 0 0 0.25 0.25 0 0 0 0 0 0 0 0.25 0 0 0.25 0 0 0 0.333333 0 0 0 0 0 0 0 0.333333 0 0 0 0 0.333333 0 0 
ATGACACC 0.166667 0.166667 0.166667 0 0 0.166667 0 0 0 0.166667 0 0 0.166667 0 0 0 0.2 0.2 0 0 0 0.2 0 0 0.2 0 0 0 0 0.2 0 0 0 0.5 0 0 0 0 0 0 0 0.25 0 0 0.25 0 0 0 0.333333 0 0 0 0 0 0 0 0 0.333333 0 0 0 0.333333 0 0 
ATGACACG 0.166667 0 0.333333 0 0 0.166667 0 0 0 0.166667 0 0 0.166667 0 0 0 0.2 0.2 0 0 0 0 0.2 0 0.2 0 0 0 0 0.2 0 0 0 0.25 0.25 0 0 0 0 0 0 0.25 0 0 0.25 0 0 0 0.333333 0 0 0 0 0 0 0 0 0 0.333333 0 0 0.333333 0 0 
ATGACATC 0.166667 0.166667 0.166667 0 0 0 0 0.166667 0 0.166667 0 0 0.166667 0 0 0 0.2 0 0 0.2 0 0.2 0 0 0.2 0 0 0 0 0.2 0 0 0 0.5 0 0 0 0 0 0 0 0 0 0.25 0.25 0 0 0 0.333333 0 0 0 0 0 0 0 0 0.333333 0 0 0 0 0 0.333333 
ATGACGAA 0 0 0.333333 0 0.166667 0 0 0 0.166667 0.166667 0 0 0.166667 0 0 0 0.4 0 0 0 0.2 0 0 0 0 0 0.2 0 0 0.2 0 0 0.25 0.25 0 0 0 0 0 0 0.25 0 0 0 0 0 0.25 0 0 0 0.333333 0 0 0 0 0 0.333333 0 0 0 0.333333 0 0 0 
ATGACGCA 0 0 0.333333 0 0 0.166667 0 0 0.166667 0.166667 0 0 0.166667 0 0 0 0.2 0.2 0 0 0.2 0 0 0 0 0 0.2 0 0 0.2 0 0 0.25 0.25 0 0 0 0 0 0 0 0.25 0 0 0 0 0.25 0 0 0 0.333333 0 0 0 0 0 0.333333 0 0 0 0 0.333333 0 0 
ATGACGCG 0 0 0.333333 0 0 0.166667 0 0 0 0.166667 0.166667 0 0.166667 0 0 0 0.2 0.2 0 0 0 0 0.2 0 0 0 0.2 0 0 0.2 0 0 0 0.25 0.25 0 0 0 0 0 0 0.25 0 0 0 0 0.25 0 0 0 0.333333 0 0 0 0 0 0 0 0.333333 0 0 0.333333 0 0 
ATGACGTA 0 0 0.333333 0 0 0 0 0.166667 0.166667 0.166667 0 0 0.166667 0 0 0 0.2 0 0 0.2 0.2 0 0 0 0 0 0.2 0 0 0.2 0 0 0.25 0.25 0 0 0 0 0 0 0 0 0 0.25 0 0 0.25 0 0 0 0.333333 0 0 0 0 0 0.333333 0 0 0 0 0 0 0.333333 
ATGACGTC 0 0 0.333333 0 0 0 0 0.166667 0 0.333333 0 0 0.166667 0 0 0 0.2 0 0 0.2 0 0.2 0 0 0 0 0.2 0 0 0.2 0 0 0 0.5 0 0 0 0 0 0 0 0 0 0.25 0 0 0.25 0 0 0 0.333333 0 0 0 0 0 0 0.333333 0 0 0 0 0 0.333333 
ATGACGTG 0 0 0.333333 0 0 0 0 0.166667 0 0.166667 0.166667 0 0.166667 0 0 0 0.2 0 0 0.2 0 0 0.2 0 0 0 0.2 0 0 0.2 0 0 0 0.25 0.25 0 0 0 0 0 0 0 0 0.25 0 0 0.25 0 0 0 0.333333 0 0 0 0 0 0 0 0.333333 0 0 0 0 0.333333 
ATGACTAA 0 0 0.166667 0.166667 0.166667 0 0 0 0 0.166667 0 0 0.333333 0 0 0 0.4 0 0 0 0.2 0 0 0 0 0 0 0.2 0 0.2 0 0 0.25 0.25 0 0 0 0 0 0 0.25 0 0 0 0 0 0 0.25 0 0 0 0.333333 0 0 0 0 0.333333 0 0 0 0.333333 0 0 0 
ATGACTAC 0 0 0.166667 0.166667 0.166667 0 0 0 0 0.166667 0 0 0.166667 0.166667 0 0 0.4 0 0 0 0 0.2 0 0 0 0 0 0.2 0 0.2 0 0 0 0.5 0 0 0 0 0 0 0.25 0 0 0 0 0 0 0.25 0 0 0 0.333333 0 0 0 0 0 0.333333 0 0 0.333333 0 0 0 
ATGACTAG 0 0 0.166667 0.166667 0.166667 0 0 0 0 0.166667 0 0 0.166667 0 0.166667 0 0.4 0 0 0 0 0 0.2 0 0 0 0 0.2 0 0.2 0 0 0 0.25 0.25 0 0 0 0 0 0.25 0 0 0 0 0 0 0.25 0 0 0 0.333333 0 0 0 0 0 0 0.333333 0 0.333333 0 0 0 
ATGACTCA 0 0 0.166667 0.166667 0 0.166667 0 0 0 0.166667 0 0 0.333333 0 0 0 0.2 0.2 0 0 0.2 0 0 0 0 0 0 0.2 0 0.2 0 0 0.25 0.25 0 0 0 0 0 0 0 0.25 0 0 0 0 0 0.25 0 0 0 0.333333 0 0 0 0 0.333333 0 0 0 0 0.333333 0 0 
ATGACTCC 0 0 0.166667 0.166667 0 0.166667 0 0 0 0.166667 0 0 0.166667 0.166667 0 0 0.2 0.2 0 0 0 0.2 0 0 0 0 0 0.2 0 0.2 0 0 0 0.5 0 0 0 0 0 0 0 0.25 0 0 0 0 0 0.25 0 0 0 0.333333 0 0 0 0 0 0.333333 0 0 0 0.333333 0 0 
ATGACTCG 0 0 0.166667 0.166667 0 0.166667 0 0 0 0.166667 0 0 0.166667 0 0.166667 0 0.2 0.2 0 0 0 0 0.2 0 0 0 0 0.2 0 0.2 0 0 0 0.25 0.25 0 0 0 0 0 0 0.25 0 0 0 0 0 0.25 0 0 0 0.333333 0 0 0 0 0 0 0.333333 0 0 0.333333 0 0 
ATGACTGA 0 0 0.166667 0.166667 0 0 0.166667 0 0 0.166667 0 0 0.333333 0 0 0 0.2 0 0.2 0 0.2 0 0 0 0 0 0 0.2 0 0.2 0 0 0.25 0.25 0 0 0 0 0 0 0 0 0.25 0 0 0 0 0.25 0 0 0 0.333333 0 0 0 0 0.333333 0 0 0 0 0 0.333333 0 
ATGAGTAA 0 0 0.166667 0.166667 0 0 0 0 0.166667 0 0.166667 0 0.333333 0 0 0 0.4 0 0 0 0 0 0 0 0.2 0 0 0.2 0 0 0.2 0 0.25 0 0.25 0 0 0 0 0 0.25 0 0 0 0 0 0 0.25 0 0 0 0.333333 0 0 0 0 0.333333 0 0 0 0.333333 0 0 0 
ATGAGTCA 0 0 0.166667 0.166667 0 0 0 0 0 0.166667 0.166667 0 0.333333 0 0 0 0.2 0.2 0 0 0 0 0 0 0.2 0 0 0.2 0 0 0.2 0 0.25 0 0.25 0 0 0 0 0 0 0.25 0 0 0 0 0 0.25 0 0 0 0.333333 0 0 0 0 0.333333 0 0 0 0 0.333333 0 0 
ATGATGAC 0 0 0.333333 0 0 0 0 0 0 0.166667 0 0.166667 0.333333 0 0 0 0.4 0 0 0 0 0 0 0 0 0 0.2 0 0 0.2 0 0.2 0 0.25 0 0.25 0 0 0 0 0.25 0 0 0 0 0 0.25 0 0 0 0.333333 0 0 0 0 0 0 0.333333 0 0 0.333333 0 0 0 
ATGATTCA 0 0 0.166667 0.166667 0 0 0 0 0 0 0 0.166667 0.333333 0.166667 0 0 0.2 0.2 0 0 0 0 0 0 0 0 0 0.2 0.2 0 0 0.2 0.25 0 0 0.25 0 0 0 0 0 0.25 0 0 0 0 0 0.25 0 0 0 0.333333 0 0 0 0 0.333333 0 0 0 0 0.333333 0 0 
ATGCGTCA 0 0 0.166667 0 0 0 0 0.166667 0 0.166667 0.166667 0 0.166667 0.166667 0 0 0 0.2 0 0 0 0.2 0 0 0.2 0 0 0.2 0 0 0.2 0 0 0 0.25 0 0.25 0 0 0 0 0.25 0 0 0 0 0 0.25 0 0 0 0.333333 0 0 0 0 0.333333 0 0 0 0 0.333333 0 0 
ATGTCATA 0.166667 0 0.166667 0 0 0 0 0.166667 0 0.166667 0 0 0.166667 0 0 0.166667 0 0 0 0.2 0.2 0 0 0 0.2 0 0 0 0 0.2 0 0.2 0 0.25 0 0 0 0 0 0 0 0 0 0.25 0.5 0 0 0 0.333333 0 0 0 0 0 0 0 0.333333 0 0 0 0 0 0 0.333333 
ATGTGTCA 0 0 0.166667 0 0 0 0 0 0 0.166667 0.166667 0 0.166667 0 0 0.333333 0 0 0 0.2 0 0 0 0 0.2 0 0 0.2 0 0.2 0.2 0 0 0 0.25 0 0 0 0 0 0 0.25 0 0 0.25 0 0 0.25 0 0 0 0.333333 0 0 0 0 0.333333 0 0 0 0 0.333333 0 0 
ATTACTCA 0 0 0 0.333333 0 0.166667 0 0 0 0 0 0 0.333333 0.166667 0 0 0.2 0.2 0 0 0.2 0 0 0 0 0 0 0 0 0.2 0 0.2 0.25 0.25 0 0 0 0 0 0 0 0 0 0 0 0.25 0 0.25 0 0 0 0.333333 0 0 0 0 0 0 0 0 0.333333 0.333333 0 0 
ATTAGTCA 0 0 0 0.333333 0 0 0 0 0 0.166667 0 0 0.333333 0 0.166667 0 0.2 0.2 0 0 0 0 0 0 0.2 0 0 0 0 0 0.2 0.2 0.25 0 0.25 0 0 0 0 0 0 0 0 0 0 0.25 0 0.25 0 0 0 0.333333 0 0 0 0 0 0 0 0 0.333333 0.333333 0 0 
ATTATGAC 0 0 0.166667 0.166667 0 0 0 0 0 0.166667 0 0 0.333333 0 0 0.166667 0.4 0 0 0 0 0 0 0 0 0 0 0 0 0.2 0.2 0.2 0 0.25 0 0.25 0 0 0 0 0 0 0 0 0.25 0 0.25 0 0 0 0.333333 0 0 0 0 0 0 0 0 0 0.333333 0.333333 0 0 
CACGTCAC 0 0 0.166667 0 0 0.333333 0 0.166667 0 0.166667 0 0 0.166667 0 0 0 0 0 0 0.2 0 0.2 0.2 0 0.2 0 0 0 0 0.2 0 0 0 0.25 0 0 0.25 0 0 0.25 0 0.25 0 0 0 0 0 0 0.333333 0 0 0 0 0.666667 0 0 0 0 0 0 0 0 0 0 
CAGTCATA 0.166667 0 0 0.166667 0 0 0.166667 0.166667 0 0.166667 0 0 0.166667 0 0 0 0 0.2 0 0 0.2 0 0 0.2 0.2 0 0 0 0 0 0 0.2 0.25 0 0 0 0 0.25 0 0 0 0 0 0.25 0.25 0 0 0 0 0 0 0.333333 0.333333 0 0 0 0.333333 0 0 0 0 0 0 0 
CAGTCATC 0 0.166667 0 0.166667 0 0 0.166667 0.166667 0 0.166667 0 0 0.166667 0 0 0 0 0.2 0 0 0 0.2 0 0.2 0.2 0 0 0 0 0 0 0.2 0.25 0 0 0 0 0.25 0 0 0 0 0 0.25 0 0.25 0 0 0 0 0 0.333333 0.333333 0 0 0 0 0.333333 0 0 0 0 0 0 
CATATGAC 0.166667 0 0.166667 0 0 0 0 0.166667 0 0.166667 0 0 0.166667 0 0 0.166667 0.2 0 0 0.2 0.2 0 0 0 0 0 0 0 0 0.2 0.2 0 0 0.25 0.25 0 0 0 0 0.25 0 0 0 0 0.25 0 0 0 0.333333 0 0 0 0 0 0.333333 0 0 0 0 0 0 0.333333 0 0 
CATGACAC 0.166667 0 0.166667 0 0 0.166667 0 0.166667 0 0.166667 0 0 0.166667 0 0 0 0.2 0.2 0 0 0 0 0.2 0 0.2 0 0 0 0 0.2 0 0 0 0.25 0 0 0.25 0 0 0 0 0.25 0 0 0.25 0 0 0 0.333333 0 0 0 0 0.333333 0 0 0 0 0 0 0 0.333333 0 0 
CATGACTC 0 0 0.166667 0.166667 0 0.166667 0 0.166667 0 0.166667 0 0 0.166667 0 0 0 0.2 0.2 0 0 0 0 0.2 0 0 0 0 0.2 0 0.2 0 0 0 0.25 0 0 0.25 0 0 0 0 0.25 0 0 0 0 0 0.25 0 0 0 0.333333 0 0.333333 0 0 0 0 0 0 0 0.333333 0 0 
CATGAGTC 0 0 0.166667 0.166667 0 0 0 0.166667 0 0.166667 0.166667 0 0.166667 0 0 0 0.2 0.2 0 0 0 0 0.2 0 0 0 0 0.2 0 0 0.2 0 0 0 0.25 0 0.25 0 0 0 0 0.25 0 0 0 0 0 0.25 0 0 0 0.333333 0 0 0.333333 0 0 0 0 0 0 0.333333 0 0 
CCACGTCA 0 0 0.166667 0 0.166667 0.166667 0 0.166667 0 0.166667 0 0 0.166667 0 0 0 0 0 0 0.2 0 0.4 0.2 0 0.2 0 0 0 0 0 0 0 0 0.25 0 0 0.25 0 0.25 0.25 0 0 0 0 0 0 0 0 0.333333 0 0 0 0 0.333333 0 0.333333 0 0 0 0 0 0 0 0 
CCGATGAC 0 0 0.166667 0 0.166667 0 0.166667 0 0 0.166667 0 0.166667 0.166667 0 0 0 0.2 0 0 0 0.2 0 0 0.2 0 0 0.2 0 0 0.2 0 0 0 0.25 0 0 0 0 0.25 0.25 0.25 0 0 0 0 0 0 0 0 0 0 0 0.333333 0 0.333333 0 0 0.333333 0 0 0 0 0 0 
CCTGACTC 0 0 0 0.166667 0 0.166667 0.166667 0.166667 0 0.166667 0 0 0.166667 0 0 0 0 0.2 0 0 0.2 0 0.2 0 0 0 0 0.2 0 0.2 0 0 0 0 0 0 0.25 0.25 0 0 0 0.25 0 0 0 0 0 0.25 0 0 0 0 0 0.333333 0 0.333333 0 0 0 0 0 0.333333 0 0 
CGAGTCAC 0 0 0 0.166667 0.166667 0.166667 0 0 0 0.166667 0.166667 0 0.166667 0 0 0 0 0.2 0 0 0 0 0.2 0 0.2 0 0 0.2 0 0.2 0 0 0.25 0 0 0 0 0 0 0.25 0 0.5 0 0 0 0 0 0 0 0.333333 0 0 0 0.333333 0 0 0.333333 0 0 0 0 0 0 0 
CGATGACA 0.166667 0 0.166667 0 0.166667 0 0 0 0 0.166667 0 0.166667 0.166667 0 0 0 0.2 0 0 0 0 0 0 0.2 0.2 0 0.2 0 0 0.2 0 0 0 0.25 0 0 0 0 0.25 0 0.25 0 0 0 0.25 0 0 0 0.333333 0 0 0 0.333333 0 0 0 0 0.333333 0 0 0 0 0 0 
CGGATGAC 0 0 0.166667 0 0 0 0.166667 0 0.166667 0.166667 0 0.166667 0.166667 0 0 0 0.2 0 0 0 0.2 0 0 0 0 0 0.2 0.2 0 0.2 0 0 0 0.25 0 0 0 0 0 0.25 0.25 0 0.25 0 0 0 0 0 0 0 0 0 0 0 0.333333 0 0.333333 0.333333 0 0 0 0 0 0 
CGTATGAC 0 0 0.166667 0 0 0 0 0.166667 0.166667 0.166667 0 0 0.166667 0 0 0.166667 0.2 0 0 0 0.2 0 0 0 0 0 0 0.2 0 0.2 0.2 0 0 0.25 0 0 0 0 0 0.25 0 0 0.25 0 0.25 0 0 0 0 0 0 0 0 0 0.333333 0 0.333333 0 0 0 0 0.333333 0 0 
CGTCATAA 0.166667 0 0 0 0 0 0 0.333333 0 0.166667 0 0 0.333333 0 0 0 0.2 0 0 0 0.2 0.2 0 0 0.2 0 0 0 0 0 0 0.2 0 0 0 0 0.5 0 0 0 0 0 0 0.25 0.25 0 0 0 0 0 0 0 0 0 0 0.333333 0.333333 0 0 0 0.333333 0 0 0 
CGTCATAC 0.166667 0 0 0 0 0 0 0.333333 0 0.166667 0 0 0.166667 0.166667 0 0 0 0.2 0 0 0.2 0.2 0 0 0.2 0 0 0 0 0 0 0.2 0 0 0 0 0.25 0.25 0 0 0 0 0 0.25 0.25 0 0 0 0 0 0 0 0 0 0 0.333333 0.333333 0 0 0 0 0.333333 0 0 
CGTCATAG 0.166667 0 0 0 0 0 0 0.333333 0 0.166667 0 0 0.166667 0 0.166667 0 0 0 0.2 0 0.2 0.2 0 0 0.2 0 0 0 0 0 0 0.2 0 0 0 0 0.25 0 0.25 0 0 0 0 0.25 0.25 0 0 0 0 0 0 0 0 0 0 0.333333 0.333333 0 0 0 0 0 0.333333 0 
CGTCATCA 0 0.166667 0 0 0 0 0 0.333333 0 0.166667 0 0 0.333333 0 0 0 0.2 0 0 0 0 0.4 0 0 0.2 0 0 0 0 0 0 0.2 0 0 0 0 0.5 0 0 0 0 0 0 0.25 0 0.25 0 0 0 0 0 0 0 0 0 0.333333 0 0.333333 0 0 0.333333 0 0 0 
CGTCATCC 0 0.166667 0 0 0 0 0 0.333333 0 0.166667 0 0 0.166667 0.166667 0 0 0 0.2 0 0 0 0.4 0 0 0.2 0 0 0 0 0 0 0.2 0 0 0 0 0.25 0.25 0 0 0 0 0 0.25 0 0.25 0 0 0 0 0 0 0 0 0 0.333333 0 0.333333 0 0 0 0.333333 0 0 
CGTGACTC 0 0 0 0.166667 0 0.166667 0 0.166667 0 0.166667 0.166667 0 0.166667 0 0 0 0 0.2 0 0 0 0 0.2 0 0.2 0 0 0.2 0 0.2 0 0 0 0 0 0 0.25 0 0 0 0 0.5 0 0 0 0 0 0.25 0 0 0 0 0 0.333333 0 0 0 0 0 0.333333 0 0.333333 0 0 
CTATGACA 0.166667 0 0.166667 0 0.166667 0 0 0 0 0.166667 0 0 0.166667 0 0 0.166667 0.2 0 0 0 0 0 0 0.2 0.2 0 0 0 0 0.2 0.2 0 0 0.25 0 0 0 0 0.25 0 0 0 0 0 0.5 0 0 0 0.333333 0 0 0 0.333333 0 0 0 0 0 0 0 0 0.333333 0 0 
CTGACTAA 0 0 0 0.166667 0.166667 0 0.166667 0 0 0.166667 0 0 0.333333 0 0 0 0.2 0 0 0 0.4 0 0 0 0 0 0 0.2 0 0.2 0 0 0.25 0 0 0 0 0.25 0 0 0.25 0 0 0 0 0 0 0.25 0 0 0 0 0 0 0 0.333333 0.333333 0 0 0 0.333333 0 0 0 
CTGACTCA 0 0 0 0.166667 0 0.166667 0.166667 0 0 0.166667 0 0 0.333333 0 0 0 0 0.2 0 0 0.4 0 0 0 0 0 0 0.2 0 0.2 0 0 0.25 0 0 0 0 0.25 0 0 0 0.25 0 0 0 0 0 0.25 0 0 0 0 0 0 0 0.333333 0.333333 0 0 0 0 0.333333 0 0 
CTGAGTCA 0 0 0 0.166667 0 0 0.166667 0 0 0.166667 0.166667 0 0.333333 0 0 0 0 0.2 0 0 0.2 0 0 0 0.2 0 0 0.2 0 0 0.2 0 0.25 0 0 0 0 0 0.25 0 0 0.25 0 0 0 0 0 0.25 0 0 0 0 0 0 0 0.333333 0.333333 0 0 0 0 0.333333 0 0 
CTGTCATA 0.166667 0 0 0 0 0 0.166667 0.166667 0 0.166667 0 0 0.166667 0 0 0.166667 0 0 0 0 0.2 0 0 0.2 0.2 0 0 0 0 0.2 0 0.2 0 0 0 0 0 0.25 0 0 0 0 0 0.25 0.5 0 0 0 0 0 0 0 0.333333 0 0 0 0.333333 0 0 0 0 0 0 0.333333 
CTTAGTCA 0 0 0 0.166667 0 0 0 0.166667 0 0.166667 0 0 0.333333 0 0.166667 0 0 0.2 0 0 0.2 0 0 0 0.2 0 0 0 0 0 0.2 0.2 0.25 0 0 0 0 0 0.25 0 0 0 0 0 0 0.25 0 0.25 0 0 0 0 0 0 0 0.333333 0 0 0 0 0.333333 0.333333 0 0 
GACTCACA 0.166667 0 0 0.166667 0 0.333333 0 0 0 0.166667 0 0 0.166667 0 0 0 0 0.2 0 0 0.4 0 0 0 0 0 0 0.2 0 0.2 0 0 0.25 0 0 0 0 0.25 0 0 0 0.25 0 0 0.25 0 0 0 0 0.333333 0 0 0.333333 0 0 0 0.333333 0 0 0 0 0 0 0 
GACTCACC 0 0.166667 0 0.166667 0 0.333333 0 0 0 0.166667 0 0 0.166667 0 0 0 0 0.2 0 0 0.2 0.2 0 0 0 0 0 0.2 0 0.2 0 0 0.25 0 0 0 0 0.25 0 0 0 0.25 0 0 0 0.25 0 0 0 0.333333 0 0 0 0.333333 0 0 0.333333 0 0 0 0 0 0 0 
GACTCATA 0.166667 0 0 0.166667 0 0.166667 0 0.166667 0 0.166667 0 0 0.166667 0 0 0 0 0.2 0 0 0.4 0 0 0 0 0 0 0.2 0 0 0 0.2 0.25 0 0 0 0 0 0 0.25 0 0.25 0 0 0.25 0 0 0 0 0 0 0.333333 0.333333 0 0 0 0.333333 0 0 0 0 0 0 0 
GACTCATC 0 0.166667 0 0.166667 0 0.166667 0 0.166667 0 0.166667 0 0 0.166667 0 0 0 0 0.2 0 0 0.2 0.2 0 0 0 0 0 0.2 0 0 0 0.2 0.25 0 0 0 0 0 0 0.25 0 0.25 0 0 0 0.25 0 0 0 0 0 0.333333 0 0.333333 0 0 0.333333 0 0 0 0 0 0 0 
GAGATGAC 0.166667 0 0.166667 0 0 0 0 0 0 0.166667 0.166667 0.166667 0.166667 0 0 0 0.2 0 0 0.2 0 0 0 0 0.2 0 0.2 0 0 0.2 0 0 0 0.25 0.25 0 0 0 0 0 0.25 0 0 0.25 0 0 0 0 0.333333 0 0 0 0 0 0 0 0 0.333333 0.333333 0 0 0 0 0 
GAGTCAAC 0 0.166667 0 0.166667 0.166667 0 0 0 0 0.166667 0.166667 0 0.166667 0 0 0 0 0.2 0 0 0 0.2 0 0 0.2 0 0 0.2 0.2 0 0 0 0.25 0 0 0 0 0 0 0 0.25 0.25 0 0 0 0.25 0 0 0.333333 0 0 0 0 0 0 0 0.333333 0.333333 0 0 0 0 0 0 
GAGTCACA 0.166667 0 0 0.166667 0 0.166667 0 0 0 0.166667 0.166667 0 0.166667 0 0 0 0 0.2 0 0 0.2 0 0 0 0.2 0 0 0.2 0 0.2 0 0 0.25 0 0 0 0 0 0 0 0 0.5 0 0 0.25 0 0 0 0 0.333333 0 0 0 0 0 0 0.666667 0 0 0 0 0 0 0 
GAGTCACC 0 0.166667 0 0.166667 0 0.166667 0 0 0 0.166667 0.166667 0 0.166667 0 0 0 0 0.2 0 0 0 0.2 0 0 0.2 0 0 0.2 0 0.2 0 0 0.25 0 0 0 0 0 0 0 0 0.5 0 0 0 0.25 0 0 0 0.333333 0 0 0 0 0 0 0.333333 0.333333 0 0 0 0 0 0 
GAGTCAGA 0.166667 0 0 0.166667 0 0 0.166667 0 0 0.166667 0.166667 0 0.166667 0 0 0 0 0.2 0 0 0.2 0 0 0 0.2 0 0 0.2 0 0 0.2 0 0.25 0 0 0 0 0 0 0 0 0.25 0.25 0 0.25 0 0 0 0 0 0.333333 0 0 0 0 0 0.666667 0 0 0 0 0 0 0 
GAGTCAGC 0 0.166667 0 0.166667 0 0 0.166667 0 0 0.166667 0.166667 0 0.166667 0 0 0 0 0.2 0 0 0 0.2 0 0 0.2 0 0 0.2 0 0 0.2 0 0.25 0 0 0 0 0 0 0 0 0.25 0.25 0 0 0.25 0 0 0 0 0.333333 0 0 0 0 0 0.333333 0.333333 0 0 0 0 0 0 
GAGTCATA 0.166667 0 0 0.166667 0 0 0 0.166667 0 0.166667 0.166667 0 0.166667 0 0 0 0 0.2 0 0 0.2 0 0 0 0.2 0 0 0.2 0 0 0 0.2 0.25 0 0 0 0 0 0 0 0 0.25 0 0.25 0.25 0 0 0 0 0 0 0.333333 0 0 0 0 0.666667 0 0 0 0 0 0 0 
GAGTCATC 0 0.166667 0 0.166667 0 0 0 0.166667 0 0.166667 0.166667 0 0.166667 0 0 0 0 0.2 0 0 0 0.2 0 0 0.2 0 0 0.2 0 0 0 0.2 0.25 0 0 0 0 0 0 0 0 0.25 0 0.25 0 0.25 0 0 0 0 0 0.333333 0 0 0 0 0.333333 0.333333 0 0 0 0 0 0 
GATATGAC 0.166667 0 0.166667 0 0 0 0 0 0 0.166667 0 0.166667 0.166667 0 0 0.166667 0.2 0 0 0.2 0 0 0 0 0.2 0 0 0 0 0.2 0.2 0 0 0.25 0.25 0 0 0 0 0 0 0 0 0.25 0.25 0 0 0 0.333333 0 0 0 0 0 0 0 0 0 0.333333 0 0 0.333333 0 0 
GATGACAA 0.166667 0 0.166667 0 0.166667 0 0 0 0 0.166667 0 0.166667 0.166667 0 0 0 0.4 0 0 0 0 0 0 0 0.2 0 0.2 0 0 0.2 0 0 0 0.25 0 0 0 0 0 0 0.5 0 0 0 0.25 0 0 0 0.333333 0 0 0 0 0 0 0 0 0.333333 0 0 0.333333 0 0 0 
GATGACAC 0.166667 0 0.166667 0 0 0.166667 0 0 0 0.166667 0 0.166667 0.166667 0 0 0 0.2 0.2 0 0 0 0 0 0 0.2 0 0.2 0 0 0.2 0 0 0 0.25 0 0 0 0 0 0 0.25 0.25 0 0 0.25 0 0 0 0.333333 0 0 0 0 0 0 0 0 0.333333 0 0 0 0.333333 0 0 
GATGACGC 0 0 0.333333 0 0 0.166667 0 0 0 0.166667 0 0.166667 0.166667 0 0 0 0.2 0.2 0 0 0 0 0 0 0 0 0.4 0 0 0.2 0 0 0 0.25 0 0 0 0 0 0 0.25 0.25 0 0 0 0 0.25 0 0 0 0.333333 0 0 0 0 0 0 0.333333 0 0 0 0.333333 0 0 
GATGACTA 0 0 0.166667 0.166667 0.166667 0 0 0 0 0.166667 0 0.166667 0.166667 0 0 0 0.4 0 0 0 0 0 0 0 0 0 0.2 0.2 0 0.2 0 0 0 0.25 0 0 0 0 0 0 0.5 0 0 0 0 0 0 0.25 0 0 0 0.333333 0 0 0 0 0 0.333333 0 0 0.333333 0 0 0 
GCGATGAC 0 0 0.166667 0 0.166667 0 0 0 0 0.166667 0.166667 0.166667 0.166667 0 0 0 0.2 0 0 0 0 0 0 0.2 0.2 0 0.2 0 0 0.2 0 0 0 0.25 0 0 0 0 0.25 0 0.25 0 0 0.25 0 0 0 0 0 0 0 0 0.333333 0 0 0 0 0.333333 0.333333 0 0 0 0 0 
GCGTCACA 0.166667 0 0 0 0 0.166667 0 0.166667 0 0.166667 0.166667 0 0.166667 0 0 0 0 0 0 0 0.2 0.2 0 0 0.2 0 0 0.2 0 0.2 0 0 0 0 0 0 0.25 0 0 0 0 0.5 0 0 0.25 0 0 0 0 0 0 0 0 0.333333 0 0 0.666667 0 0 0 0 0 0 0 
GCGTCATA 0.166667 0 0 0 0 0 0 0.333333 0 0.166667 0.166667 0 0.166667 0 0 0 0 0 0 0 0.2 0.2 0 0 0.2 0 0 0.2 0 0 0 0.2 0 0 0 0 0.25 0 0 0 0 0.25 0 0.25 0.25 0 0 0 0 0 0 0 0 0 0 0.333333 0.666667 0 0 0 0 0 0 0 
GCTATGAC 0 0 0.166667 0 0.166667 0 0 0 0 0.166667 0 0.166667 0.166667 0 0 0.166667 0.2 0 0 0 0 0 0 0.2 0.2 0 0 0 0 0.2 0.2 0 0 0.25 0 0 0 0 0.25 0 0 0 0 0.25 0.25 0 0 0 0 0 0 0 0.333333 0 0 0 0 0 0.333333 0 0 0.333333 0 0 
GGAGTCAC 0 0 0 0.166667 0 0.166667 0 0 0.166667 0.166667 0.166667 0 0.166667 0 0 0 0 0.2 0 0 0 0 0 0 0.2 0 0.2 0.2 0 0.2 0 0 0.25 0 0 0 0 0 0 0 0 0.5 0 0.25 0 0 0 0 0 0.333333 0 0 0 0 0 0 0.333333 0.333333 0 0 0 0 0 0 
GGATGACA 0.166667 0 0.166667 0 0 0 0 0 0.166667 0.166667 0 0.166667 0.166667 0 0 0 0.2 0 0 0 0 0 0 0 0.2 0 0.2 0.2 0 0.2 0 0 0 0.25 0 0 0 0 0 0 0.25 0 0.25 0 0.25 0 0 0 0.333333 0 0 0 0 0 0 0 0.333333 0.333333 0 0 0 0 0 0 
GGGATGAC 0 0 0.166667 0 0 0 0 0 0.166667 0.166667 0.166667 0.166667 0.166667 0 0 0 0.2 0 0 0 0 0 0 0 0.2 0 0.2 0.2 0 0.2 0 0 0 0.25 0 0 0 0 0 0 0.25 0 0.25 0.25 0 0 0 0 0 0 0 0 0 0 0 0 0.333333 0.333333 0.333333 0 0 0 0 0 
GGTATGAC 0 0 0.166667 0 0 0 0 0 0.166667 0.166667 0 0.166667 0.166667 0 0 0.166667 0.2 0 0 0 0 0 0 0 0.2 0 0 0.2 0 0.2 0.2 0 0 0.25 0 0 0 0 0 0 0 0 0.25 0.25 0.25 0 0 0 0 0 0 0 0 0 0 0 0.333333 0 0.333333 0 0 0.333333 0 0 
GGTGACAC 0.166667 0 0 0 0 0.166667 0 0 0 0.166667 0.166667 0.166667 0.166667 0 0 0 0 0.2 0 0 0 0 0 0 0.4 0 0.2 0 0 0.2 0 0 0 0 0 0 0 0 0 0 0.25 0.5 0 0 0.25 0 0 0 0 0 0 0 0 0 0 0 0.333333 0.333333 0 0 0 0.333333 0 0 
GGTGACTA 0 0 0 0.166667 0.166667 0 0 0 0 0.166667 0.166667 0.166667 0.166667 0 0 0 0.2 0 0 0 0 0 0 0 0.2 0 0.2 0.2 0 0.2 0 0 0 0 0 0 0 0 0 0 0.5 0.25 0 0 0 0 0 0.25 0 0 0 0 0 0 0 0 0 0.333333 0 0.333333 0.333333 0 0 0 
GTATGACA 0.166667 0 0.166667 0 0 0 0 0 0.166667 0.166667 0 0 0.166667 0 0 0.166667 0.2 0 0 0 0 0 0 0 0.2 0 0 0.2 0 0.2 0.2 0 0 0.25 0 0 0 0 0 0 0 0 0.25 0 0.5 0 0 0 0.333333 0 0 0 0 0 0 0 0.333333 0 0 0 0 0.333333 0 0 
GTCAGTCA 0 0 0 0.166667 0 0 0.166667 0 0 0.333333 0 0 0.333333 0 0 0 0 0.2 0 0 0 0 0 0.2 0.4 0 0 0 0 0 0.2 0 0.25 0 0 0 0 0.25 0 0 0 0 0.25 0 0 0 0 0.25 0 0 0 0 0.333333 0 0 0 0 0 0 0.333333 0 0.333333 0 0 
GTCATAAA 0.333333 0 0 0 0 0 0 0.166667 0 0.166667 0 0 0.333333 0 0 0 0.2 0 0 0 0.2 0 0 0 0.2 0 0 0 0.2 0 0 0.2 0.25 0 0 0 0.25 0 0 0 0 0 0 0.25 0.25 0 0 0 0 0 0 0 0.333333 0 0 0 0.333333 0 0 0 0.333333 0 0 0 
GTCATAAC 0.166667 0.166667 0 0 0 0 0 0.166667 0 0.166667 0 0 0.333333 0 0 0 0.2 0 0 0 0.2 0 0 0 0.2 0 0 0 0 0.2 0 0.2 0 0.25 0 0 0.25 0 0 0 0 0 0 0.25 0.25 0 0 0 0 0 0 0 0 0.333333 0 0 0.333333 0 0 0 0.333333 0 0 0 
GTCATACA 0.333333 0 0 0 0 0 0 0.166667 0 0.166667 0 0 0.166667 0.166667 0 0 0 0.2 0 0 0.2 0 0 0 0.2 0 0 0 0.2 0 0 0.2 0.25 0 0 0 0 0.25 0 0 0 0 0 0.25 0.25 0 0 0 0 0 0 0 0.333333 0 0 0 0.333333 0 0 0 0 0.333333 0 0 
GTCATATA 0.333333 0 0 0 0 0 0 0.166667 0 0.166667 0 0 0.166667 0 0 0.166667 0 0 0 0.2 0.2 0 0 0 0.2 0 0 0 0.2 0 0 0.2 0.25 0 0 0 0 0 0 0.25 0 0 0 0.25 0.25 0 0 0 0 0 0 0 0.333333 0 0 0 0.333333 0 0 0 0 0 0 0.333333 
GTCATCAA 0 0.166667 0 0 0.166667 0 0 0.166667 0 0.166667 0 0 0.333333 0 0 0 0.2 0 0 0 0 0.2 0 0 0.2 0 0 0 0.2 0 0 0.2 0.25 0 0 0 0.25 0 0 0 0 0 0 0.25 0 0.25 0 0 0 0 0 0 0.333333 0 0 0 0 0.333333 0 0 0.333333 0 0 0 
GTCATCAC 0 0.166667 0 0 0 0.166667 0 0.166667 0 0.166667 0 0 0.333333 0 0 0 0.2 0 0 0 0 0.2 0 0 0.2 0 0 0 0 0.2 0 0.2 0 0.25 0 0 0.25 0 0 0 0 0 0 0.25 0 0.25 0 0 0 0 0 0 0 0.333333 0 0 0 0.333333 0 0 0.333333 0 0 0 
GTCATCCA 0 0.166667 0 0 0.166667 0 0 0.166667 0 0.166667 0 0 0.166667 0.166667 0 0 0 0.2 0 0 0 0.2 0 0 0.2 0 0 0 0.2 0 0 0.2 0.25 0 0 0 0 0.25 0 0 0 0 0 0.25 0 0.25 0 0 0 0 0 0 0.333333 0 0 0 0 0.333333 0 0 0 0.333333 0 0 
GTCATCGA 0 0.166667 0 0 0.166667 0 0 0.166667 0 0.166667 0 0 0.166667 0 0.166667 0 0 0 0.2 0 0 0.2 0 0 0.2 0 0 0 0.2 0 0 0.2 0.25 0 0 0 0 0 0.25 0 0 0 0 0.25 0 0.25 0 0 0 0 0 0 0.333333 0 0 0 0 0.333333 0 0 0 0 0.333333 0 
GTCATGAC 0 0 0.166667 0 0 0 0 0.166667 0 0.333333 0 0 0.333333 0 0 0 0.2 0 0 0 0 0 0.2 0 0.2 0 0 0 0 0.2 0 0.2 0 0.25 0 0 0.25 0 0 0 0 0 0 0.25 0 0 0.25 0 0 0 0 0 0 0.333333 0 0 0 0 0.333333 0 0.333333 0 0 0 
GTGAATCA 0 0.166667 0 0.166667 0 0 0 0 0.166667 0 0.166667 0 0.333333 0 0 0 0.2 0.2 0 0 0 0 0 0 0.2 0 0 0.2 0.2 0 0 0 0.25 0 0 0 0 0 0 0 0.25 0.25 0 0 0 0 0 0.25 0 0 0 0 0 0 0 0 0.333333 0 0 0.333333 0 0.333333 0 0 
GTGACACA 0.333333 0 0 0 0 0.166667 0 0 0 0.166667 0.166667 0 0.166667 0 0 0 0 0.2 0 0 0.2 0 0 0 0.4 0 0 0 0 0.2 0 0 0.25 0 0 0 0 0 0 0 0 0.5 0 0 0.25 0 0 0 0 0 0 0 0 0 0 0 0.666667 0 0 0 0 0.333333 0 0 
GTGACGCA 0 0 0.166667 0 0 0.166667 0 0 0.166667 0.166667 0.166667 0 0.166667 0 0 0 0 0.2 0 0 0.2 0 0 0 0.2 0 0.2 0 0 0.2 0 0 0.25 0 0 0 0 0 0 0 0 0.5 0 0 0 0 0.25 0 0 0 0 0 0 0 0 0 0.333333 0 0.333333 0 0 0.333333 0 0 
GTGACTAA 0 0 0 0.166667 0.166667 0 0 0 0 0.166667 0.166667 0 0.333333 0 0 0 0.2 0 0 0 0.2 0 0 0 0.2 0 0 0.2 0 0.2 0 0 0.25 0 0 0 0 0 0 0 0.25 0.25 0 0 0 0 0 0.25 0 0 0 0 0 0 0 0 0.333333 0 0 0.333333 0.333333 0 0 0 
GTGACTCA 0 0 0 0.166667 0 0.166667 0 0 0 0.166667 0.166667 0 0.333333 0 0 0 0 0.2 0 0 0.2 0 0 0 0.2 0 0 0.2 0 0.2 0 0 0.25 0 0 0 0 0 0 0 0 0.5 0 0 0 0 0 0.25 0 0 0 0 0 0 0 0 0.333333 0 0 0.333333 0 0.333333 0 0 
GTGACTGA 0 0 0 0.166667 0 0 0.166667 0 0 0.166667 0.166667 0 0.333333 0 0 0 0 0 0.2 0 0.2 0 0 0 0.2 0 0 0.2 0 0.2 0 0 0.25 0 0 0 0 0 0 0 0 0.25 0.25 0 0 0 0 0.25 0 0 0 0 0 0 0 0 0.333333 0 0 0.333333 0 0 0.333333 0 
GTGAGTAA 0 0 0 0.166667 0 0 0 0 0.166667 0 0.333333 0 0.333333 0 0 0 0.2 0 0 0 0 0 0 0 0.4 0 0 0.2 0 0 0.2 0 0.25 0 0 0 0 0 0 0 0.25 0 0.25 0 0 0 0 0.25 0 0 0 0 0 0 0 0 0.333333 0 0 0.333333 0.333333 0 0 0 
GTGAGTCA 0 0 0 0.166667 0 0 0 0 0 0.166667 0.333333 0 0.333333 0 0 0 0 0.2 0 0 0 0 0 0 0.4 0 0 0.2 0 0 0.2 0 0.25 0 0 0 0 0 0 0 0 0.25 0.25 0 0 0 0 0.25 0 0 0 0 0 0 0 0 0.333333 0 0 0.333333 0 0.333333 0 0 
GTGATTCA 0 0 0 0.166667 0 0 0 0 0 0 0.166667 0.166667 0.333333 0.166667 0 0 0 0.2 0 0 0 0 0 0 0.2 0 0 0.2 0.2 0 0 0.2 0.25 0 0 0 0 0 0 0 0 0.25 0 0.25 0 0 0 0.25 0 0 0 0 0 0 0 0 0.333333 0 0 0.333333 0 0.333333 0 0 
GTGCGTCA 0 0 0 0 0 0 0 0.166667 0 0.166667 0.333333 0 0.166667 0.166667 0 0 0 0 0 0 0 0.2 0 0 0.2 0.2 0 0.2 0 0 0.2 0 0 0 0 0 0.25 0 0 0 0 0.25 0.25 0 0 0 0 0.25 0 0 0 0 0 0 0 0 0.333333 0 0 0.333333 0 0.333333 0 0 
GTGTCACA 0.166667 0 0 0 0 0.166667 0 0 0 0.166667 0.166667 0 0.166667 0 0 0.166667 0 0 0 0 0.2 0 0 0 0.2 0 0 0.2 0 0.4 0 0 0 0 0 0 0 0 0 0 0 0.5 0 0 0.5 0 0 0 0 0 0 0 0 0 0 0 0.666667 0 0 0 0 0.333333 0 0 
GTGTCATA 0.166667 0 0 0 0 0 0 0.166667 0 0.166667 0.166667 0 0.166667 0 0 0.166667 0 0 0 0 0.2 0 0 0 0.2 0 0 0.2 0 0.2 0 0.2 0 0 0 0 0 0 0 0 0 0.25 0 0.25 0.5 0 0 0 0 0 0 0 0 0 0 0 0.666667 0 0 0 0 0 0 0.333333 
GTGTGACA 0.166667 0 0 0 0 0 0 0 0 0.166667 0.333333 0 0.166667 0 0 0.166667 0 0 0 0 0 0 0 0 0.4 0 0 0.2 0 0.2 0.2 0 0 0 0 0 0 0 0 0 0 0.25 0.25 0 0.5 0 0 0 0 0 0 0 0 0 0 0 0.666667 0 0 0 0 0.333333 0 0 
GTGTGTCA 0 0 0 0 0 0 0 0 0 0.166667 0.333333 0 0.166667 0 0 0.333333 0 0 0 0 0 0 0 0 0.2 0 0 0.4 0 0.2 0.2 0 0 0 0 0 0 0 0 0 0 0.25 0.25 0 0.25 0 0 0.25 0 0 0 0 0 0 0 0 0.333333 0 0 0.333333 0 0.333333 0 0 
GTTAGTCA 0 0 0 0.166667 0 0 0 0 0 0.166667 0 0.166667 0.333333 0 0.166667 0 0 0.2 0 0 0 0 0 0 0.4 0 0 0 0 0 0.2 0.2 0.25 0 0 0 0 0 0 0 0 0 0.25 0 0 0.25 0 0.25 0 0 0 0 0 0 0 0 0 0 0 0.333333 0.333333 0.333333 0 0 
TAGAGTCA 0.166667 0 0 0.166667 0 0 0 0 0 0.166667 0.166667 0 0.166667 0 0.166667 0 0 0.2 0.2 0 0 0 0 0 0.2 0 0 0.2 0.2 0 0 0 0.25 0 0 0.25 0 0 0 0 0 0.25 0 0 0 0 0.25 0 0 0.333333 0 0 0 0 0 0 0.333333 0 0 0 0 0 0 0.333333 
TAGTCACA 0.166667 0 0 0.166667 0 0.166667 0 0 0 0.166667 0 0 0.166667 0 0.166667 0 0 0.2 0 0 0.2 0 0 0 0.2 0 0 0 0 0.2 0 0.2 0.25 0 0 0 0 0 0 0 0 0.25 0 0 0.25 0.25 0 0 0 0.333333 0 0 0 0 0 0 0.333333 0 0 0 0.333333 0 0 0 
TAGTCATA 0.166667 0 0 0.166667 0 0 0 0.166667 0 0.166667 0 0 0.166667 0 0.166667 0 0 0.2 0 0 0.2 0 0 0 0.2 0 0 0 0 0 0 0.4 0.25 0 0 0 0 0 0 0 0 0 0 0.25 0.25 0.25 0 0 0 0 0 0.333333 0 0 0 0 0.333333 0 0 0 0.333333 0 0 0 
TATGACAA 0.166667 0 0.166667 0 0.166667 0 0 0 0 0.166667 0 0 0.166667 0 0 0.166667 0.4 0 0 0 0 0 0 0 0.2 0 0 0 0 0.2 0.2 0 0 0.25 0 0 0 0 0 0 0.25 0 0 0 0.5 0 0 0 0.333333 0 0 0 0 0 0 0 0 0 0 0 0.333333 0.333333 0 0 
TCATATGA 0.166667 0 0.166667 0 0 0 0 0.166667 0 0 0 0 0.333333 0 0 0.166667 0.2 0 0 0.2 0.2 0 0 0 0 0 0 0 0 0 0.2 0.2 0 0 0.25 0 0 0 0 0.25 0 0 0 0 0.5 0 0 0 0.333333 0 0 0 0 0 0.333333 0 0 0 0 0 0 0 0 0.333333 
TCATGACA 0.166667 0 0.166667 0 0 0 0 0.166667 0 0.166667 0 0 0.333333 0 0 0 0.2 0 0 0 0 0 0.2 0 0.2 0 0 0 0 0.2 0 0.2 0 0.25 0 0 0.25 0 0 0 0 0 0 0 0.25 0 0.25 0 0.333333 0 0 0 0 0.333333 0 0 0 0 0 0 0.333333 0 0 0 
TCGAGTCA 0 0 0 0.166667 0.166667 0 0 0 0 0.166667 0.166667 0 0.166667 0 0.166667 0 0 0.2 0 0 0 0 0.2 0 0.2 0 0 0.2 0.2 0 0 0 0.25 0 0 0 0 0 0 0.25 0 0.25 0 0 0 0 0.25 0 0 0 0 0 0 0.333333 0 0 0.333333 0 0 0 0 0 0 0.333333 
TGACACAA 0.333333 0 0 0 0.166667 0.166667 0 0 0 0.166667 0 0 0.166667 0 0 0 0.2 0.2 0 0 0.2 0 0 0 0.2 0 0 0 0 0.2 0 0 0.25 0 0 0 0.25 0 0 0 0 0.25 0 0 0.25 0 0 0 0.333333 0 0 0 0 0 0 0 0.333333 0 0 0 0 0.333333 0 0 
TGACATCA 0.166667 0.166667 0 0 0 0 0 0.166667 0 0.166667 0 0 0.333333 0 0 0 0.2 0 0 0.2 0 0.2 0 0 0.2 0 0 0 0 0.2 0 0 0 0.25 0 0 0.25 0 0 0 0 0 0 0.25 0.25 0 0 0 0.333333 0 0 0 0 0 0 0 0 0.333333 0 0 0 0 0 0.333333 
TGACGCAA 0 0 0.166667 0 0.166667 0.166667 0 0 0.166667 0.166667 0 0 0.166667 0 0 0 0 0.2 0 0 0.2 0 0 0 0.2 0 0.2 0 0 0.2 0 0 0.25 0 0 0 0.25 0 0 0 0 0.25 0 0 0 0 0.25 0 0.333333 0 0 0 0 0 0 0 0.333333 0 0 0 0 0.333333 0 0 
TGACGTAA 0 0 0.166667 0 0 0 0 0.166667 0.166667 0.166667 0 0 0.333333 0 0 0 0 0 0 0.2 0.2 0 0 0 0.2 0 0.2 0 0 0.2 0 0 0.25 0 0 0 0.25 0 0 0 0 0 0 0.25 0 0 0.25 0 0.333333 0 0 0 0 0 0 0 0.333333 0 0 0 0 0 0 0.333333 
TGACGTCA 0 0 0.166667 0 0 0 0 0.166667 0 0.333333 0 0 0.333333 0 0 0 0 0 0 0.2 0 0.2 0 0 0.2 0 0.2 0 0 0.2 0 0 0 0.25 0 0 0.25 0 0 0 0 0 0 0.25 0 0 0.25 0 0.333333 0 0 0 0 0 0 0 0 0.333333 0 0 0 0 0 0.333333 
TGACTACA 0.166667 0 0 0.166667 0.166667 0 0 0 0 0.166667 0 0 0.166667 0.166667 0 0 0.2 0 0 0 0 0.2 0 0 0 0 0 0.2 0.2 0.2 0 0 0 0.25 0 0 0.25 0 0 0 0.25 0 0 0 0 0 0 0.25 0.333333 0 0 0 0 0 0 0 0 0.333333 0 0 0.333333 0 0 0 
TGACTCAA 0 0 0 0.166667 0.166667 0.166667 0 0 0 0.166667 0 0 0.333333 0 0 0 0 0.2 0 0 0.2 0 0 0 0 0 0 0.2 0.2 0.2 0 0 0.25 0 0 0 0.25 0 0 0 0 0.25 0 0 0 0 0 0.25 0.333333 0 0 0 0 0 0 0 0.333333 0 0 0 0 0.333333 0 0 
TGACTCCA 0 0 0 0.166667 0.166667 0.166667 0 0 0 0.166667 0 0 0.166667 0.166667 0 0 0 0.2 0 0 0 0.2 0 0 0 0 0 0.2 0.2 0.2 0 0 0 0.25 0 0 0.25 0 0 0 0 0.25 0 0 0 0 0 0.25 0.333333 0 0 0 0 0 0 0 0 0.333333 0 0 0 0.333333 0 0 
TGAGTCAA 0 0 0 0.166667 0.166667 0 0 0 0 0.166667 0.166667 0 0.333333 0 0 0 0 0.2 0 0 0 0 0 0 0.2 0 0 0.2 0.2 0 0.2 0 0.25 0 0 0 0 0 0 0 0.25 0.25 0 0 0 0 0 0.25 0.333333 0 0 0 0 0 0 0 0.333333 0 0 0 0 0.333333 0 0 
TGTCATAA 0.166667 0 0 0 0 0 0 0.166667 0 0.166667 0 0 0.333333 0 0 0.166667 0.2 0 0 0 0.2 0 0 0 0.2 0 0 0 0 0.2 0 0.2 0 0 0 0 0.25 0 0 0 0 0 0 0.25 0.5 0 0 0 0 0 0 0 0 0 0 0 0.333333 0 0 0 0.333333 0 0 0.333333 
ACGCCACC 0 0.166667 0.166667 0 0.166667 0.333333 0 0 0 0.166667 0 0 0 0 0 0 0 0.2 0 0 0 0.6 0 0 0.2 0 0 0 0 0 0 0 0 0.25 0 0 0.25 0.25 0 0 0 0.25 0 0 0 0 0 0 0.333333 0 0 0 0 0.333333 0 0 0 0.333333 0 0 0 0 0 0 
CGCCACCC 0 0.166667 0 0 0.166667 0.5 0 0 0 0.166667 0 0 0 0 0 0 0 0.2 0 0 0 0.6 0 0 0.2 0 0 0 0 0 0 0 0 0 0 0 0.25 0.5 0 0 0 0.25 0 0 0 0 0 0 0 0 0 0 0 0.666667 0 0 0 0.333333 0 0 0 0 0 0 
ACGCCACC 0 0.166667 0.166667 0 0.166667 0.333333 0 0 0 0.166667 0 0 0 0 0 0 0 0.2 0 0 0 0.6 0 0 0.2 0 0 0 0 0 0 0 0 0.25 0 0 0.25 0.25 0 0 0 0.25 0 0 0 0 0 0 0.333333 0 0 0 0 0.333333 0 0 0 0.333333 0 0 0 0 0 0 
CGCCACCC 0 0.166667 0 0 0.166667 0.5 0 0 0 0.166667 0 0 0 0 0 0 0 0.2 0 0 0 0.6 0 0 0.2 0 0 0 0 0 0 0 0 0 0 0 0.25 0.5 0 0 0 0.25 0 0 0 0 0 0 0 0 0 0 0 0.666667 0 0 0 0.333333 0 0 0 0 0 0 
CGCCACCG 0 0.166667 0 0 0.166667 0.333333 0.166667 0 0 0.166667 0 0 0 0 0 0 0 0 0.2 0 0 0.6 0 0 0.2 0 0 0 0 0 0 0 0 0 0 0 0.25 0.25 0.25 0 0 0.25 0 0 0 0 0 0 0 0 0 0 0 0.333333 0.333333 0 0 0.333333 0 0 0 0 0 0 
GGTGGCAA 0 0 0 0 0.166667 0 0 0 0.166667 0.166667 0.166667 0.166667 0 0 0.166667 0 0 0 0 0 0 0 0 0 0.4 0 0.4 0 0 0.2 0 0 0 0 0 0 0 0 0 0 0.25 0.25 0.25 0 0.25 0 0 0 0 0 0 0 0 0 0 0 0.333333 0.333333 0 0 0.333333 0 0 0 
AACGTAAT 0 0.166667 0.166667 0.166667 0 0 0 0.166667 0.166667 0 0 0 0.166667 0 0 0 0 0 0.2 0.2 0.2 0 0 0 0.2 0 0 0 0 0 0 0.2 0.25 0 0 0.25 0.25 0 0 0 0 0 0 0.25 0 0 0 0 0.666667 0 0 0 0 0 0 0.333333 0 0 0 0 0 0 0 0 
AATTACGG 0 0 0.166667 0.333333 0 0 0.166667 0 0 0 0 0 0.166667 0.166667 0 0 0.2 0 0.2 0.2 0 0 0 0 0 0 0 0 0 0.2 0.2 0 0.25 0.25 0 0 0 0 0 0 0 0 0 0 0 0 0.5 0 0 0.333333 0.333333 0 0 0 0 0 0 0 0 0 0 0 0.333333 0 
AATTACGT 0 0 0.166667 0.333333 0 0 0 0.166667 0 0 0 0 0.166667 0.166667 0 0 0.2 0 0 0.4 0 0 0 0 0 0 0 0 0 0.2 0.2 0 0.25 0.25 0 0 0 0 0 0 0 0 0 0 0 0 0.25 0.25 0 0.333333 0.333333 0 0 0 0 0 0 0 0 0 0 0 0 0.333333 
ACCGTAAT 0 0.166667 0 0.166667 0 0 0.166667 0.166667 0.166667 0 0 0 0.166667 0 0 0 0 0 0.2 0 0.2 0 0 0.2 0.2 0 0 0 0 0 0 0.2 0 0 0 0.25 0.5 0 0 0 0 0 0 0.25 0 0 0 0 0.333333 0 0 0 0.333333 0 0 0.333333 0 0 0 0 0 0 0 0 
ACGTAAGC 0 0.166667 0.333333 0 0 0 0 0.166667 0.166667 0 0 0 0.166667 0 0 0 0 0.2 0 0.2 0.2 0 0 0 0.2 0 0 0 0 0 0.2 0 0.25 0 0 0 0.25 0 0 0 0 0 0.25 0 0 0.25 0 0 0.333333 0 0 0 0 0 0.333333 0 0 0.333333 0 0 0 0 0 0 
ACGTAATA 0.166667 0 0.166667 0.166667 0 0 0 0.166667 0.166667 0 0 0 0.166667 0 0 0 0.2 0 0 0.2 0.2 0 0 0 0.2 0 0 0 0 0 0 0.2 0.25 0 0 0 0.25 0 0 0 0 0 0 0.25 0.25 0 0 0 0.333333 0 0 0 0 0 0 0.333333 0.333333 0 0 0 0 0 0 0 
ACGTAATC 0 0.166667 0.166667 0.166667 0 0 0 0.166667 0.166667 0 0 0 0.166667 0 0 0 0 0.2 0 0.2 0.2 0 0 0 0.2 0 0 0 0 0 0 0.2 0.25 0 0 0 0.25 0 0 0 0 0 0 0.25 0 0.25 0 0 0.333333 0 0 0 0 0 0 0.333333 0 0.333333 0 0 0 0 0 0 
ACGTAATG 0 0 0.333333 0.166667 0 0 0 0.166667 0.166667 0 0 0 0.166667 0 0 0 0 0 0.2 0.2 0.2 0 0 0 0.2 0 0 0 0 0 0 0.2 0.25 0 0 0 0.25 0 0 0 0 0 0 0.25 0 0 0.25 0 0.333333 0 0 0 0 0 0 0.333333 0 0 0.333333 0 0 0 0 0 
AGATTACG 0.166667 0 0.166667 0.166667 0 0 0 0 0 0 0 0.166667 0.166667 0.166667 0 0 0.2 0 0 0.2 0 0 0 0 0 0 0 0.2 0 0.2 0.2 0 0 0.25 0 0.25 0 0 0 0 0.25 0 0 0 0 0 0.25 0 0.333333 0 0.333333 0 0 0 0 0 0 0.333333 0 0 0 0 0 0 
AGCTTACG 0 0.166667 0.166667 0 0 0 0 0.166667 0 0 0 0.166667 0.166667 0.166667 0 0 0 0 0 0.2 0.2 0 0 0 0 0 0 0.2 0 0.2 0.2 0 0 0 0 0.25 0 0.25 0 0 0.25 0 0 0 0 0 0.25 0 0.333333 0 0 0 0 0 0.333333 0 0 0.333333 0 0 0 0 0 0 
ATATTACG 0.166667 0 0.166667 0.166667 0 0 0 0 0 0 0 0 0.166667 0.166667 0 0.166667 0.2 0 0 0.2 0 0 0 0 0 0 0 0 0 0.2 0.2 0.2 0 0.25 0 0.25 0 0 0 0 0 0 0 0 0.25 0 0.25 0 0.333333 0 0.333333 0 0 0 0 0 0 0 0 0 0 0.333333 0 0 
ATCGTAAT 0 0.166667 0 0.166667 0 0 0 0.166667 0.166667 0 0 0 0.166667 0 0.166667 0 0 0 0.2 0 0.2 0 0 0 0.2 0 0 0 0 0 0 0.4 0 0 0 0.25 0.25 0 0 0 0 0 0 0.25 0.25 0 0 0 0.333333 0 0 0 0 0 0 0.333333 0 0 0 0 0.333333 0 0 0 
ATGACAAA 0.333333 0 0.166667 0 0.166667 0 0 0 0 0.166667 0 0 0.166667 0 0 0 0.4 0 0 0 0.2 0 0 0 0.2 0 0 0 0 0.2 0 0 0.25 0.25 0 0 0 0 0 0 0.25 0 0 0 0.25 0 0 0 0.333333 0 0 0 0 0 0 0 0.333333 0 0 0 0.333333 0 0 0 
ATGACTAA 0 0 0.166667 0.166667 0.166667 0 0 0 0 0.166667 0 0 0.333333 0 0 0 0.4 0 0 0 0.2 0 0 0 0 0 0 0.2 0 0.2 0 0 0.25 0.25 0 0 0 0 0 0 0.25 0 0 0 0 0 0 0.25 0 0 0 0.333333 0 0 0 0 0.333333 0 0 0 0.333333 0 0 0 
ATTAATAA 0.166667 0 0 0.333333 0 0 0 0 0 0 0 0 0.5 0 0 0 0.6 0 0 0 0 0 0 0 0 0 0 0 0.2 0 0 0.2 0.5 0 0 0 0 0 0 0 0 0 0 0 0.25 0 0 0.25 0 0 0 0.333333 0 0 0 0 0 0 0 0 0.666667 0 0 0 
ATTACAAA 0.333333 0 0 0.166667 0.166667 0 0 0 0 0 0 0 0.166667 0.166667 0 0 0.4 0 0 0 0.2 0 0 0 0 0 0 0 0.2 0.2 0 0 0.25 0.25 0 0 0 0 0 0 0 0 0 0 0.5 0 0 0 0.333333 0 0 0 0 0 0 0 0 0 0 0 0.666667 0 0 0 
ATTACGAA 0 0 0.166667 0.166667 0.166667 0 0 0 0.166667 0 0 0 0.166667 0.166667 0 0 0.4 0 0 0 0.2 0 0 0 0 0 0 0 0 0.2 0.2 0 0.25 0.25 0 0 0 0 0 0 0 0 0 0 0.25 0 0.25 0 0 0 0.333333 0 0 0 0 0 0 0 0 0 0.666667 0 0 0 
ATTACGGA 0 0 0.166667 0.166667 0 0 0.166667 0 0.166667 0 0 0 0.166667 0.166667 0 0 0.2 0 0.2 0 0.2 0 0 0 0 0 0 0 0 0.2 0.2 0 0.25 0.25 0 0 0 0 0 0 0 0 0 0 0 0 0.5 0 0 0 0.333333 0 0 0 0 0 0 0 0 0 0.333333 0 0.333333 0 
ATTACGTA 0 0 0.166667 0.166667 0 0 0 0.166667 0.166667 0 0 0 0.166667 0.166667 0 0 0.2 0 0 0.2 0.2 0 0 0 0 0 0 0 0 0.2 0.2 0 0.25 0.25 0 0 0 0 0 0 0 0 0 0 0 0 0.25 0.25 0 0 0.333333 0 0 0 0 0 0 0 0 0 0.333333 0 0 0.333333 
ATTACGTC 0 0 0.166667 0.166667 0 0 0 0.166667 0 0.166667 0 0 0.166667 0.166667 0 0 0.2 0 0 0.2 0 0.2 0 0 0 0 0 0 0 0.2 0.2 0 0 0.5 0 0 0 0 0 0 0 0 0 0 0 0 0.25 0.25 0 0 0.333333 0 0 0 0 0 0 0 0 0 0 0.333333 0 0.333333 
ATTACGTG 0 0 0.166667 0.166667 0 0 0 0.166667 0 0 0.166667 0 0.166667 0.166667 0 0 0.2 0 0 0.2 0 0 0.2 0 0 0 0 0 0 0.2 0.2 0 0 0.25 0.25 0 0 0 0 0 0 0 0 0 0 0 0.25 0.25 0 0 0.333333 0 0 0 0 0 0 0 0 0 0 0 0.333333 0.333333 
ATTACTAA 0 0 0 0.333333 0.166667 0 0 0 0 0 0 0 0.333333 0.166667 0 0 0.4 0 0 0 0.2 0 0 0 0 0 0 0 0 0.2 0 0.2 0.25 0.25 0 0 0 0 0 0 0 0 0 0 0.25 0 0 0.25 0 0 0 0.333333 0 0 0 0 0 0 0 0 0.666667 0 0 0 
ATTAGTAA 0 0 0 0.333333 0 0 0 0 0.166667 0 0 0 0.333333 0 0.166667 0 0.4 0 0 0 0 0 0 0 0.2 0 0 0 0 0 0.2 0.2 0.25 0 0.25 0 0 0 0 0 0 0 0 0 0.25 0 0 0.25 0 0 0 0.333333 0 0 0 0 0 0 0 0 0.666667 0 0 0 
ATTAGTCA 0 0 0 0.333333 0 0 0 0 0 0.166667 0 0 0.333333 0 0.166667 0 0.2 0.2 0 0 0 0 0 0 0.2 0 0 0 0 0 0.2 0.2 0.25 0 0.25 0 0 0 0 0 0 0 0 0 0 0.25 0 0.25 0 0 0 0.333333 0 0 0 0 0 0 0 0 0.333333 0.333333 0 0 
ATTATTAA 0 0 0 0.333333 0 0 0 0 0 0 0 0 0.5 0 0 0.166667 0.4 0 0 0 0 0 0 0 0 0 0 0 0.2 0 0 0.4 0.25 0 0 0.25 0 0 0 0 0 0 0 0 0.25 0 0 0.25 0 0 0 0.333333 0 0 0 0 0 0 0 0 0.666667 0 0 0 
ATTTGTAA 0 0 0 0.166667 0 0 0 0 0.166667 0 0 0 0.166667 0 0.166667 0.333333 0 0 0 0.2 0 0 0 0 0.2 0 0 0 0.2 0 0.2 0.2 0 0 0.25 0 0 0 0 0 0 0 0 0 0.5 0 0 0.25 0 0 0 0.333333 0 0 0 0 0 0 0 0 0.666667 0 0 0 
ATTTGTCA 0 0 0 0.166667 0 0 0 0 0 0.166667 0 0 0.166667 0 0.166667 0.333333 0 0 0 0.2 0 0 0 0 0.2 0 0 0 0 0.2 0.2 0.2 0 0 0.25 0 0 0 0 0 0 0 0 0 0.25 0.25 0 0.25 0 0 0 0.333333 0 0 0 0 0 0 0 0 0.333333 0.333333 0 0 
CCGTAAGC 0 0.166667 0.166667 0 0 0 0.166667 0.166667 0.166667 0 0 0 0.166667 0 0 0 0 0.2 0 0 0.2 0 0 0.2 0.2 0 0 0 0 0 0.2 0 0 0 0 0 0.5 0 0 0 0 0 0.25 0 0 0.25 0 0 0 0 0 0 0.333333 0 0.333333 0 0 0.333333 0 0 0 0 0 0 
CCGTAATC 0 0.166667 0 0.166667 0 0 0.166667 0.166667 0.166667 0 0 0 0.166667 0 0 0 0 0.2 0 0 0.2 0 0 0.2 0.2 0 0 0 0 0 0 0.2 0 0 0 0 0.5 0 0 0 0 0 0 0.25 0 0.25 0 0 0 0 0 0 0.333333 0 0 0.333333 0 0.333333 0 0 0 0 0 0 
CGATTACG 0 0 0.166667 0.166667 0.166667 0 0 0 0 0 0 0.166667 0.166667 0.166667 0 0 0.2 0 0 0 0 0 0 0.2 0 0 0 0.2 0 0.2 0.2 0 0 0.25 0 0 0 0 0 0.25 0.25 0 0 0 0 0 0.25 0 0 0 0.333333 0 0.333333 0 0 0 0 0.333333 0 0 0 0 0 0 
CGCTTACG 0 0 0.166667 0 0 0.166667 0 0.166667 0 0 0 0.166667 0.166667 0.166667 0 0 0 0 0 0 0.2 0 0 0.2 0 0 0 0.2 0 0.2 0.2 0 0 0 0 0 0 0.25 0 0.25 0.25 0 0 0 0 0 0.25 0 0 0 0 0 0.333333 0 0.333333 0 0 0.333333 0 0 0 0 0 0 
CGTAAGCA 0 0.166667 0.166667 0 0 0 0 0.166667 0.333333 0 0 0 0.166667 0 0 0 0.2 0.2 0 0 0.2 0 0 0 0.2 0 0 0 0 0 0.2 0 0.25 0 0 0 0.25 0 0 0 0 0 0.25 0 0 0.25 0 0 0 0 0 0 0 0 0.333333 0 0 0.333333 0 0 0.333333 0 0 0 
CGTAAGCC 0 0.166667 0.166667 0 0 0 0 0.166667 0.166667 0.166667 0 0 0.166667 0 0 0 0 0.4 0 0 0.2 0 0 0 0.2 0 0 0 0 0 0.2 0 0 0.25 0 0 0.25 0 0 0 0 0 0.25 0 0 0.25 0 0 0 0 0 0 0 0 0.333333 0 0 0.333333 0 0 0 0.333333 0 0 
CGTAAGGA 0 0 0.333333 0 0 0 0 0.166667 0.333333 0 0 0 0.166667 0 0 0 0.2 0 0.2 0 0.2 0 0 0 0.2 0 0 0 0 0 0.2 0 0.25 0 0 0 0.25 0 0 0 0 0 0.25 0 0 0 0.25 0 0 0 0 0 0 0 0.333333 0 0 0 0.333333 0 0.333333 0 0 0 
CGTAATAA 0.166667 0 0 0.166667 0 0 0 0.166667 0.166667 0 0 0 0.333333 0 0 0 0.4 0 0 0 0.2 0 0 0 0.2 0 0 0 0 0 0 0.2 0.25 0 0 0 0.25 0 0 0 0 0 0 0.25 0.25 0 0 0 0 0 0 0 0 0 0 0.333333 0.333333 0 0 0 0.333333 0 0 0 
CGTAATAC 0.166667 0 0 0.166667 0 0 0 0.166667 0.166667 0 0 0 0.166667 0.166667 0 0 0.2 0.2 0 0 0.2 0 0 0 0.2 0 0 0 0 0 0 0.2 0 0.25 0 0 0.25 0 0 0 0 0 0 0.25 0.25 0 0 0 0 0 0 0 0 0 0 0.333333 0.333333 0 0 0 0 0.333333 0 0 
CGTAATCA 0 0.166667 0 0.166667 0 0 0 0.166667 0.166667 0 0 0 0.333333 0 0 0 0.2 0.2 0 0 0.2 0 0 0 0.2 0 0 0 0 0 0 0.2 0.25 0 0 0 0.25 0 0 0 0 0 0 0.25 0 0.25 0 0 0 0 0 0 0 0 0 0.333333 0 0.333333 0 0 0.333333 0 0 0 
CGTAATCC 0 0.166667 0 0.166667 0 0 0 0.166667 0.166667 0 0 0 0.166667 0.166667 0 0 0 0.4 0 0 0.2 0 0 0 0.2 0 0 0 0 0 0 0.2 0 0.25 0 0 0.25 0 0 0 0 0 0 0.25 0 0.25 0 0 0 0 0 0 0 0 0 0.333333 0 0.333333 0 0 0 0.333333 0 0 
CGTAATTA 0 0 0 0.333333 0 0 0 0.166667 0.166667 0 0 0 0.333333 0 0 0 0.2 0 0 0.2 0.2 0 0 0 0.2 0 0 0 0 0 0 0.2 0.25 0 0 0 0.25 0 0 0 0 0 0 0.25 0 0 0 0.25 0 0 0 0 0 0 0 0.333333 0 0 0 0.333333 0.333333 0 0 0 
CTGACAAA 0.333333 0 0 0 0.166667 0 0.166667 0 0 0.166667 0 0 0.166667 0 0 0 0.2 0 0 0 0.4 0 0 0 0.2 0 0 0 0 0.2 0 0 0.25 0 0 0 0 0.25 0 0 0.25 0 0 0 0.25 0 0 0 0 0 0 0 0.333333 0 0 0 0.333333 0 0 0 0.333333 0 0 0 
CTGACTAA 0 0 0 0.166667 0.166667 0 0.166667 0 0 0.166667 0 0 0.333333 0 0 0 0.2 0 0 0 0.4 0 0 0 0 0 0 0.2 0 0.2 0 0 0.25 0 0 0 0 0.25 0 0 0.25 0 0 0 0 0 0 0.25 0 0 0 0 0 0 0 0.333333 0.333333 0 0 0 0.333333 0 0 0 
CTTACAAA 0.333333 0 0 0 0.166667 0 0 0.166667 0 0 0 0 0.166667 0.166667 0 0 0.2 0 0 0 0.4 0 0 0 0 0 0 0 0.2 0.2 0 0 0.25 0 0 0 0 0.25 0 0 0 0 0 0 0.5 0 0 0 0 0 0 0 0.333333 0 0 0 0 0 0 0 0.666667 0 0 0 
CTTACGAA 0 0 0.166667 0 0.166667 0 0 0.166667 0.166667 0 0 0 0.166667 0.166667 0 0 0.2 0 0 0 0.4 0 0 0 0 0 0 0 0 0.2 0.2 0 0.25 0 0 0 0 0.25 0 0 0 0 0 0 0.25 0 0.25 0 0 0 0 0 0 0 0.333333 0 0 0 0 0 0.666667 0 0 0 
CTTACGCA 0 0 0.166667 0 0 0.166667 0 0.166667 0.166667 0 0 0 0.166667 0.166667 0 0 0 0.2 0 0 0.4 0 0 0 0 0 0 0 0 0.2 0.2 0 0.25 0 0 0 0 0.25 0 0 0 0 0 0 0 0.25 0.25 0 0 0 0 0 0 0 0.333333 0 0 0 0 0 0.333333 0.333333 0 0 
CTTACGGA 0 0 0.166667 0 0 0 0.166667 0.166667 0.166667 0 0 0 0.166667 0.166667 0 0 0 0 0.2 0 0.4 0 0 0 0 0 0 0 0 0.2 0.2 0 0.25 0 0 0 0 0.25 0 0 0 0 0 0 0 0 0.5 0 0 0 0 0 0 0 0.333333 0 0 0 0 0 0.333333 0 0.333333 0 
CTTACGTA 0 0 0.166667 0 0 0 0 0.333333 0.166667 0 0 0 0.166667 0.166667 0 0 0 0 0 0.2 0.4 0 0 0 0 0 0 0 0 0.2 0.2 0 0.25 0 0 0 0 0.25 0 0 0 0 0 0 0 0 0.25 0.25 0 0 0 0 0 0 0.333333 0 0 0 0 0 0.333333 0 0 0.333333 
CTTACTAA 0 0 0 0.166667 0.166667 0 0 0.166667 0 0 0 0 0.333333 0.166667 0 0 0.2 0 0 0 0.4 0 0 0 0 0 0 0 0 0.2 0 0.2 0.25 0 0 0 0 0.25 0 0 0 0 0 0 0.25 0 0 0.25 0 0 0 0 0 0 0 0.333333 0 0 0 0 0.666667 0 0 0 
CTTACTCA 0 0 0 0.166667 0 0.166667 0 0.166667 0 0 0 0 0.333333 0.166667 0 0 0 0.2 0 0 0.4 0 0 0 0 0 0 0 0 0.2 0 0.2 0.25 0 0 0 0 0.25 0 0 0 0 0 0 0 0.25 0 0.25 0 0 0 0 0 0 0 0.333333 0 0 0 0 0.333333 0.333333 0 0 
CTTAGTAA 0 0 0 0.166667 0 0 0 0.166667 0.166667 0 0 0 0.333333 0 0.166667 0 0.2 0 0 0 0.2 0 0 0 0.2 0 0 0 0 0 0.2 0.2 0.25 0 0 0 0 0 0.25 0 0 0 0 0 0.25 0 0 0.25 0 0 0 0 0 0 0 0.333333 0 0 0 0 0.666667 0 0 0 
CTTAGTCA 0 0 0 0.166667 0 0 0 0.166667 0 0.166667 0 0 0.333333 0 0.166667 0 0 0.2 0 0 0.2 0 0 0 0.2 0 0 0 0 0 0.2 0.2 0.25 0 0 0 0 0 0.25 0 0 0 0 0 0 0.25 0 0.25 0 0 0 0 0 0 0 0.333333 0 0 0 0 0.333333 0.333333 0 0 
CTTATTAA 0 0 0 0.166667 0 0 0 0.166667 0 0 0 0 0.5 0 0 0.166667 0.2 0 0 0 0.2 0 0 0 0 0 0 0 0.2 0 0 0.4 0.25 0 0 0 0 0 0 0.25 0 0 0 0 0.25 0 0 0.25 0 0 0 0 0 0 0 0.333333 0 0 0 0 0.666667 0 0 0 
GATTACGA 0 0 0.166667 0.166667 0.166667 0 0 0 0 0 0 0.166667 0.166667 0.166667 0 0 0.4 0 0 0 0 0 0 0 0 0 0 0.2 0 0.2 0.2 0 0 0.25 0 0 0 0 0 0 0.25 0 0 0 0.25 0 0.25 0 0 0 0.333333 0 0 0 0 0 0 0.333333 0 0 0.333333 0 0 0 
GATTACGC 0 0 0.166667 0.166667 0 0.166667 0 0 0 0 0 0.166667 0.166667 0.166667 0 0 0.2 0.2 0 0 0 0 0 0 0 0 0 0.2 0 0.2 0.2 0 0 0.25 0 0 0 0 0 0 0.25 0 0 0 0 0.25 0.25 0 0 0 0.333333 0 0 0 0 0 0 0.333333 0 0 0 0.333333 0 0 
GATTACTA 0 0 0 0.333333 0.166667 0 0 0 0 0 0 0.166667 0.166667 0.166667 0 0 0.4 0 0 0 0 0 0 0 0 0 0 0.2 0 0.2 0 0.2 0 0.25 0 0 0 0 0 0 0.25 0 0 0 0.25 0 0 0.25 0 0 0 0.333333 0 0 0 0 0 0.333333 0 0 0.333333 0 0 0 
GATTAGTA 0 0 0 0.333333 0 0 0 0 0.166667 0 0 0.166667 0.166667 0 0.166667 0 0.4 0 0 0 0 0 0 0 0 0 0 0.2 0 0 0.2 0.2 0 0 0.25 0 0 0 0 0 0.25 0 0 0 0.25 0 0 0.25 0 0 0 0.333333 0 0 0 0 0 0 0.333333 0 0.333333 0 0 0 
GCGTAAGC 0 0.166667 0.166667 0 0 0 0 0.166667 0.166667 0 0.166667 0 0.166667 0 0 0 0 0.2 0 0 0.2 0 0 0 0.2 0 0 0.2 0 0 0.2 0 0 0 0 0 0.25 0 0 0 0.25 0 0.25 0 0 0.25 0 0 0 0 0 0 0 0 0.333333 0 0.333333 0.333333 0 0 0 0 0 0 
GCTTACGA 0 0 0.166667 0 0.166667 0 0 0.166667 0 0 0 0.166667 0.166667 0.166667 0 0 0.2 0 0 0 0.2 0 0 0 0 0 0 0.2 0 0.2 0.2 0 0 0 0 0 0 0.25 0 0 0.25 0 0 0 0.25 0 0.25 0 0 0 0 0 0 0 0.333333 0 0 0.333333 0 0 0.333333 0 0 0 
GCTTACTA 0 0 0 0.166667 0.166667 0 0 0.166667 0 0 0 0.166667 0.166667 0.166667 0 0 0.2 0 0 0 0.2 0 0 0 0 0 0 0.2 0 0.2 0 0.2 0 0 0 0 0 0.25 0 0 0.25 0 0 0 0.25 0 0 0.25 0 0 0 0 0 0 0 0.333333 0 0.333333 0 0 0.333333 0 0 0 
GTAAGCAA 0 0.166667 0.166667 0 0.166667 0 0 0 0.333333 0 0 0 0.166667 0 0 0 0.2 0.2 0 0 0 0 0 0 0.4 0 0 0 0 0 0.2 0 0.5 0 0 0 0 0 0 0 0 0 0.25 0 0 0.25 0 0 0.333333 0 0 0 0 0 0 0 0 0.333333 0 0 0.333333 0 0 0 
GTAATTAC 0 0 0 0.333333 0 0 0 0 0.166667 0 0 0 0.333333 0.166667 0 0 0.2 0 0 0.2 0 0 0 0 0.2 0 0 0 0 0.2 0 0.2 0.25 0.25 0 0 0 0 0 0 0 0 0 0.25 0 0 0 0.25 0 0.333333 0 0 0 0 0 0 0 0 0 0.333333 0.333333 0 0 0 
GTACGTAA 0 0 0.166667 0 0 0 0 0.166667 0.333333 0 0 0 0.166667 0.166667 0 0 0 0 0 0.2 0.2 0 0 0 0.2 0.2 0 0 0 0 0.2 0 0.25 0 0 0 0.25 0 0 0 0 0 0.25 0 0 0 0 0.25 0.333333 0 0 0 0 0 0 0 0 0 0 0.333333 0.333333 0 0 0 
GTGACTAA 0 0 0 0.166667 0.166667 0 0 0 0 0.166667 0.166667 0 0.333333 0 0 0 0.2 0 0 0 0.2 0 0 0 0.2 0 0 0.2 0 0.2 0 0 0.25 0 0 0 0 0 0 0 0.25 0.25 0 0 0 0 0 0.25 0 0 0 0 0 0 0 0 0.333333 0 0 0.333333 0.333333 0 0 0 
GTTACTAA 0 0 0 0.166667 0.166667 0 0 0 0 0 0 0.166667 0.333333 0.166667 0 0 0.2 0 0 0 0.2 0 0 0 0.2 0 0 0 0 0.2 0 0.2 0.25 0 0 0 0 0 0 0 0 0.25 0 0 0.25 0 0 0.25 0 0 0 0 0 0 0 0 0 0 0 0.333333 0.666667 0 0 0 
GTTAGTAA 0 0 0 0.166667 0 0 0 0 0.166667 0 0 0.166667 0.333333 0 0.166667 0 0.2 0 0 0 0 0 0 0 0.4 0 0 0 0 0 0.2 0.2 0.25 0 0 0 0 0 0 0 0 0 0.25 0 0.25 0 0 0.25 0 0 0 0 0 0 0 0 0 0 0 0.333333 0.666667 0 0 0 
GTTAGTCA 0 0 0 0.166667 0 0 0 0 0 0.166667 0 0.166667 0.333333 0 0.166667 0 0 0.2 0 0 0 0 0 0 0.4 0 0 0 0 0 0.2 0.2 0.25 0 0 0 0 0 0 0 0 0 0.25 0 0 0.25 0 0.25 0 0 0 0 0 0 0 0 0 0 0 0.333333 0.333333 0.333333 0 0 
TAACGTAA 0 0.166667 0.166667 0 0 0 0 0.166667 0.166667 0 0 0 0.333333 0 0 0 0 0 0.2 0.2 0.2 0 0 0 0.2 0 0 0 0 0.2 0 0 0.25 0 0 0.25 0.25 0 0 0 0 0 0 0 0 0 0.25 0 0.666667 0 0 0 0 0 0 0 0 0 0 0 0 0 0 0.333333 
TAGTAATA 0.166667 0 0 0.333333 0 0 0 0 0.166667 0 0 0 0.166667 0 0.166667 0 0.4 0 0 0 0 0 0 0 0.2 0 0 0 0 0 0 0.4 0.25 0 0 0 0 0 0 0 0 0 0 0.25 0.5 0 0 0 0 0 0 0.333333 0 0 0 0 0.333333 0 0 0 0.333333 0 0 0 
TATTACGA 0 0 0.166667 0.166667 0.166667 0 0 0 0 0 0 0 0.166667 0.166667 0 0.166667 0.4 0 0 0 0 0 0 0 0 0 0 0 0 0.2 0.2 0.2 0 0.25 0 0 0 0 0 0 0 0 0 0 0.5 0 0.25 0 0 0 0.333333 0 0 0 0 0 0 0 0 0 0.333333 0.333333 0 0 
TCACGTAA 0 0 0.166667 0 0 0.166667 0 0.166667 0.166667 0 0 0 0.333333 0 0 0 0 0 0 0.2 0.2 0 0.2 0 0.2 0 0 0 0 0.2 0 0 0.25 0 0 0 0.25 0 0 0.25 0 0 0 0 0 0 0.25 0 0.333333 0 0 0 0.333333 0 0 0 0 0 0 0 0 0 0 0.333333 
TGACGTAA 0 0 0.166667 0 0 0 0 0.166667 0.166667 0.166667 0 0 0.333333 0 0 0 0 0 0 0.2 0.2 0 0 0 0.2 0 0.2 0 0 0.2 0 0 0.25 0 0 0 0.25 0 0 0 0 0 0 0.25 0 0 0.25 0 0.333333 0 0 0 0 0 0 0 0.333333 0 0 0 0 0 0 0.333333 
TGACTAAA 0.166667 0 0 0.166667 0.166667 0 0 0 0 0.166667 0 0 0.333333 0 0 0 0.2 0 0 0 0.2 0 0 0 0 0 0 0.2 0.2 0.2 0 0 0.25 0 0 0 0.25 0 0 0 0.25 0 0 0 0 0 0 0.25 0.333333 0 0 0 0 0 0 0 0.333333 0 0 0 0.333333 0 0 0 
TTACATAA 0.333333 0 0 0 0 0 0 0.166667 0 0 0 0 0.333333 0.166667 0 0 0.2 0 0 0.2 0.2 0 0 0 0 0 0 0 0.2 0.2 0 0 0.25 0 0 0 0.25 0 0 0 0 0 0 0 0.25 0 0 0.25 0.333333 0 0 0 0 0 0 0 0 0 0 0 0.333333 0 0 0.333333 
TTACCTAA 0 0.166667 0 0 0.166667 0 0 0.166667 0 0 0 0 0.333333 0.166667 0 0 0 0 0 0.2 0.4 0 0 0 0 0 0 0 0 0.4 0 0 0.25 0 0 0 0.25 0 0 0 0 0 0 0 0 0.25 0 0.25 0.333333 0 0 0 0 0 0 0 0 0 0 0 0.333333 0 0 0.333333 
TTACGCAA 0 0 0.166667 0 0.166667 0.166667 0 0 0.166667 0 0 0 0.166667 0.166667 0 0 0 0.2 0 0 0.2 0 0 0 0.2 0 0 0 0 0.2 0.2 0 0.25 0 0 0 0.25 0 0 0 0 0 0 0 0 0.25 0.25 0 0.333333 0 0 0 0 0 0 0 0 0 0 0 0.333333 0.333333 0 0 
TTACGTAA 0 0 0.166667 0 0 0 0 0.166667 0.166667 0 0 0 0.333333 0.166667 0 0 0 0 0 0.2 0.2 0 0 0 0.2 0 0 0 0 0.2 0.2 0 0.25 0 0 0 0.25 0 0 0 0 0 0 0 0 0 0.25 0.25 0.333333 0 0 0 0 0 0 0 0 0 0 0 0.333333 0 0 0.333333 
TTACTAAA 0.166667 0 0 0.166667 0.166667 0 0 0 0 0 0 0 0.333333 0.166667 0 0 0.2 0 0 0 0.2 0 0 0 0 0 0 0 0.2 0.2 0 0.2 0.25 0 0 0 0.25 0 0 0 0 0 0 0 0.25 0 0 0.25 0.333333 0 0 0 0 0 0 0 0 0 0 0 0.666667 0 0 0 
TTAGCTAA 0 0.166667 0 0 0.166667 0 0 0 0 0 0 0.166667 0.333333 0 0.166667 0 0 0 0 0.2 0.2 0 0 0 0.2 0 0 0 0 0.2 0.2 0 0.25 0 0 0 0 0 0 0 0.25 0 0 0 0 0.25 0 0.25 0.333333 0 0 0 0 0 0 0 0 0 0 0 0.333333 0 0 0.333333 
TTAGTAAA 0.166667 0 0 0.166667 0 0 0 0 0.166667 0 0 0 0.333333 0 0.166667 0 0.2 0 0 0 0 0 0 0 0.2 0 0 0 0.2 0 0.2 0.2 0.25 0 0 0 0 0 0 0 0.25 0 0 0 0.25 0 0 0.25 0.333333 0 0 0 0 0 0 0 0 0 0 0 0.666667 0 0 0 
TTAGTCAA 0 0 0 0.166667 0.166667 0 0 0 0 0.166667 0 0 0.333333 0 0.166667 0 0 0.2 0 0 0 0 0 0 0.2 0 0 0 0.2 0 0.2 0.2 0.25 0 0 0 0 0 0 0 0.25 0 0 0 0 0.25 0 0.25 0.333333 0 0 0 0 0 0 0 0 0 0 0 0.333333 0.333333 0 0 
TTATATAA 0.333333 0 0 0 0 0 0 0 0 0 0 0 0.333333 0 0 0.333333 0.2 0 0 0.2 0 0 0 0 0 0 0 0 0.4 0 0 0.2 0.25 0 0 0 0 0 0 0 0 0 0 0 0.5 0 0 0.25 0.333333 0 0 0 0 0 0 0 0 0 0 0 0.333333 0 0 0.333333 
TTACATAA 0.333333 0 0 0 0 0 0 0.166667 0 0 0 0 0.333333 0.166667 0 0 0.2 0 0 0.2 0.2 0 0 0 0 0 0 0 0.2 0.2 0 0 0.25 0 0 0 0.25 0 0 0 0 0 0 0 0.25 0 0 0.25 0.333333 0 0 0 0 0 0 0 0 0 0 0 0.333333 0 0 0.333333 
TTACGTAA 0 0 0.166667 0 0 0 0 0.166667 0.166667 0 0 0 0.333333 0.166667 0 0 0 0 0 0.2 0.2 0 0 0 0.2 0 0 0 0 0.2 0.2 0 0.25 0 0 0 0.25 0 0 0 0 0 0 0 0 0 0.25 0.25 0.333333 0 0 0 0 0 0 0 0 0 0 0 0.333333 0 0 0.333333 
