0.481111177
0.460163909
0.473169053
0.468022315
0.459625732
0.461612273
0.466043355
0.464145016
0.487431086
0.458990854
0.482083188
0.462945167
0.476760294
0.457533685
0.464279269
0.485479557
0.479420897
0.450288709
0.471303992
0.480242417
0.486490397
0.469304113
0.475632099
0.470738724
0.453040654
0.455594333
0.484090053
0.462273588
0.459668315
0.475332527
0.469130642
0.456670701
0.464740758
0.481771843
0.487144783
0.480915301
0.474689164
0.471519306
0.471148552
0.476541559
0.467005016
0.460472887
0.456641508
0.45108717
0.45166602
0.4795865
0.450169337
0.46967645
0.453749683
0.455526894
0.454075702
0.460978259
0.464749156
0.455691988
0.479158706
0.471018158
0.491552817
0.466305196
0.466658174
0.473181872
0.461472752
0.458358211
0.45584846
0.493194622
0.468723132
0.479591945
0.470926818
0.485362431
0.491518317
0.470388923
0.450665678
0.499336196
0.484413198
0.480409952
0.466856619
0.465648164
0.499336228
0.462564886
0.474249602
0.481374438
0.473578024
0.467019597
0.488867327
0.475571372
0.495076965
0.474351986
0.475340488
0.459188261
0.46684819
0.468232203
0.462064152
0.454925564
0.487254668
0.453365459
0.464015518
0.451928283
0.473522605
0.472086876
0.475864796
0.467567381
0.456644162
0.468663418
0.474701457
0.485776704
0.46688718
0.46766181
0.469009042
0.481003702
0.470056686
0.451739079
0.49533189
0.495178529
0.464254604
0.454994255
0.454316933
0.462032304
0.461815566
0.459953031
0.470181417
0.467878443
0.476866041
0.46683599
0.452039744
0.490637241
0.490780548
0.462397694
0.495286774
0.493466862
0.454636139
0.469277642
0.48030716
0.479597253
0.471768232
0.457854955
0.457181191
0.456618485
0.487614324
0.461890972
0.467175977
0.464209645
0.481362844
0.469920904
0.463281305
0.454475972
0.480039491
0.450389862
0.457410965
0.46858474
0.474833604
0.45632773
0.464729486
0.454931398
0.454956541
0.459475813
0.457404269
0.46298154
0.484697734
0.48485717
0.461728926
0.492283029
0.499217116
0.452654048
0.461943887
0.498881089
0.46504982
0.478231304
0.453916011
0.488330828
0.464540103
0.4723244
0.486441983
0.456302441
0.462273815
0.460947291
0.485323622
0.459901108
0.461467041
0.476420012
0.469687802
0.464630541
0.466009575
0.458050699
0.491196763
0.451541887
0.491881893
0.490318317
0.465867566
0.473266559
0.450813272
0.480080386
0.464727791
0.473811269
0.463717251
0.459930455
0.468877004
0.458672974
0.489590297
0.450245906
0.48316434
0.462984602
0.466062547
0.46082617
0.482908561
0.47792545
0.464147392
0.452473779
0.471134562
0.483026759
0.457851508
0.457057759
0.468436635
0.479568219
0.460886682
0.475437256
0.463720824
0.467980348
0.45622553
0.460943548
0.458534295
0.459204788
0.458687018
0.451021123
0.451338992
0.478827768
0.482323729
0.477263216
0.482135846
0.478057608
0.472360638
0.479795738
0.452107405
0.455012344
0.465279436
0.467332745
0.452955547
0.485366294
0.466716381
0.454140536
0.459128012
0.45434039
0.463591213
0.467519857
0.456596476
0.469578551
0.460720331
0.489550006
0.460521215
0.466509862
0.46600296
0.45240582
0.488966355
0.46220273
0.4774987
0.456439915
0.481284444
0.491404011
0.474542232
0.450264752
0.499516873
0.483623162
0.478666603
0.462821472
0.475270323
0.499442906
0.456358871
0.480992321
0.486963996
0.467047813
0.484939168
0.473568592
0.492805526
0.470540328
0.476432263
0.472303137
0.457549422
0.451233359
0.456851728
0.485264624
0.466731645
0.475914961
0.45567748
0.462011735
0.480762911
0.460165112
0.452344571
0.470579809
0.46725889
0.470776152
0.453872601
0.461693142
0.454732117
0.484773161
0.466782205
0.464140763
0.494930443
0.49545018
0.451759874
0.475172325
0.452652818
0.4521221
0.473851347
0.46232808
0.451495797
0.454464181
0.492746539
0.489012366
0.469682017
0.453903383
0.495211414
0.49230908
0.456482048
0.454047687
0.469697934
0.471658372
0.483056846
0.46609522
0.461220626
0.480909327
0.456422542
0.475238703
0.451872168
0.451356256
0.462702961
0.45628137
0.465879074
0.478676556
0.452046311
0.464593647
0.465651164
0.472556463
0.452169105
0.464133745
0.459917307
0.452341229
0.460961265
0.460585281
0.46850836
0.485494952
0.481479294
0.49068061
0.499002162
0.456517472
0.455796009
0.499311858
0.460257961
0.471128919
0.47328463
0.486090551
0.455762987
0.47574518
0.488832784
0.461329704
0.465282264
0.48259926
0.465137503
0.468092215
0.453581575
0.477029149
0.454549072
0.47691102
0.472211612
0.477374485
0.490030309
0.457822664
0.493783952
0.469683776
0.494028196
0.466535611
0.451896765
0.470375826
0.45597003
0.461770754
0.453020395
0.453459981
0.460906557
0.462569922
0.451641885
0.457849077
0.469550107
0.483446626
0.487570733
0.455123503
0.460027815
0.461443363
0.471843581
0.455617028
0.477280599
0.488224722
0.46550479
0.461594411
0.472785796
0.457335169
0.489435348
0.455791611
0.472235544
0.497649993
0.497071957
0.494623171
0.460179856
0.467980815
0.473790072
0.466870504
0.463358008
0.455605111
0.46474481
0.485921055
0.451134771
0.451664955
0.461233793
0.47247
0.487898262
0.458076282
0.467263844
0.458881078
0.494988731
0.451110791
0.452597531
0.462730271
0.462615086
0.487402892
0.496778416
0.454775692
0.496025399
0.48972309
0.463491378
0.472706808
0.454547392
0.451531872
0.454548019
0.468729195
0.46815089
0.480292325
0.46329779
0.475769681
0.462352716
0.455463904
0.484425996
0.485350538
0.47199144
0.458796918
0.457199761
0.457880406
0.46432168
0.45897135
0.465904186
0.491631498
0.488080014
0.456813284
0.498631151
0.482388486
0.460644264
0.470932398
0.452392371
0.462621638
0.488751412
0.489256783
