0.477793576
0.456412375
0.450013214
0.495605526
0.487194729
0.47541581
0.477470942
0.457806682
0.474476627
0.495926045
0.495414559
0.493182047
0.494870049
0.486384249
0.496842771
0.458260311
0.452950735
0.459917998
0.455363289
0.464269549
0.48129748
0.489088322
0.481818489
0.484567329
0.469386292
0.488481575
0.476791653
0.454984058
0.455170071
0.475076482
0.474454135
0.473212674
0.492308106
0.466862914
0.484001625
0.461274151
0.478711935
0.453486396
0.48870142
0.465804204
0.48284466
0.46403513
0.475852107
0.471150731
0.497960874
0.4683671
0.474910629
0.470267686
0.450693158
0.451862712
0.466445199
0.45113784
0.463028127
0.490708876
0.485383611
0.461821156
0.45226184
0.46586566
0.48141952
0.471954655
0.450555398
0.45461498
0.468727761
0.492622458
0.498438645
0.495330806
0.496071907
0.495605912
0.496981213
0.493494355
0.494888578
0.491553283
0.493342999
0.496638307
0.46230537
0.469875538
0.459485371
0.493738648
0.459025056
0.457098354
0.454991082
0.496249374
0.496238128
0.492600024
0.474645265
0.457292812
0.462772233
0.451073174
0.492080204
0.468057828
0.473058954
0.470788325
0.450639412
0.486708765
0.477065609
0.457205243
0.463240918
0.46599436
0.470250848
0.471912482
0.480886992
0.480097085
0.470687833
0.463310851
0.462734497
0.473999904
0.455829639
0.451948866
0.486439017
0.467750098
0.485428363
0.452802285
0.455116358
0.482226146
0.462153364
0.455884573
0.494606953
0.494845251
0.470461715
0.457267817
0.467426632
0.48262818
0.463483415
0.472378889
0.459153802
0.477089507
0.468143698
0.469351147
0.458515382
0.456440208
0.468414428
0.482051837
0.468239223
0.467353686
0.45512397
0.465854886
0.472068455
0.498501027
0.472779609
0.468142116
0.468103598
0.462225209
0.494164031
0.459284573
0.484205244
0.477762659
0.474852236
0.456956268
0.471929657
0.494042867
0.497320864
0.492454846
0.492577509
0.482109841
0.452331688
0.496024085
0.458317403
0.460657109
0.465183115
0.46269028
0.474835723
0.483306515
0.488739133
0.480164453
0.482982716
0.474897237
0.485216108
0.475412491
0.453512432
0.458831401
0.454000191
0.459570615
0.469583245
0.474168248
0.450723171
0.497496058
0.473946166
0.475880245
0.474497653
0.468511526
0.460178636
0.486872501
0.463518519
0.480807936
0.450601943
0.478144995
0.481180569
0.497084548
0.476717326
0.475530491
0.465406994
0.45890927
0.471995221
0.461058272
0.473170286
0.495077658
0.478897562
0.453322584
0.457733278
0.45052668
0.481467321
0.465033117
0.463798959
0.463848
0.478849381
0.492884953
0.494827595
0.494095264
0.49651135
0.497095308
0.496275213
0.494920233
0.495344719
0.493372479
0.493908216
0.495133649
0.454532932
0.456912849
0.486041922
0.470405501
0.492063252
0.451385238
0.495188938
0.497506501
0.491992309
0.471625562
0.468420801
0.482660733
0.4682367
0.458655281
0.475410375
0.45411686
0.478665085
0.463044949
0.467204061
0.45450763
0.486651973
0.479158702
0.467725069
0.461727035
0.478442993
0.461997387
0.486019432
0.477326909
0.455555556
0.464635603
0.481755856
0.450028678
0.463686507
0.476299107
0.465019608
0.457269246
0.473776026
0.487905389
0.46075823
0.460791967
0.450959776
0.477923958
0.461388889
0.451999437
0.456950618
0.495974658
0.497474205
0.474598355
0.468515532
0.469617558
0.483314966
0.451547207
0.466256186
0.472861058
0.467096607
0.451529974
0.460953109
0.482773636
0.473568208
0.467615433
0.466994307
0.476310507
0.495227403
0.454201299
0.464750861
0.476998564
0.47846764
0.481434967
0.454562477
0.494903275
0.464730098
0.465876102
0.475926812
0.47869597
0.471430443
0.453858543
0.476281925
0.483246488
0.477338866
0.459800746
0.46059607
0.462890272
0.476046453
0.459807989
0.462762932
0.48953341
0.496438095
0.496910843
0.495544045
0.468038934
0.463032209
0.451474108
0.462766333
0.497305994
0.477935897
0.458882917
0.46830602
0.450273922
0.478816208
0.450111227
0.456128742
0.451133263
0.463489426
0.471325747
0.460371984
0.459868217
0.463813251
0.467994819
0.469653366
0.463674805
0.472875473
0.477841604
0.466235062
0.464138489
0.464537685
0.454169991
0.450726326
0.453833201
0.4546964
0.467357179
0.460565927
0.475590389
0.474027656
0.463774129
0.458217648
0.489071608
0.468394345
0.473278017
0.468292044
0.463062524
0.459671106
0.451588004
0.461558715
0.47790105
0.482862614
0.450306115
0.455257964
0.46402898
0.496897587
0.450016223
0.490137047
0.476392874
0.482115313
0.495845966
0.454850478
0.4635137
0.473549406
0.461887196
0.45306142
0.455286953
0.463595938
0.461180413
0.451486249
0.487942444
0.494577416
0.487941274
0.497217701
0.497397205
0.4973213
0.49530876
0.497795174
0.498020443
0.495819371
0.495606617
0.462026112
0.481080794
0.460872549
0.4532844
0.479061189
0.451456369
0.478049389
0.455267085
0.476833835
0.459250217
0.472876684
0.454306874
0.492940951
0.498566722
0.498830353
0.479235147
0.466539226
0.458693999
0.472210177
0.464625915
0.476481852
0.457321419
0.461686288
0.463623514
0.469268723
0.450997601
0.46319376
0.482907006
0.455176977
0.464613949
0.479806925
0.49075847
0.498734594
0.458229381
0.488916934
0.477139351
0.476742484
0.47743944
0.496521083
0.471098988
0.46788322
0.482165476
0.476078225
0.47943044
0.457797024
0.471446747
0.482837273
0.47523442
0.453225189
0.482894507
0.452263847
0.475668935
0.488943496
0.497615288
0.496537971
0.494935907
0.460080616
0.451141312
0.457957459
0.49791557
0.482690232
0.454658075
0.469514092
0.465553269
0.474593528
0.457407496
0.459443939
0.460783227
0.458478049
0.459068385
0.476026414
0.476313523
0.477116364
0.469566466
0.485577004
0.478312651
0.481419556
0.461237495
0.483382248
0.470264206
0.477043653
0.481181081
0.477708124
0.466779417
0.466306936
0.46053938
0.472626301
0.469213275
0.479800397
0.475226231
0.476521817
0.476520126
0.471523757
0.450795398
0.473998043
0.458652374
0.452574406
0.456481747
0.454585148
0.46456067
0.456448803
0.479200561
0.455575228
0.456630619
0.498293461
0.492839566
0.484374252
0.477236775
0.495846093
0.453900879
0.458692065
0.463126226
0.461562156
0.469960537
0.451998829
0.454221911
0.455097767
0.457101688
0.468081543
0.486942803
0.49336162
0.487257165
0.497058683
0.497838709
0.497767977
0.495665427
0.495595061
0.498205656
0.493281412
0.496478695
0.46480482
0.480776082
0.451579552
0.461082682
0.473988504
0.463731245
0.474965706
0.453620667
0.459779433
0.452189698
0.481467415
0.450446194
0.463803948
0.45334705
0.492061313
0.499000749
0.4974829
0.480527267
0.455272169
0.468828593
0.459831144
0.469136984
0.4582024
0.472030747
0.476796244
0.455410371
0.461675622
0.458351278
0.45406259
0.470931624
0.454076664
0.468283671
0.456015346
0.457337757
0.456660643
0.478586702
0.450013824
0.471463946
0.492779399
0.499133107
0.484301158
0.459604186
0.472754262
0.47478831
0.488695784
0.46381972
0.492241393
0.461522939
0.456956268
0.472679839
0.482075185
0.477940622
0.459215536
0.450389083
0.483598592
0.463793336
0.498630093
0.47915425
0.480762797
0.472989081
0.478917406
0.496864163
0.48592265
0.479061477
0.459183673
0.468268917
0.451508363
0.478836178
0.49103197
0.450914795
0.471070492
0.454433344
0.465595376
0.479506869
0.4669773
0.486367981
0.472114768
0.47835022
0.451660051
0.499277457
0.484056275
0.452300764
0.451589595
0.488045187
0.45660232
0.457143388
0.492004432
0.456546338
0.482527581
0.469510155
0.464505546
0.465000212
0.463785112
0.453131873
0.496273964
0.478949885
0.455605491
0.459408193
0.481148707
0.489037906
0.457349144
0.470586829
0.490039886
0.478248975
0.484329286
0.456073525
0.483225367
0.473336521
0.482671005
0.497498647
0.459313444
0.482522683
0.458711597
0.466862158
0.47470359
0.456222275
0.486198763
0.467373696
0.456871205
0.480921871
0.466787786
0.46281422
0.457546493
0.497439371
0.494358656
0.453600927
0.473956673
0.470797747
0.462461754
0.4872437
0.475005378
0.454537401
0.481536791
0.481787092
0.455578617
0.469081202
0.466046416
0.494015459
0.479435951
0.4769773
0.46001052
0.473086907
0.451427069
0.470231064
0.479914054
0.477822711
0.457415021
0.46382727
0.465714398
0.484152788
0.464945414
0.45138971
0.451061951
0.480612001
0.491882487
0.454814633
0.456124205
0.462506574
0.466067976
0.45619662
0.451145853
0.490758552
0.483593418
0.461057916
0.474575551
0.456581369
0.475392007
0.498886446
0.469427984
0.466884344
