AACGCAAA 0.166667 0.166667 0.166667 0 0.166667 0.166667 0 0 0.166667 0 0 0 0 0 0 0 0 0.2 0.2 0 0.4 0 0 0 0.2 0 0 0 0 0 0 0 0.25 0.25 0 0 0.25 0 0 0 0.25 0 0 0 0 0 0 0 0.666667 0 0 0 0.333333 0 0 0 0 0 0 0 0 0 0 0 
AACGCAAT 0 0.166667 0.166667 0.166667 0.166667 0.166667 0 0 0.166667 0 0 0 0 0 0 0 0 0.2 0.2 0 0.2 0 0 0.2 0.2 0 0 0 0 0 0 0 0.25 0.25 0 0 0.25 0 0 0 0 0 0 0.25 0 0 0 0 0.666667 0 0 0 0 0 0 0.333333 0 0 0 0 0 0 0 0 
AAGACGCA 0.166667 0 0.333333 0 0 0.166667 0 0 0.166667 0.166667 0 0 0 0 0 0 0.2 0.4 0 0 0.2 0 0 0 0 0 0.2 0 0 0 0 0 0.25 0.25 0.25 0 0 0 0 0 0 0.25 0 0 0 0 0 0 0 0.333333 0.333333 0 0 0 0 0 0.333333 0 0 0 0 0 0 0 
AATGCGTC 0 0 0.166667 0.166667 0 0 0 0.166667 0 0.166667 0.166667 0 0 0.166667 0 0 0 0.2 0.2 0 0 0.2 0 0 0 0 0 0.2 0 0 0.2 0 0 0.25 0.25 0 0 0 0 0 0 0.25 0 0 0 0 0 0.25 0 0 0.333333 0.333333 0 0 0 0 0 0 0 0 0 0.333333 0 0 
AATTGCGT 0 0 0 0.333333 0 0 0 0.166667 0 0 0.166667 0 0 0.166667 0.166667 0 0 0 0.2 0.2 0 0 0 0 0 0 0 0.2 0 0.2 0.2 0 0 0.25 0.25 0 0 0 0 0 0 0 0 0 0 0 0.25 0.25 0 0.333333 0.333333 0 0 0 0 0 0 0 0 0 0 0 0 0.333333 
ACACGCAA 0.166667 0 0.166667 0 0.166667 0.333333 0 0 0.166667 0 0 0 0 0 0 0 0 0.4 0 0 0.2 0 0.2 0 0.2 0 0 0 0 0 0 0 0.25 0 0.25 0 0.25 0.25 0 0 0 0 0 0 0 0 0 0 0.333333 0.333333 0 0 0.333333 0 0 0 0 0 0 0 0 0 0 0 
ACCACGCA 0 0.166667 0.166667 0 0.166667 0.333333 0 0 0.166667 0 0 0 0 0 0 0 0.2 0.2 0 0 0.2 0.2 0.2 0 0 0 0 0 0 0 0 0 0.25 0.25 0 0 0 0.25 0.25 0 0 0 0 0 0 0 0 0 0 0 0.333333 0 0.333333 0.333333 0 0 0 0 0 0 0 0 0 0 
ACCGCGTC 0 0.166667 0 0 0 0.166667 0.166667 0.166667 0 0.166667 0.166667 0 0 0 0 0 0 0 0.2 0 0 0.4 0.2 0 0 0 0 0.2 0 0 0 0 0 0.25 0 0 0 0 0.25 0.25 0 0.25 0 0 0 0 0 0 0 0 0.333333 0 0 0.333333 0 0.333333 0 0 0 0 0 0 0 0 
ACGACGCA 0 0 0.333333 0 0.166667 0.166667 0 0 0.166667 0.166667 0 0 0 0 0 0 0.2 0.2 0 0 0.2 0.2 0 0 0 0 0.2 0 0 0 0 0 0.25 0.25 0 0 0 0 0.25 0 0 0.25 0 0 0 0 0 0 0 0 0.333333 0 0 0.333333 0 0 0.333333 0 0 0 0 0 0 0 
ACGCAAAA 0.333333 0 0.166667 0 0.166667 0.166667 0 0 0.166667 0 0 0 0 0 0 0 0.2 0.2 0 0 0.4 0 0 0 0.2 0 0 0 0 0 0 0 0.25 0 0 0 0.5 0 0 0 0.25 0 0 0 0 0 0 0 0.333333 0 0 0 0.333333 0 0 0 0.333333 0 0 0 0 0 0 0 
ACGCAAAC 0.166667 0.166667 0.166667 0 0.166667 0.166667 0 0 0.166667 0 0 0 0 0 0 0 0 0.4 0 0 0.4 0 0 0 0.2 0 0 0 0 0 0 0 0.25 0 0 0 0.25 0.25 0 0 0.25 0 0 0 0 0 0 0 0.333333 0 0 0 0.333333 0 0 0 0 0.333333 0 0 0 0 0 0 
ACGCAAAG 0.166667 0 0.333333 0 0.166667 0.166667 0 0 0.166667 0 0 0 0 0 0 0 0 0.2 0.2 0 0.4 0 0 0 0.2 0 0 0 0 0 0 0 0.25 0 0 0 0.25 0 0.25 0 0.25 0 0 0 0 0 0 0 0.333333 0 0 0 0.333333 0 0 0 0 0 0.333333 0 0 0 0 0 
ACGCAAAT 0.166667 0 0.166667 0.166667 0.166667 0.166667 0 0 0.166667 0 0 0 0 0 0 0 0 0.2 0 0.2 0.4 0 0 0 0.2 0 0 0 0 0 0 0 0.25 0 0 0 0.25 0 0 0.25 0.25 0 0 0 0 0 0 0 0.333333 0 0 0 0.333333 0 0 0 0 0 0 0.333333 0 0 0 0 
ACGCAACA 0.166667 0.166667 0.166667 0 0.166667 0.166667 0 0 0.166667 0 0 0 0 0 0 0 0.2 0.2 0 0 0.2 0.2 0 0 0.2 0 0 0 0 0 0 0 0.25 0 0 0 0.5 0 0 0 0 0.25 0 0 0 0 0 0 0.333333 0 0 0 0 0.333333 0 0 0.333333 0 0 0 0 0 0 0 
ACGCAACT 0 0.166667 0.166667 0.166667 0.166667 0.166667 0 0 0.166667 0 0 0 0 0 0 0 0 0.2 0 0.2 0.2 0.2 0 0 0.2 0 0 0 0 0 0 0 0.25 0 0 0 0.25 0 0 0.25 0 0.25 0 0 0 0 0 0 0.333333 0 0 0 0 0.333333 0 0 0 0 0 0.333333 0 0 0 0 
ACGCAATA 0.166667 0 0.166667 0.166667 0.166667 0.166667 0 0 0.166667 0 0 0 0 0 0 0 0.2 0.2 0 0 0.2 0 0 0.2 0.2 0 0 0 0 0 0 0 0.25 0 0 0 0.5 0 0 0 0 0 0 0.25 0 0 0 0 0.333333 0 0 0 0 0 0 0.333333 0.333333 0 0 0 0 0 0 0 
ACGCAATG 0 0 0.333333 0.166667 0.166667 0.166667 0 0 0.166667 0 0 0 0 0 0 0 0 0.2 0.2 0 0.2 0 0 0.2 0.2 0 0 0 0 0 0 0 0.25 0 0 0 0.25 0 0.25 0 0 0 0 0.25 0 0 0 0 0.333333 0 0 0 0 0 0 0.333333 0 0 0.333333 0 0 0 0 0 
ACGCACAA 0.166667 0 0.166667 0 0.166667 0.333333 0 0 0.166667 0 0 0 0 0 0 0 0.2 0.2 0 0 0.4 0 0 0 0 0.2 0 0 0 0 0 0 0.25 0 0 0 0.25 0.25 0 0 0.25 0 0 0 0 0 0 0 0 0.333333 0 0 0.333333 0 0 0 0.333333 0 0 0 0 0 0 0 
ACGCACAC 0.166667 0 0.166667 0 0 0.5 0 0 0.166667 0 0 0 0 0 0 0 0 0.4 0 0 0.4 0 0 0 0 0.2 0 0 0 0 0 0 0.25 0 0 0 0 0.5 0 0 0.25 0 0 0 0 0 0 0 0 0.333333 0 0 0.333333 0 0 0 0 0.333333 0 0 0 0 0 0 
ACGCACTA 0 0 0.166667 0.166667 0.166667 0.333333 0 0 0.166667 0 0 0 0 0 0 0 0.2 0.2 0 0 0.2 0 0 0.2 0 0.2 0 0 0 0 0 0 0.25 0 0 0 0.25 0.25 0 0 0 0 0 0.25 0 0 0 0 0 0.333333 0 0 0 0 0 0.333333 0.333333 0 0 0 0 0 0 0 
ACGCACTC 0 0 0.166667 0.166667 0 0.5 0 0 0.166667 0 0 0 0 0 0 0 0 0.4 0 0 0.2 0 0 0.2 0 0.2 0 0 0 0 0 0 0.25 0 0 0 0 0.5 0 0 0 0 0 0.25 0 0 0 0 0 0.333333 0 0 0 0 0 0.333333 0 0.333333 0 0 0 0 0 0 
ACGCACTG 0 0 0.166667 0.166667 0 0.333333 0.166667 0 0.166667 0 0 0 0 0 0 0 0 0.2 0.2 0 0.2 0 0 0.2 0 0.2 0 0 0 0 0 0 0.25 0 0 0 0 0.25 0.25 0 0 0 0 0.25 0 0 0 0 0 0.333333 0 0 0 0 0 0.333333 0 0 0.333333 0 0 0 0 0 
ACGCGCGT 0 0 0.166667 0 0 0.333333 0 0.166667 0 0 0.333333 0 0 0 0 0 0 0.2 0 0 0 0 0.4 0 0 0.2 0 0.2 0 0 0 0 0 0 0.25 0 0 0.25 0 0.25 0 0 0.25 0 0 0 0 0 0 0.333333 0 0 0 0 0.333333 0 0 0 0 0.333333 0 0 0 0 
ACTGCGTC 0 0 0 0.166667 0 0 0.166667 0.166667 0 0.166667 0.166667 0 0 0.166667 0 0 0 0 0.2 0 0 0.4 0 0 0 0 0 0.2 0 0 0.2 0 0 0.25 0 0 0 0 0.25 0 0 0.25 0 0 0 0 0 0.25 0 0 0.333333 0 0 0 0 0.333333 0 0 0 0 0 0.333333 0 0 
AGACGCAA 0.166667 0 0.166667 0 0.166667 0.166667 0 0 0.166667 0.166667 0 0 0 0 0 0 0 0.4 0 0 0.2 0 0 0 0.2 0 0.2 0 0 0 0 0 0.25 0 0.25 0 0.25 0 0 0 0 0.25 0 0 0 0 0 0 0.333333 0.333333 0 0 0 0 0 0 0.333333 0 0 0 0 0 0 0 
AGACGCAC 0.166667 0 0.166667 0 0 0.333333 0 0 0.166667 0.166667 0 0 0 0 0 0 0 0.4 0 0 0.2 0 0 0 0 0.2 0.2 0 0 0 0 0 0.25 0 0.25 0 0 0.25 0 0 0 0.25 0 0 0 0 0 0 0 0.666667 0 0 0 0 0 0 0.333333 0 0 0 0 0 0 0 
AGACGCAG 0.166667 0 0.166667 0 0 0.166667 0.166667 0 0.166667 0.166667 0 0 0 0 0 0 0 0.4 0 0 0.2 0 0 0 0 0 0.4 0 0 0 0 0 0.25 0 0.25 0 0 0 0.25 0 0 0.25 0 0 0 0 0 0 0 0.333333 0.333333 0 0 0 0 0 0.333333 0 0 0 0 0 0 0 
AGACGCAT 0.166667 0 0.166667 0 0 0.166667 0 0.166667 0.166667 0.166667 0 0 0 0 0 0 0 0.4 0 0 0.2 0 0 0 0 0 0.2 0.2 0 0 0 0 0.25 0 0.25 0 0 0 0 0.25 0 0.25 0 0 0 0 0 0 0 0.333333 0 0.333333 0 0 0 0 0.333333 0 0 0 0 0 0 0 
AGACGCGC 0.166667 0 0.166667 0 0 0.333333 0 0 0 0.166667 0.166667 0 0 0 0 0 0 0.4 0 0 0 0 0.2 0 0 0.2 0.2 0 0 0 0 0 0 0 0.5 0 0 0.25 0 0 0 0.25 0 0 0 0 0 0 0 0.666667 0 0 0 0 0 0 0 0 0.333333 0 0 0 0 0 
AGACGCGG 0.166667 0 0.166667 0 0 0.166667 0.166667 0 0 0.166667 0.166667 0 0 0 0 0 0 0.4 0 0 0 0 0.2 0 0 0 0.4 0 0 0 0 0 0 0 0.5 0 0 0 0.25 0 0 0.25 0 0 0 0 0 0 0 0.333333 0.333333 0 0 0 0 0 0 0 0.333333 0 0 0 0 0 
AGGACGCA 0 0 0.333333 0 0 0.166667 0 0 0.333333 0.166667 0 0 0 0 0 0 0.2 0.2 0 0 0.2 0 0 0 0 0.2 0.2 0 0 0 0 0 0.25 0.25 0 0 0 0 0 0 0 0.25 0.25 0 0 0 0 0 0 0 0.333333 0 0 0 0 0 0.333333 0.333333 0 0 0 0 0 0 
AGGGACGC 0 0 0.333333 0 0 0.166667 0 0 0.166667 0.166667 0.166667 0 0 0 0 0 0 0.2 0.2 0 0 0 0 0 0.2 0.2 0.2 0 0 0 0 0 0.25 0 0 0 0 0 0 0 0 0.5 0.25 0 0 0 0 0 0 0.333333 0 0 0 0 0 0 0 0.333333 0.333333 0 0 0 0 0 
AGTGCGTC 0 0 0 0.166667 0 0 0 0.166667 0 0.166667 0.333333 0 0 0.166667 0 0 0 0 0.2 0 0 0.2 0 0 0 0.2 0 0.2 0 0 0.2 0 0 0.25 0 0 0 0 0 0 0 0.25 0.25 0 0 0 0 0.25 0 0 0.333333 0 0 0 0 0 0 0 0 0.333333 0 0.333333 0 0 
AGTGCGTG 0 0 0 0.166667 0 0 0 0.166667 0 0 0.5 0 0 0.166667 0 0 0 0 0.2 0 0 0 0.2 0 0 0.2 0 0.2 0 0 0.2 0 0 0.25 0 0 0 0 0 0 0 0 0.5 0 0 0 0 0.25 0 0 0.333333 0 0 0 0 0 0 0 0 0.333333 0 0 0.333333 0 
ATGACGCA 0 0 0.333333 0 0 0.166667 0 0 0.166667 0.166667 0 0 0.166667 0 0 0 0.2 0.2 0 0 0.2 0 0 0 0 0 0.2 0 0 0.2 0 0 0.25 0.25 0 0 0 0 0 0 0 0.25 0 0 0 0 0.25 0 0 0 0.333333 0 0 0 0 0 0.333333 0 0 0 0 0.333333 0 0 
ATGACGCG 0 0 0.333333 0 0 0.166667 0 0 0 0.166667 0.166667 0 0.166667 0 0 0 0.2 0.2 0 0 0 0 0.2 0 0 0 0.2 0 0 0.2 0 0 0 0.25 0.25 0 0 0 0 0 0 0.25 0 0 0 0 0.25 0 0 0 0.333333 0 0 0 0 0 0 0 0.333333 0 0 0.333333 0 0 
ATGCGTCA 0 0 0.166667 0 0 0 0 0.166667 0 0.166667 0.166667 0 0.166667 0.166667 0 0 0 0.2 0 0 0 0.2 0 0 0.2 0 0 0.2 0 0 0.2 0 0 0 0.25 0 0.25 0 0 0 0 0.25 0 0 0 0 0 0.25 0 0 0 0.333333 0 0 0 0 0.333333 0 0 0 0 0.333333 0 0 
ATGCGTCC 0 0 0.166667 0 0 0 0 0.166667 0 0.166667 0.166667 0 0 0.333333 0 0 0 0.2 0 0 0 0.2 0 0 0 0.2 0 0.2 0 0 0.2 0 0 0 0.25 0 0 0.25 0 0 0 0.25 0 0 0 0 0 0.25 0 0 0 0.333333 0 0 0 0 0 0.333333 0 0 0 0.333333 0 0 
ATGCGTCG 0 0 0.166667 0 0 0 0 0.166667 0 0.166667 0.166667 0 0 0.166667 0.166667 0 0 0.2 0 0 0 0.2 0 0 0 0 0.2 0.2 0 0 0.2 0 0 0 0.25 0 0 0 0.25 0 0 0.25 0 0 0 0 0 0.25 0 0 0 0.333333 0 0 0 0 0 0 0.333333 0 0 0.333333 0 0 
ATTGCGTC 0 0 0 0.166667 0 0 0 0.166667 0 0.166667 0.166667 0 0 0.166667 0.166667 0 0 0 0.2 0 0 0.2 0 0 0 0 0 0.2 0 0.2 0.2 0 0 0.25 0 0 0 0 0 0 0 0.25 0 0 0 0 0.25 0.25 0 0 0.333333 0 0 0 0 0 0 0 0 0 0 0.333333 0 0.333333 
ATTGCGTG 0 0 0 0.166667 0 0 0 0.166667 0 0 0.333333 0 0 0.166667 0.166667 0 0 0 0.2 0 0 0 0.2 0 0 0 0 0.2 0 0.2 0.2 0 0 0.25 0 0 0 0 0 0 0 0 0.25 0 0 0 0.25 0.25 0 0 0.333333 0 0 0 0 0 0 0 0 0 0 0 0.333333 0.333333 
CACGCAAA 0.166667 0 0.166667 0 0.166667 0.333333 0 0 0.166667 0 0 0 0 0 0 0 0 0.2 0 0 0.4 0 0.2 0 0.2 0 0 0 0 0 0 0 0.25 0 0 0 0.25 0.25 0 0 0.25 0 0 0 0 0 0 0 0.333333 0 0 0 0.666667 0 0 0 0 0 0 0 0 0 0 0 
CACGCAAC 0 0.166667 0.166667 0 0.166667 0.333333 0 0 0.166667 0 0 0 0 0 0 0 0 0.2 0 0 0.2 0.2 0.2 0 0.2 0 0 0 0 0 0 0 0.25 0 0 0 0.25 0.25 0 0 0 0.25 0 0 0 0 0 0 0.333333 0 0 0 0.333333 0.333333 0 0 0 0 0 0 0 0 0 0 
CACGCACA 0.166667 0 0.166667 0 0 0.5 0 0 0.166667 0 0 0 0 0 0 0 0 0.2 0 0 0.4 0 0.2 0 0 0.2 0 0 0 0 0 0 0.25 0 0 0 0 0.5 0 0 0.25 0 0 0 0 0 0 0 0 0.333333 0 0 0.666667 0 0 0 0 0 0 0 0 0 0 0 
CAGACGCA 0.166667 0 0.166667 0 0 0.166667 0.166667 0 0.166667 0.166667 0 0 0 0 0 0 0 0.4 0 0 0.4 0 0 0 0 0 0.2 0 0 0 0 0 0.25 0 0.25 0 0 0.25 0 0 0 0.25 0 0 0 0 0 0 0 0.333333 0 0 0 0 0.333333 0 0.333333 0 0 0 0 0 0 0 
CCACGCAC 0 0 0.166667 0 0.166667 0.5 0 0 0.166667 0 0 0 0 0 0 0 0 0.2 0 0 0.2 0.2 0.2 0 0 0.2 0 0 0 0 0 0 0.25 0 0 0 0 0.5 0.25 0 0 0 0 0 0 0 0 0 0 0.333333 0 0 0.333333 0.333333 0 0 0 0 0 0 0 0 0 0 
CCGCGTCC 0 0 0 0 0 0.166667 0.166667 0.166667 0 0.166667 0.166667 0 0 0.166667 0 0 0 0 0 0 0 0.4 0.2 0 0 0.2 0 0.2 0 0 0 0 0 0 0 0 0 0.25 0.25 0.25 0 0.25 0 0 0 0 0 0 0 0 0 0 0 0.333333 0 0.333333 0 0.333333 0 0 0 0 0 0 
CGACGCAA 0 0 0.166667 0 0.333333 0.166667 0 0 0.166667 0.166667 0 0 0 0 0 0 0 0.2 0 0 0.2 0.2 0 0 0.2 0 0.2 0 0 0 0 0 0.25 0 0 0 0.25 0 0.25 0 0 0.25 0 0 0 0 0 0 0.333333 0 0 0 0 0.333333 0 0 0.333333 0 0 0 0 0 0 0 
CGACGCAC 0 0 0.166667 0 0.166667 0.333333 0 0 0.166667 0.166667 0 0 0 0 0 0 0 0.2 0 0 0.2 0.2 0 0 0 0.2 0.2 0 0 0 0 0 0.25 0 0 0 0 0.25 0.25 0 0 0.25 0 0 0 0 0 0 0 0.333333 0 0 0 0.333333 0 0 0.333333 0 0 0 0 0 0 0 
CGACGCGC 0 0 0.166667 0 0.166667 0.333333 0 0 0 0.166667 0.166667 0 0 0 0 0 0 0.2 0 0 0 0.2 0.2 0 0 0.2 0.2 0 0 0 0 0 0 0 0.25 0 0 0.25 0.25 0 0 0.25 0 0 0 0 0 0 0 0.333333 0 0 0 0.333333 0 0 0 0 0.333333 0 0 0 0 0 
CGCACAAA 0.333333 0 0 0 0.166667 0.333333 0 0 0.166667 0 0 0 0 0 0 0 0.2 0 0 0 0.6 0 0 0 0 0.2 0 0 0 0 0 0 0.25 0 0 0 0.25 0.25 0 0 0.25 0 0 0 0 0 0 0 0 0 0 0 0.666667 0 0 0 0.333333 0 0 0 0 0 0 0 
CGCGCGTC 0 0 0 0 0 0.333333 0 0.166667 0 0.166667 0.333333 0 0 0 0 0 0 0 0 0 0 0.2 0.4 0 0 0.2 0 0.2 0 0 0 0 0 0 0 0 0 0.25 0 0.25 0 0.25 0.25 0 0 0 0 0 0 0 0 0 0 0.333333 0.333333 0 0 0 0 0.333333 0 0 0 0 
CGCGTCTA 0 0 0 0 0.166667 0.166667 0 0.166667 0 0.166667 0.166667 0 0 0 0 0.166667 0 0 0 0 0 0.2 0.2 0 0 0 0 0.4 0.2 0 0 0 0 0 0 0 0 0 0 0.5 0.25 0.25 0 0 0 0 0 0 0 0 0 0 0.333333 0.333333 0 0 0 0 0 0.333333 0 0 0 0 
CGCGTCTC 0 0 0 0 0 0.333333 0 0.166667 0 0.166667 0.166667 0 0 0 0 0.166667 0 0 0 0 0 0.2 0.2 0 0 0 0 0.4 0 0.2 0 0 0 0 0 0 0 0 0 0.5 0 0.5 0 0 0 0 0 0 0 0 0 0 0 0.666667 0 0 0 0 0 0.333333 0 0 0 0 
CGTGCGTC 0 0 0 0 0 0 0 0.333333 0 0.166667 0.333333 0 0 0.166667 0 0 0 0 0 0 0 0.2 0.2 0 0 0.2 0 0.2 0 0 0.2 0 0 0 0 0 0 0.25 0 0 0 0.25 0.25 0 0 0 0 0.25 0 0 0 0 0 0 0.333333 0 0 0 0 0.333333 0 0.333333 0 0 
CTTGCGTC 0 0 0 0 0 0 0 0.333333 0 0.166667 0.166667 0 0 0.166667 0.166667 0 0 0 0 0 0 0.2 0.2 0 0 0 0 0.2 0 0.2 0.2 0 0 0 0 0 0 0.25 0 0 0 0.25 0 0 0 0 0.25 0.25 0 0 0 0 0 0 0.333333 0 0 0 0 0 0 0.333333 0 0.333333 
GAACGCAA 0 0.166667 0.166667 0 0.166667 0.166667 0 0 0.333333 0 0 0 0 0 0 0 0 0.2 0.2 0 0.2 0 0 0 0.2 0.2 0 0 0 0 0 0 0.25 0.25 0 0 0.25 0 0 0 0 0 0.25 0 0 0 0 0 0.666667 0 0 0 0 0 0 0 0 0.333333 0 0 0 0 0 0 
GACGCAAA 0.166667 0 0.166667 0 0.166667 0.166667 0 0 0.166667 0.166667 0 0 0 0 0 0 0 0.2 0 0 0.4 0 0 0 0.2 0 0.2 0 0 0 0 0 0.25 0 0 0 0.25 0 0 0 0.25 0.25 0 0 0 0 0 0 0.333333 0 0 0 0.333333 0 0 0 0.333333 0 0 0 0 0 0 0 
GACGCAAC 0 0.166667 0.166667 0 0.166667 0.166667 0 0 0.166667 0.166667 0 0 0 0 0 0 0 0.2 0 0 0.2 0.2 0 0 0.2 0 0.2 0 0 0 0 0 0.25 0 0 0 0.25 0 0 0 0 0.5 0 0 0 0 0 0 0.333333 0 0 0 0 0.333333 0 0 0.333333 0 0 0 0 0 0 0 
GACGCACA 0.166667 0 0.166667 0 0 0.333333 0 0 0.166667 0.166667 0 0 0 0 0 0 0 0.2 0 0 0.4 0 0 0 0 0.2 0.2 0 0 0 0 0 0.25 0 0 0 0 0.25 0 0 0.25 0.25 0 0 0 0 0 0 0 0.333333 0 0 0.333333 0 0 0 0.333333 0 0 0 0 0 0 0 
GACGCAGA 0.166667 0 0.166667 0 0 0.166667 0.166667 0 0.166667 0.166667 0 0 0 0 0 0 0 0.2 0 0 0.4 0 0 0 0 0 0.4 0 0 0 0 0 0.25 0 0 0 0 0 0.25 0 0.25 0.25 0 0 0 0 0 0 0 0 0.333333 0 0.333333 0 0 0 0.333333 0 0 0 0 0 0 0 
GACGCATA 0.166667 0 0.166667 0 0 0.166667 0 0.166667 0.166667 0.166667 0 0 0 0 0 0 0 0.2 0 0 0.4 0 0 0 0 0 0.2 0.2 0 0 0 0 0.25 0 0 0 0 0 0 0.25 0.25 0.25 0 0 0 0 0 0 0 0 0 0.333333 0.333333 0 0 0 0.333333 0 0 0 0 0 0 0 
GACGCATC 0 0.166667 0.166667 0 0 0.166667 0 0.166667 0.166667 0.166667 0 0 0 0 0 0 0 0.2 0 0 0.2 0.2 0 0 0 0 0.2 0.2 0 0 0 0 0.25 0 0 0 0 0 0 0.25 0 0.5 0 0 0 0 0 0 0 0 0 0.333333 0 0.333333 0 0 0.333333 0 0 0 0 0 0 0 
GACGCGAA 0 0 0.166667 0 0.166667 0.166667 0 0 0.166667 0.166667 0.166667 0 0 0 0 0 0 0.2 0 0 0.2 0 0.2 0 0.2 0 0.2 0 0 0 0 0 0 0 0.25 0 0.25 0 0 0 0.25 0.25 0 0 0 0 0 0 0.333333 0 0 0 0.333333 0 0 0 0 0 0.333333 0 0 0 0 0 
GACGCGCA 0 0 0.166667 0 0 0.333333 0 0 0.166667 0.166667 0.166667 0 0 0 0 0 0 0.2 0 0 0.2 0 0.2 0 0 0.2 0.2 0 0 0 0 0 0 0 0.25 0 0 0.25 0 0 0.25 0.25 0 0 0 0 0 0 0 0.333333 0 0 0.333333 0 0 0 0 0 0.333333 0 0 0 0 0 
GACGCGGA 0 0 0.166667 0 0 0.166667 0.166667 0 0.166667 0.166667 0.166667 0 0 0 0 0 0 0.2 0 0 0.2 0 0.2 0 0 0 0.4 0 0 0 0 0 0 0 0.25 0 0 0 0.25 0 0.25 0.25 0 0 0 0 0 0 0 0 0.333333 0 0.333333 0 0 0 0 0 0.333333 0 0 0 0 0 
GAGACGCA 0.166667 0 0.166667 0 0 0.166667 0 0 0.166667 0.166667 0.166667 0 0 0 0 0 0 0.4 0 0 0.2 0 0 0 0.2 0 0.2 0 0 0 0 0 0.25 0 0.25 0 0 0 0 0 0 0.5 0 0 0 0 0 0 0 0.333333 0 0 0 0 0 0 0.333333 0 0.333333 0 0 0 0 0 
GCACGCAA 0 0 0.166667 0 0.166667 0.333333 0 0 0.333333 0 0 0 0 0 0 0 0 0.2 0 0 0.2 0 0.2 0 0.2 0.2 0 0 0 0 0 0 0.25 0 0 0 0.25 0.25 0 0 0 0 0.25 0 0 0 0 0 0.333333 0 0 0 0.333333 0 0 0 0 0.333333 0 0 0 0 0 0 
GCGACGCA 0 0 0.166667 0 0.166667 0.166667 0 0 0.166667 0.166667 0.166667 0 0 0 0 0 0 0.2 0 0 0.2 0.2 0 0 0.2 0 0.2 0 0 0 0 0 0.25 0 0 0 0 0 0.25 0 0 0.5 0 0 0 0 0 0 0 0 0 0 0 0.333333 0 0 0.333333 0 0.333333 0 0 0 0 0 
GGACGCAA 0 0 0.166667 0 0.166667 0.166667 0 0 0.333333 0.166667 0 0 0 0 0 0 0 0.2 0 0 0.2 0 0 0 0.2 0.2 0.2 0 0 0 0 0 0.25 0 0 0 0.25 0 0 0 0 0.25 0.25 0 0 0 0 0 0.333333 0 0 0 0 0 0 0 0.333333 0.333333 0 0 0 0 0 0 
GGACGCAC 0 0 0.166667 0 0 0.333333 0 0 0.333333 0.166667 0 0 0 0 0 0 0 0.2 0 0 0.2 0 0 0 0 0.4 0.2 0 0 0 0 0 0.25 0 0 0 0 0.25 0 0 0 0.25 0.25 0 0 0 0 0 0 0.333333 0 0 0 0 0 0 0.333333 0.333333 0 0 0 0 0 0 
GGGACGCA 0 0 0.166667 0 0 0.166667 0 0 0.333333 0.166667 0.166667 0 0 0 0 0 0 0.2 0 0 0.2 0 0 0 0.2 0.2 0.2 0 0 0 0 0 0.25 0 0 0 0 0 0 0 0 0.5 0.25 0 0 0 0 0 0 0 0 0 0 0 0 0 0.333333 0.333333 0.333333 0 0 0 0 0 
GTGACGCA 0 0 0.166667 0 0 0.166667 0 0 0.166667 0.166667 0.166667 0 0.166667 0 0 0 0 0.2 0 0 0.2 0 0 0 0.2 0 0.2 0 0 0.2 0 0 0.25 0 0 0 0 0 0 0 0 0.5 0 0 0 0 0.25 0 0 0 0 0 0 0 0 0 0.333333 0 0.333333 0 0 0.333333 0 0 
GTGCGTCA 0 0 0 0 0 0 0 0.166667 0 0.166667 0.333333 0 0.166667 0.166667 0 0 0 0 0 0 0 0.2 0 0 0.2 0.2 0 0.2 0 0 0.2 0 0 0 0 0 0.25 0 0 0 0 0.25 0.25 0 0 0 0 0.25 0 0 0 0 0 0 0 0 0.333333 0 0 0.333333 0 0.333333 0 0 
TAGACGCA 0.166667 0 0.166667 0 0 0.166667 0 0 0.166667 0.166667 0 0 0 0 0.166667 0 0 0.4 0 0 0.2 0 0 0 0 0 0.2 0 0.2 0 0 0 0.25 0 0.25 0 0 0 0 0 0 0.25 0 0 0 0.25 0 0 0 0.333333 0 0 0 0 0 0 0.333333 0 0 0 0 0 0.333333 0 
TCACGCAA 0 0 0.166667 0 0.166667 0.333333 0 0 0.166667 0 0 0 0.166667 0 0 0 0 0.2 0 0 0.2 0 0.2 0 0.2 0 0 0 0 0.2 0 0 0.25 0 0 0 0.25 0.25 0 0 0 0 0 0 0 0 0.25 0 0.333333 0 0 0 0.333333 0 0 0 0 0 0 0 0 0.333333 0 0 
TCGACGCA 0 0 0.166667 0 0.166667 0.166667 0 0 0.166667 0.166667 0 0 0 0 0.166667 0 0 0.2 0 0 0.2 0.2 0 0 0 0 0.2 0 0.2 0 0 0 0.25 0 0 0 0 0 0.25 0 0 0.25 0 0 0 0.25 0 0 0 0 0 0 0 0.333333 0 0 0.333333 0 0 0 0 0 0.333333 0 
TGACGCAA 0 0 0.166667 0 0.166667 0.166667 0 0 0.166667 0.166667 0 0 0.166667 0 0 0 0 0.2 0 0 0.2 0 0 0 0.2 0 0.2 0 0 0.2 0 0 0.25 0 0 0 0.25 0 0 0 0 0.25 0 0 0 0 0.25 0 0.333333 0 0 0 0 0 0 0 0.333333 0 0 0 0 0.333333 0 0 
TGCGTCAA 0 0 0 0 0.166667 0 0 0.166667 0 0.166667 0.166667 0 0.166667 0.166667 0 0 0 0 0 0 0 0.2 0 0 0.2 0 0 0.2 0.2 0 0.2 0 0 0 0 0 0.25 0 0 0 0.25 0.25 0 0 0 0 0 0.25 0 0 0 0 0.333333 0 0 0 0.333333 0 0 0 0 0.333333 0 0 
TGCGTCCA 0 0 0 0 0.166667 0 0 0.166667 0 0.166667 0.166667 0 0 0.333333 0 0 0 0 0 0 0 0.2 0 0 0 0.2 0 0.2 0.2 0 0.2 0 0 0 0 0 0 0.25 0 0 0.25 0.25 0 0 0 0 0 0.25 0 0 0 0 0.333333 0 0 0 0 0.333333 0 0 0 0.333333 0 0 
AACGCAAA 0.166667 0.166667 0.166667 0 0.166667 0.166667 0 0 0.166667 0 0 0 0 0 0 0 0 0.2 0.2 0 0.4 0 0 0 0.2 0 0 0 0 0 0 0 0.25 0.25 0 0 0.25 0 0 0 0.25 0 0 0 0 0 0 0 0.666667 0 0 0 0.333333 0 0 0 0 0 0 0 0 0 0 0 
AACGCAAC 0 0.333333 0.166667 0 0.166667 0.166667 0 0 0.166667 0 0 0 0 0 0 0 0 0.2 0.2 0 0.2 0.2 0 0 0.2 0 0 0 0 0 0 0 0.25 0.25 0 0 0.25 0 0 0 0 0.25 0 0 0 0 0 0 0.666667 0 0 0 0 0.333333 0 0 0 0 0 0 0 0 0 0 
AACGCACA 0.166667 0.166667 0.166667 0 0 0.333333 0 0 0.166667 0 0 0 0 0 0 0 0 0.2 0.2 0 0.4 0 0 0 0 0.2 0 0 0 0 0 0 0.25 0.25 0 0 0 0.25 0 0 0.25 0 0 0 0 0 0 0 0.333333 0.333333 0 0 0.333333 0 0 0 0 0 0 0 0 0 0 0 
AAGACGCA 0.166667 0 0.333333 0 0 0.166667 0 0 0.166667 0.166667 0 0 0 0 0 0 0.2 0.4 0 0 0.2 0 0 0 0 0 0.2 0 0 0 0 0 0.25 0.25 0.25 0 0 0 0 0 0 0.25 0 0 0 0 0 0 0 0.333333 0.333333 0 0 0 0 0 0.333333 0 0 0 0 0 0 0 
AATGCGTC 0 0 0.166667 0.166667 0 0 0 0.166667 0 0.166667 0.166667 0 0 0.166667 0 0 0 0.2 0.2 0 0 0.2 0 0 0 0 0 0.2 0 0 0.2 0 0 0.25 0.25 0 0 0 0 0 0 0.25 0 0 0 0 0 0.25 0 0 0.333333 0.333333 0 0 0 0 0 0 0 0 0 0.333333 0 0 
AATTGCGT 0 0 0 0.333333 0 0 0 0.166667 0 0 0.166667 0 0 0.166667 0.166667 0 0 0 0.2 0.2 0 0 0 0 0 0 0 0.2 0 0.2 0.2 0 0 0.25 0.25 0 0 0 0 0 0 0 0 0 0 0 0.25 0.25 0 0.333333 0.333333 0 0 0 0 0 0 0 0 0 0 0 0 0.333333 
ACCACGCA 0 0.166667 0.166667 0 0.166667 0.333333 0 0 0.166667 0 0 0 0 0 0 0 0.2 0.2 0 0 0.2 0.2 0.2 0 0 0 0 0 0 0 0 0 0.25 0.25 0 0 0 0.25 0.25 0 0 0 0 0 0 0 0 0 0 0 0.333333 0 0.333333 0.333333 0 0 0 0 0 0 0 0 0 0 
ACGACGCA 0 0 0.333333 0 0.166667 0.166667 0 0 0.166667 0.166667 0 0 0 0 0 0 0.2 0.2 0 0 0.2 0.2 0 0 0 0 0.2 0 0 0 0 0 0.25 0.25 0 0 0 0 0.25 0 0 0.25 0 0 0 0 0 0 0 0 0.333333 0 0 0.333333 0 0 0.333333 0 0 0 0 0 0 0 
ACGCAAAA 0.333333 0 0.166667 0 0.166667 0.166667 0 0 0.166667 0 0 0 0 0 0 0 0.2 0.2 0 0 0.4 0 0 0 0.2 0 0 0 0 0 0 0 0.25 0 0 0 0.5 0 0 0 0.25 0 0 0 0 0 0 0 0.333333 0 0 0 0.333333 0 0 0 0.333333 0 0 0 0 0 0 0 
ACGCAAAC 0.166667 0.166667 0.166667 0 0.166667 0.166667 0 0 0.166667 0 0 0 0 0 0 0 0 0.4 0 0 0.4 0 0 0 0.2 0 0 0 0 0 0 0 0.25 0 0 0 0.25 0.25 0 0 0.25 0 0 0 0 0 0 0 0.333333 0 0 0 0.333333 0 0 0 0 0.333333 0 0 0 0 0 0 
ACGCAAAG 0.166667 0 0.333333 0 0.166667 0.166667 0 0 0.166667 0 0 0 0 0 0 0 0 0.2 0.2 0 0.4 0 0 0 0.2 0 0 0 0 0 0 0 0.25 0 0 0 0.25 0 0.25 0 0.25 0 0 0 0 0 0 0 0.333333 0 0 0 0.333333 0 0 0 0 0 0.333333 0 0 0 0 0 
ACGCAAAT 0.166667 0 0.166667 0.166667 0.166667 0.166667 0 0 0.166667 0 0 0 0 0 0 0 0 0.2 0 0.2 0.4 0 0 0 0.2 0 0 0 0 0 0 0 0.25 0 0 0 0.25 0 0 0.25 0.25 0 0 0 0 0 0 0 0.333333 0 0 0 0.333333 0 0 0 0 0 0 0.333333 0 0 0 0 
ACGCAACA 0.166667 0.166667 0.166667 0 0.166667 0.166667 0 0 0.166667 0 0 0 0 0 0 0 0.2 0.2 0 0 0.2 0.2 0 0 0.2 0 0 0 0 0 0 0 0.25 0 0 0 0.5 0 0 0 0 0.25 0 0 0 0 0 0 0.333333 0 0 0 0 0.333333 0 0 0.333333 0 0 0 0 0 0 0 
ACGCAACT 0 0.166667 0.166667 0.166667 0.166667 0.166667 0 0 0.166667 0 0 0 0 0 0 0 0 0.2 0 0.2 0.2 0.2 0 0 0.2 0 0 0 0 0 0 0 0.25 0 0 0 0.25 0 0 0.25 0 0.25 0 0 0 0 0 0 0.333333 0 0 0 0 0.333333 0 0 0 0 0 0.333333 0 0 0 0 
ACGCAAGA 0.166667 0 0.333333 0 0.166667 0.166667 0 0 0.166667 0 0 0 0 0 0 0 0.2 0.2 0 0 0.2 0 0.2 0 0.2 0 0 0 0 0 0 0 0.25 0 0 0 0.5 0 0 0 0 0 0.25 0 0 0 0 0 0.333333 0 0 0 0 0 0.333333 0 0.333333 0 0 0 0 0 0 0 
ACGCAATA 0.166667 0 0.166667 0.166667 0.166667 0.166667 0 0 0.166667 0 0 0 0 0 0 0 0.2 0.2 0 0 0.2 0 0 0.2 0.2 0 0 0 0 0 0 0 0.25 0 0 0 0.5 0 0 0 0 0 0 0.25 0 0 0 0 0.333333 0 0 0 0 0 0 0.333333 0.333333 0 0 0 0 0 0 0 
ACGCAATC 0 0.166667 0.166667 0.166667 0.166667 0.166667 0 0 0.166667 0 0 0 0 0 0 0 0 0.4 0 0 0.2 0 0 0.2 0.2 0 0 0 0 0 0 0 0.25 0 0 0 0.25 0.25 0 0 0 0 0 0.25 0 0 0 0 0.333333 0 0 0 0 0 0 0.333333 0 0.333333 0 0 0 0 0 0 
ACGCACAA 0.166667 0 0.166667 0 0.166667 0.333333 0 0 0.166667 0 0 0 0 0 0 0 0.2 0.2 0 0 0.4 0 0 0 0 0.2 0 0 0 0 0 0 0.25 0 0 0 0.25 0.25 0 0 0.25 0 0 0 0 0 0 0 0 0.333333 0 0 0.333333 0 0 0 0.333333 0 0 0 0 0 0 0 
ACGCACAC 0.166667 0 0.166667 0 0 0.5 0 0 0.166667 0 0 0 0 0 0 0 0 0.4 0 0 0.4 0 0 0 0 0.2 0 0 0 0 0 0 0.25 0 0 0 0 0.5 0 0 0.25 0 0 0 0 0 0 0 0 0.333333 0 0 0.333333 0 0 0 0 0.333333 0 0 0 0 0 0 
ACGCACAT 0.166667 0 0.166667 0 0 0.333333 0 0.166667 0.166667 0 0 0 0 0 0 0 0 0.2 0 0.2 0.4 0 0 0 0 0.2 0 0 0 0 0 0 0.25 0 0 0 0 0.25 0 0.25 0.25 0 0 0 0 0 0 0 0 0.333333 0 0 0.333333 0 0 0 0 0 0 0.333333 0 0 0 0 
ACGCACGC 0 0 0.333333 0 0 0.5 0 0 0.166667 0 0 0 0 0 0 0 0 0.4 0 0 0.2 0 0.2 0 0 0.2 0 0 0 0 0 0 0.25 0 0 0 0 0.5 0 0 0 0 0.25 0 0 0 0 0 0 0.333333 0 0 0 0 0.333333 0 0 0.333333 0 0 0 0 0 0 
ACGCATAA 0.166667 0 0.166667 0 0 0.166667 0 0.166667 0.166667 0 0 0 0.166667 0 0 0 0.2 0.2 0 0 0.4 0 0 0 0 0 0 0.2 0 0 0 0 0.25 0 0 0 0.25 0 0 0.25 0.25 0 0 0 0 0 0 0 0 0 0 0.333333 0.333333 0 0 0 0.333333 0 0 0 0 0 0 0 
ACGCGCGT 0 0 0.166667 0 0 0.333333 0 0.166667 0 0 0.333333 0 0 0 0 0 0 0.2 0 0 0 0 0.4 0 0 0.2 0 0.2 0 0 0 0 0 0 0.25 0 0 0.25 0 0.25 0 0 0.25 0 0 0 0 0 0 0.333333 0 0 0 0 0.333333 0 0 0 0 0.333333 0 0 0 0 
ACTGCGTC 0 0 0 0.166667 0 0 0.166667 0.166667 0 0.166667 0.166667 0 0 0.166667 0 0 0 0 0.2 0 0 0.4 0 0 0 0 0 0.2 0 0 0.2 0 0 0.25 0 0 0 0 0.25 0 0 0.25 0 0 0 0 0 0.25 0 0 0.333333 0 0 0 0 0.333333 0 0 0 0 0 0.333333 0 0 
AGACGCAA 0.166667 0 0.166667 0 0.166667 0.166667 0 0 0.166667 0.166667 0 0 0 0 0 0 0 0.4 0 0 0.2 0 0 0 0.2 0 0.2 0 0 0 0 0 0.25 0 0.25 0 0.25 0 0 0 0 0.25 0 0 0 0 0 0 0.333333 0.333333 0 0 0 0 0 0 0.333333 0 0 0 0 0 0 0 
AGACGCAC 0.166667 0 0.166667 0 0 0.333333 0 0 0.166667 0.166667 0 0 0 0 0 0 0 0.4 0 0 0.2 0 0 0 0 0.2 0.2 0 0 0 0 0 0.25 0 0.25 0 0 0.25 0 0 0 0.25 0 0 0 0 0 0 0 0.666667 0 0 0 0 0 0 0.333333 0 0 0 0 0 0 0 
AGGACGCA 0 0 0.333333 0 0 0.166667 0 0 0.333333 0.166667 0 0 0 0 0 0 0.2 0.2 0 0 0.2 0 0 0 0 0.2 0.2 0 0 0 0 0 0.25 0.25 0 0 0 0 0 0 0 0.25 0.25 0 0 0 0 0 0 0 0.333333 0 0 0 0 0 0.333333 0.333333 0 0 0 0 0 0 
AGTGCGTC 0 0 0 0.166667 0 0 0 0.166667 0 0.166667 0.333333 0 0 0.166667 0 0 0 0 0.2 0 0 0.2 0 0 0 0.2 0 0.2 0 0 0.2 0 0 0.25 0 0 0 0 0 0 0 0.25 0.25 0 0 0 0 0.25 0 0 0.333333 0 0 0 0 0 0 0 0 0.333333 0 0.333333 0 0 
ATGACGCA 0 0 0.333333 0 0 0.166667 0 0 0.166667 0.166667 0 0 0.166667 0 0 0 0.2 0.2 0 0 0.2 0 0 0 0 0 0.2 0 0 0.2 0 0 0.25 0.25 0 0 0 0 0 0 0 0.25 0 0 0 0 0.25 0 0 0 0.333333 0 0 0 0 0 0.333333 0 0 0 0 0.333333 0 0 
ATTGCGCG 0 0 0 0.166667 0 0.166667 0 0 0 0 0.333333 0 0 0.166667 0.166667 0 0 0 0.2 0 0 0 0.2 0 0 0.2 0 0 0 0.2 0.2 0 0 0.25 0 0 0 0 0 0 0 0 0.25 0 0 0.25 0.25 0 0 0 0.333333 0 0 0 0 0 0 0 0 0 0 0.333333 0.333333 0 
ATTGCGTC 0 0 0 0.166667 0 0 0 0.166667 0 0.166667 0.166667 0 0 0.166667 0.166667 0 0 0 0.2 0 0 0.2 0 0 0 0 0 0.2 0 0.2 0.2 0 0 0.25 0 0 0 0 0 0 0 0.25 0 0 0 0 0.25 0.25 0 0 0.333333 0 0 0 0 0 0 0 0 0 0 0.333333 0 0.333333 
ATTGCGTG 0 0 0 0.166667 0 0 0 0.166667 0 0 0.333333 0 0 0.166667 0.166667 0 0 0 0.2 0 0 0 0.2 0 0 0 0 0.2 0 0.2 0.2 0 0 0.25 0 0 0 0 0 0 0 0 0.25 0 0 0 0.25 0.25 0 0 0.333333 0 0 0 0 0 0 0 0 0 0 0 0.333333 0.333333 
CACGCAAA 0.166667 0 0.166667 0 0.166667 0.333333 0 0 0.166667 0 0 0 0 0 0 0 0 0.2 0 0 0.4 0 0.2 0 0.2 0 0 0 0 0 0 0 0.25 0 0 0 0.25 0.25 0 0 0.25 0 0 0 0 0 0 0 0.333333 0 0 0 0.666667 0 0 0 0 0 0 0 0 0 0 0 
CACGCAAC 0 0.166667 0.166667 0 0.166667 0.333333 0 0 0.166667 0 0 0 0 0 0 0 0 0.2 0 0 0.2 0.2 0.2 0 0.2 0 0 0 0 0 0 0 0.25 0 0 0 0.25 0.25 0 0 0 0.25 0 0 0 0 0 0 0.333333 0 0 0 0.333333 0.333333 0 0 0 0 0 0 0 0 0 0 
CACGCACA 0.166667 0 0.166667 0 0 0.5 0 0 0.166667 0 0 0 0 0 0 0 0 0.2 0 0 0.4 0 0.2 0 0 0.2 0 0 0 0 0 0 0.25 0 0 0 0 0.5 0 0 0.25 0 0 0 0 0 0 0 0 0.333333 0 0 0.666667 0 0 0 0 0 0 0 0 0 0 0 
CCACGCAA 0 0 0.166667 0 0.333333 0.333333 0 0 0.166667 0 0 0 0 0 0 0 0 0.2 0 0 0.2 0.2 0.2 0 0.2 0 0 0 0 0 0 0 0.25 0 0 0 0.25 0.25 0.25 0 0 0 0 0 0 0 0 0 0.333333 0 0 0 0.333333 0.333333 0 0 0 0 0 0 0 0 0 0 
CCACGCAC 0 0 0.166667 0 0.166667 0.5 0 0 0.166667 0 0 0 0 0 0 0 0 0.2 0 0 0.2 0.2 0.2 0 0 0.2 0 0 0 0 0 0 0.25 0 0 0 0 0.5 0.25 0 0 0 0 0 0 0 0 0 0 0.333333 0 0 0.333333 0.333333 0 0 0 0 0 0 0 0 0 0 
CCCACGCA 0 0 0.166667 0 0.166667 0.5 0 0 0.166667 0 0 0 0 0 0 0 0 0.2 0 0 0.4 0.2 0.2 0 0 0 0 0 0 0 0 0 0.25 0 0 0 0 0.5 0.25 0 0 0 0 0 0 0 0 0 0 0 0 0 0.333333 0.333333 0.333333 0 0 0 0 0 0 0 0 0 
CCGACGCA 0 0 0.166667 0 0.166667 0.166667 0.166667 0 0.166667 0.166667 0 0 0 0 0 0 0 0.2 0 0 0.4 0.2 0 0 0 0 0.2 0 0 0 0 0 0.25 0 0 0 0 0.25 0.25 0 0 0.25 0 0 0 0 0 0 0 0 0 0 0 0.333333 0.333333 0 0.333333 0 0 0 0 0 0 0 
CGACGCAA 0 0 0.166667 0 0.333333 0.166667 0 0 0.166667 0.166667 0 0 0 0 0 0 0 0.2 0 0 0.2 0.2 0 0 0.2 0 0.2 0 0 0 0 0 0.25 0 0 0 0.25 0 0.25 0 0 0.25 0 0 0 0 0 0 0.333333 0 0 0 0 0.333333 0 0 0.333333 0 0 0 0 0 0 0 
CGACGCAC 0 0 0.166667 0 0.166667 0.333333 0 0 0.166667 0.166667 0 0 0 0 0 0 0 0.2 0 0 0.2 0.2 0 0 0 0.2 0.2 0 0 0 0 0 0.25 0 0 0 0 0.25 0.25 0 0 0.25 0 0 0 0 0 0 0 0.333333 0 0 0 0.333333 0 0 0.333333 0 0 0 0 0 0 0 
CGTGCGTC 0 0 0 0 0 0 0 0.333333 0 0.166667 0.333333 0 0 0.166667 0 0 0 0 0 0 0 0.2 0.2 0 0 0.2 0 0.2 0 0 0.2 0 0 0 0 0 0 0.25 0 0 0 0.25 0.25 0 0 0 0 0.25 0 0 0 0 0 0 0.333333 0 0 0 0 0.333333 0 0.333333 0 0 
CTGACGCA 0 0 0.166667 0 0 0.166667 0.166667 0 0.166667 0.166667 0 0 0.166667 0 0 0 0 0.2 0 0 0.4 0 0 0 0 0 0.2 0 0 0.2 0 0 0.25 0 0 0 0 0.25 0 0 0 0.25 0 0 0 0 0.25 0 0 0 0 0 0 0 0.333333 0 0.333333 0 0 0 0 0.333333 0 0 
CTGCGTCA 0 0 0 0 0 0 0.166667 0.166667 0 0.166667 0.166667 0 0.166667 0.166667 0 0 0 0 0 0 0 0.4 0 0 0.2 0 0 0.2 0 0 0.2 0 0 0 0 0 0.25 0 0.25 0 0 0.25 0 0 0 0 0 0.25 0 0 0 0 0 0 0 0.333333 0.333333 0 0 0 0 0.333333 0 0 
CTTGCGTC 0 0 0 0 0 0 0 0.333333 0 0.166667 0.166667 0 0 0.166667 0.166667 0 0 0 0 0 0 0.2 0.2 0 0 0 0 0.2 0 0.2 0.2 0 0 0 0 0 0 0.25 0 0 0 0.25 0 0 0 0 0.25 0.25 0 0 0 0 0 0 0.333333 0 0 0 0 0 0 0.333333 0 0.333333 
GAACGCAA 0 0.166667 0.166667 0 0.166667 0.166667 0 0 0.333333 0 0 0 0 0 0 0 0 0.2 0.2 0 0.2 0 0 0 0.2 0.2 0 0 0 0 0 0 0.25 0.25 0 0 0.25 0 0 0 0 0 0.25 0 0 0 0 0 0.666667 0 0 0 0 0 0 0 0 0.333333 0 0 0 0 0 0 
GACGCAAA 0.166667 0 0.166667 0 0.166667 0.166667 0 0 0.166667 0.166667 0 0 0 0 0 0 0 0.2 0 0 0.4 0 0 0 0.2 0 0.2 0 0 0 0 0 0.25 0 0 0 0.25 0 0 0 0.25 0.25 0 0 0 0 0 0 0.333333 0 0 0 0.333333 0 0 0 0.333333 0 0 0 0 0 0 0 
GACGCAAC 0 0.166667 0.166667 0 0.166667 0.166667 0 0 0.166667 0.166667 0 0 0 0 0 0 0 0.2 0 0 0.2 0.2 0 0 0.2 0 0.2 0 0 0 0 0 0.25 0 0 0 0.25 0 0 0 0 0.5 0 0 0 0 0 0 0.333333 0 0 0 0 0.333333 0 0 0.333333 0 0 0 0 0 0 0 
GACGCACA 0.166667 0 0.166667 0 0 0.333333 0 0 0.166667 0.166667 0 0 0 0 0 0 0 0.2 0 0 0.4 0 0 0 0 0.2 0.2 0 0 0 0 0 0.25 0 0 0 0 0.25 0 0 0.25 0.25 0 0 0 0 0 0 0 0.333333 0 0 0.333333 0 0 0 0.333333 0 0 0 0 0 0 0 
GACGCAGA 0.166667 0 0.166667 0 0 0.166667 0.166667 0 0.166667 0.166667 0 0 0 0 0 0 0 0.2 0 0 0.4 0 0 0 0 0 0.4 0 0 0 0 0 0.25 0 0 0 0 0 0.25 0 0.25 0.25 0 0 0 0 0 0 0 0 0.333333 0 0.333333 0 0 0 0.333333 0 0 0 0 0 0 0 
GACGCATA 0.166667 0 0.166667 0 0 0.166667 0 0.166667 0.166667 0.166667 0 0 0 0 0 0 0 0.2 0 0 0.4 0 0 0 0 0 0.2 0.2 0 0 0 0 0.25 0 0 0 0 0 0 0.25 0.25 0.25 0 0 0 0 0 0 0 0 0 0.333333 0.333333 0 0 0 0.333333 0 0 0 0 0 0 0 
GACGCGCA 0 0 0.166667 0 0 0.333333 0 0 0.166667 0.166667 0.166667 0 0 0 0 0 0 0.2 0 0 0.2 0 0.2 0 0 0.2 0.2 0 0 0 0 0 0 0 0.25 0 0 0.25 0 0 0.25 0.25 0 0 0 0 0 0 0 0.333333 0 0 0.333333 0 0 0 0 0 0.333333 0 0 0 0 0 
GAGACGCA 0.166667 0 0.166667 0 0 0.166667 0 0 0.166667 0.166667 0.166667 0 0 0 0 0 0 0.4 0 0 0.2 0 0 0 0.2 0 0.2 0 0 0 0 0 0.25 0 0.25 0 0 0 0 0 0 0.5 0 0 0 0 0 0 0 0.333333 0 0 0 0 0 0 0.333333 0 0.333333 0 0 0 0 0 
GCACGCAA 0 0 0.166667 0 0.166667 0.333333 0 0 0.333333 0 0 0 0 0 0 0 0 0.2 0 0 0.2 0 0.2 0 0.2 0.2 0 0 0 0 0 0 0.25 0 0 0 0.25 0.25 0 0 0 0 0.25 0 0 0 0 0 0.333333 0 0 0 0.333333 0 0 0 0 0.333333 0 0 0 0 0 0 
GCGACGCA 0 0 0.166667 0 0.166667 0.166667 0 0 0.166667 0.166667 0.166667 0 0 0 0 0 0 0.2 0 0 0.2 0.2 0 0 0.2 0 0.2 0 0 0 0 0 0.25 0 0 0 0 0 0.25 0 0 0.5 0 0 0 0 0 0 0 0 0 0 0 0.333333 0 0 0.333333 0 0.333333 0 0 0 0 0 
GGAACGCA 0 0.166667 0.166667 0 0 0.166667 0 0 0.5 0 0 0 0 0 0 0 0 0.2 0.2 0 0.2 0 0 0 0.2 0.2 0 0 0 0 0 0 0.25 0.25 0 0 0 0 0 0 0 0.25 0.25 0 0 0 0 0 0.333333 0 0 0 0 0 0 0 0 0.333333 0.333333 0 0 0 0 0 
GGACGCAA 0 0 0.166667 0 0.166667 0.166667 0 0 0.333333 0.166667 0 0 0 0 0 0 0 0.2 0 0 0.2 0 0 0 0.2 0.2 0.2 0 0 0 0 0 0.25 0 0 0 0.25 0 0 0 0 0.25 0.25 0 0 0 0 0 0.333333 0 0 0 0 0 0 0 0.333333 0.333333 0 0 0 0 0 0 
GGACGCAC 0 0 0.166667 0 0 0.333333 0 0 0.333333 0.166667 0 0 0 0 0 0 0 0.2 0 0 0.2 0 0 0 0 0.4 0.2 0 0 0 0 0 0.25 0 0 0 0 0.25 0 0 0 0.25 0.25 0 0 0 0 0 0 0.333333 0 0 0 0 0 0 0.333333 0.333333 0 0 0 0 0 0 
GGGACGCA 0 0 0.166667 0 0 0.166667 0 0 0.333333 0.166667 0.166667 0 0 0 0 0 0 0.2 0 0 0.2 0 0 0 0.2 0.2 0.2 0 0 0 0 0 0.25 0 0 0 0 0 0 0 0 0.5 0.25 0 0 0 0 0 0 0 0 0 0 0 0 0 0.333333 0.333333 0.333333 0 0 0 0 0 
GTCGCAAA 0.166667 0 0 0 0.166667 0.166667 0 0 0.166667 0.166667 0 0 0 0 0.166667 0 0 0 0 0 0.4 0 0 0 0.2 0 0.2 0 0 0.2 0 0 0 0 0 0 0.25 0 0 0 0.25 0.25 0 0 0.25 0 0 0 0 0 0 0 0.333333 0 0 0 0.333333 0 0 0 0.333333 0 0 0 
GTGACGCA 0 0 0.166667 0 0 0.166667 0 0 0.166667 0.166667 0.166667 0 0.166667 0 0 0 0 0.2 0 0 0.2 0 0 0 0.2 0 0.2 0 0 0.2 0 0 0.25 0 0 0 0 0 0 0 0 0.5 0 0 0 0 0.25 0 0 0 0 0 0 0 0 0 0.333333 0 0.333333 0 0 0.333333 0 0 
GTGCGTCA 0 0 0 0 0 0 0 0.166667 0 0.166667 0.333333 0 0.166667 0.166667 0 0 0 0 0 0 0 0.2 0 0 0.2 0.2 0 0.2 0 0 0.2 0 0 0 0 0 0.25 0 0 0 0 0.25 0.25 0 0 0 0 0.25 0 0 0 0 0 0 0 0 0.333333 0 0 0.333333 0 0.333333 0 0 
TAGACGCA 0.166667 0 0.166667 0 0 0.166667 0 0 0.166667 0.166667 0 0 0 0 0.166667 0 0 0.4 0 0 0.2 0 0 0 0 0 0.2 0 0.2 0 0 0 0.25 0 0.25 0 0 0 0 0 0 0.25 0 0 0 0.25 0 0 0 0.333333 0 0 0 0 0 0 0.333333 0 0 0 0 0 0.333333 0 
TCACGCAA 0 0 0.166667 0 0.166667 0.333333 0 0 0.166667 0 0 0 0.166667 0 0 0 0 0.2 0 0 0.2 0 0.2 0 0.2 0 0 0 0 0.2 0 0 0.25 0 0 0 0.25 0.25 0 0 0 0 0 0 0 0 0.25 0 0.333333 0 0 0 0.333333 0 0 0 0 0 0 0 0 0.333333 0 0 
TGACGCAA 0 0 0.166667 0 0.166667 0.166667 0 0 0.166667 0.166667 0 0 0.166667 0 0 0 0 0.2 0 0 0.2 0 0 0 0.2 0 0.2 0 0 0.2 0 0 0.25 0 0 0 0.25 0 0 0 0 0.25 0 0 0 0 0.25 0 0.333333 0 0 0 0 0 0 0 0.333333 0 0 0 0 0.333333 0 0 
TGCGTCCA 0 0 0 0 0.166667 0 0 0.166667 0 0.166667 0.166667 0 0 0.333333 0 0 0 0 0 0 0 0.2 0 0 0 0.2 0 0.2 0.2 0 0.2 0 0 0 0 0 0 0.25 0 0 0.25 0.25 0 0 0 0 0 0.25 0 0 0 0 0.333333 0 0 0 0 0.333333 0 0 0 0.333333 0 0 
AAACAAAA 0.666667 0.166667 0 0 0.166667 0 0 0 0 0 0 0 0 0 0 0 0.6 0.2 0 0 0.2 0 0 0 0 0 0 0 0 0 0 0 0.75 0 0 0 0.25 0 0 0 0 0 0 0 0 0 0 0 1 0 0 0 0 0 0 0 0 0 0 0 0 0 0 0 
AAACAAAT 0.5 0.166667 0 0.166667 0.166667 0 0 0 0 0 0 0 0 0 0 0 0.4 0.2 0 0.2 0.2 0 0 0 0 0 0 0 0 0 0 0 0.75 0 0 0 0 0 0 0.25 0 0 0 0 0 0 0 0 0.666667 0 0 0.333333 0 0 0 0 0 0 0 0 0 0 0 0 
AATAAACA 0.5 0.166667 0 0.166667 0 0 0 0 0 0 0 0 0.166667 0 0 0 0.6 0.2 0 0 0 0 0 0 0 0 0 0 0.2 0 0 0 0.75 0 0 0 0 0 0 0 0 0 0 0 0 0.25 0 0 0.333333 0.333333 0 0 0 0 0 0 0 0 0 0 0.333333 0 0 0 
AATGTTTA 0 0 0.166667 0.166667 0 0 0 0 0 0 0 0.166667 0.166667 0 0 0.333333 0 0 0.2 0.2 0 0 0 0 0 0 0 0.2 0.2 0 0 0.2 0 0 0 0.5 0 0 0 0 0.25 0 0 0 0 0 0 0.25 0 0 0 0.666667 0 0 0 0 0 0 0 0 0.333333 0 0 0 
ACAACAAA 0.5 0.166667 0 0 0.333333 0 0 0 0 0 0 0 0 0 0 0 0.6 0 0 0 0.2 0.2 0 0 0 0 0 0 0 0 0 0 0.5 0.25 0 0 0.25 0 0 0 0 0 0 0 0 0 0 0 0.666667 0 0 0 0.333333 0 0 0 0 0 0 0 0 0 0 0 
AGTAAACA 0.333333 0.166667 0 0.166667 0 0 0 0 0.166667 0 0 0 0.166667 0 0 0 0.4 0.2 0 0 0 0 0 0 0.2 0 0 0 0.2 0 0 0 0.5 0 0 0 0 0 0 0 0.25 0 0 0 0 0.25 0 0 0.333333 0 0 0 0 0 0 0 0 0.333333 0 0 0.333333 0 0 0 
AGTAAATA 0.333333 0 0 0.333333 0 0 0 0 0.166667 0 0 0 0.166667 0 0 0 0.4 0 0 0.2 0 0 0 0 0.2 0 0 0 0.2 0 0 0 0.5 0 0 0 0 0 0 0 0.25 0 0 0 0 0 0 0.25 0.333333 0 0 0 0 0 0 0 0 0 0 0.333333 0.333333 0 0 0 
AGTGTTTA 0 0 0 0.166667 0 0 0 0 0 0 0.166667 0.166667 0.166667 0 0 0.333333 0 0 0.2 0 0 0 0 0 0 0 0 0.4 0.2 0 0 0.2 0 0 0 0.25 0 0 0 0 0.25 0 0 0.25 0 0 0 0.25 0 0 0 0.333333 0 0 0 0 0 0 0 0.333333 0.333333 0 0 0 
ATAAACAA 0.5 0.166667 0 0 0.166667 0 0 0 0 0 0 0 0.166667 0 0 0 0.6 0.2 0 0 0 0 0 0 0 0 0 0 0.2 0 0 0 0.75 0 0 0 0 0 0 0 0 0 0 0 0 0.25 0 0 0.333333 0.333333 0 0 0 0 0 0 0 0 0 0 0.333333 0 0 0 
ATAAACAC 0.5 0.166667 0 0 0 0.166667 0 0 0 0 0 0 0.166667 0 0 0 0.4 0.4 0 0 0 0 0 0 0 0 0 0 0.2 0 0 0 0.5 0.25 0 0 0 0 0 0 0 0 0 0 0 0.25 0 0 0 0.666667 0 0 0 0 0 0 0 0 0 0 0.333333 0 0 0 
ATAAACAG 0.5 0.166667 0 0 0 0 0.166667 0 0 0 0 0 0.166667 0 0 0 0.4 0.2 0.2 0 0 0 0 0 0 0 0 0 0.2 0 0 0 0.5 0 0.25 0 0 0 0 0 0 0 0 0 0 0.25 0 0 0 0.333333 0.333333 0 0 0 0 0 0 0 0 0 0.333333 0 0 0 
ATAAACAT 0.5 0.166667 0 0 0 0 0 0.166667 0 0 0 0 0.166667 0 0 0 0.4 0.2 0 0.2 0 0 0 0 0 0 0 0 0.2 0 0 0 0.5 0 0 0.25 0 0 0 0 0 0 0 0 0 0.25 0 0 0 0.333333 0 0.333333 0 0 0 0 0 0 0 0 0.333333 0 0 0 
ATATTTAC 0.166667 0 0 0.166667 0 0 0 0 0 0 0 0 0.166667 0.166667 0 0.333333 0 0 0 0.4 0 0 0 0 0 0 0 0 0.2 0.2 0 0.2 0.25 0 0 0.25 0 0 0 0 0 0 0 0 0 0.25 0 0.25 0 0.333333 0 0.333333 0 0 0 0 0 0 0 0 0.333333 0 0 0 
ATCAACAA 0.166667 0.333333 0 0 0.333333 0 0 0 0 0 0 0 0.166667 0 0 0 0.6 0 0 0 0 0.2 0 0 0 0 0 0 0.2 0 0 0 0.5 0 0 0 0.25 0 0 0 0 0 0 0 0 0.25 0 0 0 0.333333 0 0 0.333333 0 0 0 0 0 0 0 0.333333 0 0 0 
ATGTTGAC 0 0 0.166667 0 0 0 0 0 0 0.166667 0 0.166667 0.166667 0 0.166667 0.166667 0 0 0 0.2 0 0 0 0 0 0 0.2 0 0.2 0.2 0 0.2 0 0 0 0.25 0 0 0 0 0.25 0 0 0 0 0.25 0.25 0 0 0 0.333333 0 0 0 0 0 0 0.333333 0 0 0.333333 0 0 0 
ATGTTTAC 0 0 0.166667 0 0 0 0 0 0 0 0 0.166667 0.166667 0.166667 0 0.333333 0 0 0 0.2 0 0 0 0 0 0 0 0.2 0.2 0.2 0 0.2 0 0 0 0.25 0 0 0 0 0.25 0 0 0 0 0.25 0 0.25 0 0 0 0.333333 0 0 0 0 0 0.333333 0 0 0.333333 0 0 0 
ATTGTTTA 0 0 0 0.166667 0 0 0 0 0 0 0 0.166667 0.166667 0 0.166667 0.333333 0 0 0.2 0 0 0 0 0 0 0 0 0.2 0.2 0 0 0.4 0 0 0 0.25 0 0 0 0 0.25 0 0 0 0 0 0 0.5 0 0 0 0.333333 0 0 0 0 0 0 0 0 0.333333 0 0 0.333333 
CATAAACA 0.5 0.166667 0 0 0 0 0 0.166667 0 0 0 0 0.166667 0 0 0 0.4 0.2 0 0 0.2 0 0 0 0 0 0 0 0.2 0 0 0 0.5 0 0 0 0.25 0 0 0 0 0 0 0 0 0.25 0 0 0 0.333333 0 0 0.333333 0 0 0 0 0 0 0 0.333333 0 0 0 
CATGTTTA 0 0 0.166667 0 0 0 0 0.166667 0 0 0 0.166667 0.166667 0 0 0.333333 0 0 0 0.2 0 0 0.2 0 0 0 0 0.2 0.2 0 0 0.2 0 0 0 0.25 0 0 0 0.25 0.25 0 0 0 0 0 0 0.25 0 0 0 0.333333 0 0 0 0.333333 0 0 0 0 0.333333 0 0 0 
CGTAAACA 0.333333 0.166667 0 0 0 0 0 0.166667 0.166667 0 0 0 0.166667 0 0 0 0.2 0.2 0 0 0.2 0 0 0 0.2 0 0 0 0.2 0 0 0 0.25 0 0 0 0.25 0 0 0 0.25 0 0 0 0 0.25 0 0 0 0 0 0 0.333333 0 0 0 0 0.333333 0 0 0.333333 0 0 0 
CGTAAATA 0.333333 0 0 0.166667 0 0 0 0.166667 0.166667 0 0 0 0.166667 0 0 0 0.2 0 0 0.2 0.2 0 0 0 0.2 0 0 0 0.2 0 0 0 0.25 0 0 0 0.25 0 0 0 0.25 0 0 0 0 0 0 0.25 0 0 0 0 0.333333 0 0 0 0 0 0 0.333333 0.333333 0 0 0 
CGTCAACA 0.166667 0.166667 0 0 0.166667 0 0 0.166667 0 0.166667 0 0 0.166667 0 0 0 0.2 0 0 0 0 0.4 0 0 0.2 0 0 0 0.2 0 0 0 0 0 0 0 0.5 0 0 0 0.25 0 0 0 0 0.25 0 0 0 0 0 0 0.333333 0 0 0 0 0.333333 0 0 0.333333 0 0 0 
CTAAACAA 0.333333 0.166667 0 0 0.333333 0 0 0 0 0 0 0 0.166667 0 0 0 0.4 0.2 0 0 0.2 0 0 0 0 0 0 0 0.2 0 0 0 0.5 0 0 0 0.25 0 0 0 0 0 0 0 0 0.25 0 0 0.333333 0 0 0 0 0.333333 0 0 0 0 0 0 0.333333 0 0 0 
CTATTTAC 0 0 0 0.166667 0.166667 0 0 0 0 0 0 0 0.166667 0.166667 0 0.333333 0 0 0 0.2 0 0 0 0.2 0 0 0 0 0.2 0.2 0 0.2 0.25 0 0 0 0 0 0 0.25 0 0 0 0 0 0.25 0 0.25 0 0.333333 0 0 0 0 0 0.333333 0 0 0 0 0.333333 0 0 0 
CTGTTTAC 0 0 0 0 0 0 0.166667 0 0 0 0 0.166667 0.166667 0.166667 0 0.333333 0 0 0 0 0 0 0 0.2 0 0 0 0.2 0.2 0.2 0 0.2 0 0 0 0 0 0 0 0.25 0.25 0 0 0 0 0.25 0 0.25 0 0 0 0 0 0 0 0.333333 0 0.333333 0 0 0.333333 0 0 0 
CTTGTTTA 0 0 0 0 0 0 0 0.166667 0 0 0 0.166667 0.166667 0 0.166667 0.333333 0 0 0 0 0 0 0.2 0 0 0 0 0.2 0.2 0 0 0.4 0 0 0 0 0 0 0 0.25 0.25 0 0 0 0 0 0 0.5 0 0 0 0 0 0 0 0.333333 0 0 0 0 0.333333 0 0 0.333333 
GATAAACA 0.5 0.166667 0 0 0 0 0 0 0 0 0 0.166667 0.166667 0 0 0 0.4 0.2 0 0 0 0 0 0 0.2 0 0 0 0.2 0 0 0 0.5 0 0 0 0 0 0 0 0.25 0 0 0 0 0.25 0 0 0 0.333333 0 0 0 0 0 0 0.333333 0 0 0 0.333333 0 0 0 
GGTAAACA 0.333333 0.166667 0 0 0 0 0 0 0.166667 0 0 0.166667 0.166667 0 0 0 0.2 0.2 0 0 0 0 0 0 0.4 0 0 0 0.2 0 0 0 0.25 0 0 0 0 0 0 0 0.5 0 0 0 0 0.25 0 0 0 0 0 0 0 0 0 0 0.333333 0.333333 0 0 0.333333 0 0 0 
GTAAACAA 0.333333 0.166667 0 0 0.166667 0 0 0 0.166667 0 0 0 0.166667 0 0 0 0.4 0.2 0 0 0 0 0 0 0.2 0 0 0 0.2 0 0 0 0.5 0 0 0 0 0 0 0 0.25 0 0 0 0 0.25 0 0 0.333333 0 0 0 0 0 0 0 0 0.333333 0 0 0.333333 0 0 0 
GTAAACAC 0.333333 0.166667 0 0 0 0.166667 0 0 0.166667 0 0 0 0.166667 0 0 0 0.2 0.4 0 0 0 0 0 0 0.2 0 0 0 0.2 0 0 0 0.25 0.25 0 0 0 0 0 0 0.25 0 0 0 0 0.25 0 0 0 0.333333 0 0 0 0 0 0 0 0.333333 0 0 0.333333 0 0 0 
GTAAATAA 0.333333 0 0 0.166667 0 0 0 0 0.166667 0 0 0 0.333333 0 0 0 0.4 0 0 0.2 0 0 0 0 0.2 0 0 0 0.2 0 0 0 0.5 0 0 0 0 0 0 0 0.25 0 0 0 0 0 0 0.25 0.333333 0 0 0 0 0 0 0 0 0 0 0.333333 0.333333 0 0 0 
GTCAACAA 0.166667 0.166667 0 0 0.333333 0 0 0 0 0.166667 0 0 0.166667 0 0 0 0.4 0 0 0 0 0.2 0 0 0.2 0 0 0 0.2 0 0 0 0.25 0 0 0 0.25 0 0 0 0.25 0 0 0 0 0.25 0 0 0 0 0 0 0.333333 0 0 0 0 0.333333 0 0 0.333333 0 0 0 
GTTGTTTA 0 0 0 0 0 0 0 0 0 0 0 0.333333 0.166667 0 0.166667 0.333333 0 0 0 0 0 0 0 0 0 0 0.2 0.2 0.2 0 0 0.4 0 0 0 0 0 0 0 0 0.25 0 0 0.25 0 0 0 0.5 0 0 0 0 0 0 0 0 0 0 0 0.333333 0.333333 0 0 0.333333 
TAAACAAA 0.5 0.166667 0 0 0.166667 0 0 0 0 0 0 0 0.166667 0 0 0 0.4 0.2 0 0 0.2 0 0 0 0 0 0 0 0.2 0 0 0 0.75 0 0 0 0 0 0 0 0 0 0 0 0 0.25 0 0 0.666667 0 0 0 0 0 0 0 0 0 0 0 0.333333 0 0 0 
TAAACACA 0.5 0.166667 0 0 0 0.166667 0 0 0 0 0 0 0.166667 0 0 0 0.2 0.4 0 0 0.2 0 0 0 0 0 0 0 0.2 0 0 0 0.5 0.25 0 0 0 0 0 0 0 0 0 0 0 0.25 0 0 0.333333 0.333333 0 0 0 0 0 0 0 0 0 0 0.333333 0 0 0 
TAAACAGA 0.5 0.166667 0 0 0 0 0.166667 0 0 0 0 0 0.166667 0 0 0 0.2 0.2 0.2 0 0.2 0 0 0 0 0 0 0 0.2 0 0 0 0.5 0 0.25 0 0 0 0 0 0 0 0 0 0 0.25 0 0 0.333333 0 0.333333 0 0 0 0 0 0 0 0 0 0.333333 0 0 0 
TAAACATA 0.5 0.166667 0 0 0 0 0 0.166667 0 0 0 0 0.166667 0 0 0 0.2 0.2 0 0.2 0.2 0 0 0 0 0 0 0 0.2 0 0 0 0.5 0 0 0.25 0 0 0 0 0 0 0 0 0 0.25 0 0 0.333333 0 0 0.333333 0 0 0 0 0 0 0 0 0.333333 0 0 0 
TAAATAAA 0.5 0 0 0.166667 0 0 0 0 0 0 0 0 0.333333 0 0 0 0.4 0 0 0.2 0 0 0 0 0 0 0 0 0.4 0 0 0 0.75 0 0 0 0 0 0 0 0 0 0 0 0 0 0 0.25 0.666667 0 0 0 0 0 0 0 0 0 0 0 0.333333 0 0 0 
TATAAACA 0.5 0.166667 0 0 0 0 0 0 0 0 0 0 0.166667 0 0 0.166667 0.4 0.2 0 0 0 0 0 0 0 0 0 0 0.4 0 0 0 0.5 0 0 0 0 0 0 0 0 0 0 0 0.25 0.25 0 0 0 0.333333 0 0 0 0 0 0 0 0 0 0 0.666667 0 0 0 
TATCAACA 0.166667 0.333333 0 0 0.166667 0 0 0 0 0 0 0 0.166667 0 0 0.166667 0.4 0 0 0 0 0.2 0 0 0 0 0 0 0.2 0.2 0 0 0.25 0 0 0 0.25 0 0 0 0 0 0 0 0.25 0.25 0 0 0 0.333333 0 0 0 0 0 0 0 0 0 0 0.666667 0 0 0 
TATTTACA 0.166667 0 0 0.166667 0 0 0 0 0 0 0 0 0.166667 0.166667 0 0.333333 0 0 0 0.2 0 0 0 0 0 0 0 0 0.4 0.2 0 0.2 0.25 0 0 0 0 0 0 0 0 0 0 0 0.25 0.25 0 0.25 0 0.333333 0 0 0 0 0 0 0 0 0 0 0.666667 0 0 0 
TCAACAAA 0.333333 0.166667 0 0 0.333333 0 0 0 0 0 0 0 0.166667 0 0 0 0.4 0 0 0 0.2 0.2 0 0 0 0 0 0 0.2 0 0 0 0.5 0 0 0 0.25 0 0 0 0 0 0 0 0 0.25 0 0 0.333333 0 0 0 0.333333 0 0 0 0 0 0 0 0.333333 0 0 0 
TGTAAACA 0.333333 0.166667 0 0 0 0 0 0 0.166667 0 0 0 0.166667 0 0 0.166667 0.2 0.2 0 0 0 0 0 0 0.2 0 0 0 0.4 0 0 0 0.25 0 0 0 0 0 0 0 0.25 0 0 0 0.25 0.25 0 0 0 0 0 0 0 0 0 0 0 0.333333 0 0 0.666667 0 0 0 
TGTACACA 0.333333 0 0 0 0 0.166667 0 0 0.166667 0 0 0 0 0.166667 0 0.166667 0 0.2 0 0 0.2 0 0 0 0 0.2 0 0 0.4 0 0 0 0.25 0 0 0 0 0 0 0 0.25 0 0 0 0 0.5 0 0 0 0 0 0 0 0 0 0 0 0.333333 0 0 0.666667 0 0 0 
TGTATACA 0.333333 0 0 0 0 0 0 0 0.166667 0 0 0 0 0.166667 0 0.333333 0 0.2 0 0 0 0 0 0 0 0 0 0.2 0.6 0 0 0 0.25 0 0 0 0 0 0 0 0.25 0 0 0 0 0.25 0 0.25 0 0 0 0 0 0 0 0 0 0.333333 0 0 0.666667 0 0 0 
TGTCAACA 0.166667 0.166667 0 0 0.166667 0 0 0 0 0.166667 0 0 0.166667 0 0 0.166667 0.2 0 0 0 0 0.2 0 0 0.2 0 0 0 0.2 0.2 0 0 0 0 0 0 0.25 0 0 0 0.25 0 0 0 0.25 0.25 0 0 0 0 0 0 0 0 0 0 0 0.333333 0 0 0.666667 0 0 0 
AAAACAAA 0.666667 0.166667 0 0 0.166667 0 0 0 0 0 0 0 0 0 0 0 0.6 0.2 0 0 0.2 0 0 0 0 0 0 0 0 0 0 0 0.75 0.25 0 0 0 0 0 0 0 0 0 0 0 0 0 0 1 0 0 0 0 0 0 0 0 0 0 0 0 0 0 0 
AAACAAAC 0.5 0.333333 0 0 0.166667 0 0 0 0 0 0 0 0 0 0 0 0.4 0.4 0 0 0.2 0 0 0 0 0 0 0 0 0 0 0 0.75 0 0 0 0 0.25 0 0 0 0 0 0 0 0 0 0 0.666667 0.333333 0 0 0 0 0 0 0 0 0 0 0 0 0 0 
AATAAACA 0.5 0.166667 0 0.166667 0 0 0 0 0 0 0 0 0.166667 0 0 0 0.6 0.2 0 0 0 0 0 0 0 0 0 0 0.2 0 0 0 0.75 0 0 0 0 0 0 0 0 0 0 0 0 0.25 0 0 0.333333 0.333333 0 0 0 0 0 0 0 0 0 0 0.333333 0 0 0 
AATGTTTA 0 0 0.166667 0.166667 0 0 0 0 0 0 0 0.166667 0.166667 0 0 0.333333 0 0 0.2 0.2 0 0 0 0 0 0 0 0.2 0.2 0 0 0.2 0 0 0 0.5 0 0 0 0 0.25 0 0 0 0 0 0 0.25 0 0 0 0.666667 0 0 0 0 0 0 0 0 0.333333 0 0 0 
ACTGTTTA 0 0 0 0.166667 0 0 0.166667 0 0 0 0 0.166667 0.166667 0 0 0.333333 0 0 0.2 0 0 0 0 0.2 0 0 0 0.2 0.2 0 0 0.2 0 0 0 0.25 0 0 0 0.25 0.25 0 0 0 0 0 0 0.25 0 0 0 0.333333 0 0 0 0.333333 0 0 0 0 0.333333 0 0 0 
AGTAAACA 0.333333 0.166667 0 0.166667 0 0 0 0 0.166667 0 0 0 0.166667 0 0 0 0.4 0.2 0 0 0 0 0 0 0.2 0 0 0 0.2 0 0 0 0.5 0 0 0 0 0 0 0 0.25 0 0 0 0 0.25 0 0 0.333333 0 0 0 0 0 0 0 0 0.333333 0 0 0.333333 0 0 0 
AGTAAATA 0.333333 0 0 0.333333 0 0 0 0 0.166667 0 0 0 0.166667 0 0 0 0.4 0 0 0.2 0 0 0 0 0.2 0 0 0 0.2 0 0 0 0.5 0 0 0 0 0 0 0 0.25 0 0 0 0 0 0 0.25 0.333333 0 0 0 0 0 0 0 0 0 0 0.333333 0.333333 0 0 0 
AGTGTTTA 0 0 0 0.166667 0 0 0 0 0 0 0.166667 0.166667 0.166667 0 0 0.333333 0 0 0.2 0 0 0 0 0 0 0 0 0.4 0.2 0 0 0.2 0 0 0 0.25 0 0 0 0 0.25 0 0 0.25 0 0 0 0.25 0 0 0 0.333333 0 0 0 0 0 0 0 0.333333 0.333333 0 0 0 
ATAAACAA 0.5 0.166667 0 0 0.166667 0 0 0 0 0 0 0 0.166667 0 0 0 0.6 0.2 0 0 0 0 0 0 0 0 0 0 0.2 0 0 0 0.75 0 0 0 0 0 0 0 0 0 0 0 0 0.25 0 0 0.333333 0.333333 0 0 0 0 0 0 0 0 0 0 0.333333 0 0 0 
ATAAACAC 0.5 0.166667 0 0 0 0.166667 0 0 0 0 0 0 0.166667 0 0 0 0.4 0.4 0 0 0 0 0 0 0 0 0 0 0.2 0 0 0 0.5 0.25 0 0 0 0 0 0 0 0 0 0 0 0.25 0 0 0 0.666667 0 0 0 0 0 0 0 0 0 0 0.333333 0 0 0 
ATAAACAG 0.5 0.166667 0 0 0 0 0.166667 0 0 0 0 0 0.166667 0 0 0 0.4 0.2 0.2 0 0 0 0 0 0 0 0 0 0.2 0 0 0 0.5 0 0.25 0 0 0 0 0 0 0 0 0 0 0.25 0 0 0 0.333333 0.333333 0 0 0 0 0 0 0 0 0 0.333333 0 0 0 
ATAAACAT 0.5 0.166667 0 0 0 0 0 0.166667 0 0 0 0 0.166667 0 0 0 0.4 0.2 0 0.2 0 0 0 0 0 0 0 0 0.2 0 0 0 0.5 0 0 0.25 0 0 0 0 0 0 0 0 0 0.25 0 0 0 0.333333 0 0.333333 0 0 0 0 0 0 0 0 0.333333 0 0 0 
ATATTTAC 0.166667 0 0 0.166667 0 0 0 0 0 0 0 0 0.166667 0.166667 0 0.333333 0 0 0 0.4 0 0 0 0 0 0 0 0 0.2 0.2 0 0.2 0.25 0 0 0.25 0 0 0 0 0 0 0 0 0 0.25 0 0.25 0 0.333333 0 0.333333 0 0 0 0 0 0 0 0 0.333333 0 0 0 
ATCAACAA 0.166667 0.333333 0 0 0.333333 0 0 0 0 0 0 0 0.166667 0 0 0 0.6 0 0 0 0 0.2 0 0 0 0 0 0 0.2 0 0 0 0.5 0 0 0 0.25 0 0 0 0 0 0 0 0 0.25 0 0 0 0.333333 0 0 0.333333 0 0 0 0 0 0 0 0.333333 0 0 0 
ATGTAAAC 0.166667 0.166667 0.166667 0 0 0 0 0 0.166667 0 0 0 0.166667 0 0 0.166667 0 0.2 0 0.2 0 0 0 0 0.2 0 0 0 0.4 0 0 0 0.25 0 0 0 0 0 0 0 0.25 0 0 0 0.25 0.25 0 0 0.333333 0 0 0 0 0 0 0 0 0.333333 0 0 0.333333 0 0 0 
ATGTTTAC 0 0 0.166667 0 0 0 0 0 0 0 0 0.166667 0.166667 0.166667 0 0.333333 0 0 0 0.2 0 0 0 0 0 0 0 0.2 0.2 0.2 0 0.2 0 0 0 0.25 0 0 0 0 0.25 0 0 0 0 0.25 0 0.25 0 0 0 0.333333 0 0 0 0 0 0.333333 0 0 0.333333 0 0 0 
ATTGTTTA 0 0 0 0.166667 0 0 0 0 0 0 0 0.166667 0.166667 0 0.166667 0.333333 0 0 0.2 0 0 0 0 0 0 0 0 0.2 0.2 0 0 0.4 0 0 0 0.25 0 0 0 0 0.25 0 0 0 0 0 0 0.5 0 0 0 0.333333 0 0 0 0 0 0 0 0 0.333333 0 0 0.333333 
CATAAACA 0.5 0.166667 0 0 0 0 0 0.166667 0 0 0 0 0.166667 0 0 0 0.4 0.2 0 0 0.2 0 0 0 0 0 0 0 0.2 0 0 0 0.5 0 0 0 0.25 0 0 0 0 0 0 0 0 0.25 0 0 0 0.333333 0 0 0.333333 0 0 0 0 0 0 0 0.333333 0 0 0 
CATGTTTA 0 0 0.166667 0 0 0 0 0.166667 0 0 0 0.166667 0.166667 0 0 0.333333 0 0 0 0.2 0 0 0.2 0 0 0 0 0.2 0.2 0 0 0.2 0 0 0 0.25 0 0 0 0.25 0.25 0 0 0 0 0 0 0.25 0 0 0 0.333333 0 0 0 0.333333 0 0 0 0 0.333333 0 0 0 
CGTAAACA 0.333333 0.166667 0 0 0 0 0 0.166667 0.166667 0 0 0 0.166667 0 0 0 0.2 0.2 0 0 0.2 0 0 0 0.2 0 0 0 0.2 0 0 0 0.25 0 0 0 0.25 0 0 0 0.25 0 0 0 0 0.25 0 0 0 0 0 0 0.333333 0 0 0 0 0.333333 0 0 0.333333 0 0 0 
CTGTTTAC 0 0 0 0 0 0 0.166667 0 0 0 0 0.166667 0.166667 0.166667 0 0.333333 0 0 0 0 0 0 0 0.2 0 0 0 0.2 0.2 0.2 0 0.2 0 0 0 0 0 0 0 0.25 0.25 0 0 0 0 0.25 0 0.25 0 0 0 0 0 0 0 0.333333 0 0.333333 0 0 0.333333 0 0 0 
CTTGTTTA 0 0 0 0 0 0 0 0.166667 0 0 0 0.166667 0.166667 0 0.166667 0.333333 0 0 0 0 0 0 0.2 0 0 0 0 0.2 0.2 0 0 0.4 0 0 0 0 0 0 0 0.25 0.25 0 0 0 0 0 0 0.5 0 0 0 0 0 0 0 0.333333 0 0 0 0 0.333333 0 0 0.333333 
GATAAACA 0.5 0.166667 0 0 0 0 0 0 0 0 0 0.166667 0.166667 0 0 0 0.4 0.2 0 0 0 0 0 0 0.2 0 0 0 0.2 0 0 0 0.5 0 0 0 0 0 0 0 0.25 0 0 0 0 0.25 0 0 0 0.333333 0 0 0 0 0 0 0.333333 0 0 0 0.333333 0 0 0 
GGTAAACA 0.333333 0.166667 0 0 0 0 0 0 0.166667 0 0 0.166667 0.166667 0 0 0 0.2 0.2 0 0 0 0 0 0 0.4 0 0 0 0.2 0 0 0 0.25 0 0 0 0 0 0 0 0.5 0 0 0 0 0.25 0 0 0 0 0 0 0 0 0 0 0.333333 0.333333 0 0 0.333333 0 0 0 
GGTAAATA 0.333333 0 0 0.166667 0 0 0 0 0.166667 0 0 0.166667 0.166667 0 0 0 0.2 0 0 0.2 0 0 0 0 0.4 0 0 0 0.2 0 0 0 0.25 0 0 0 0 0 0 0 0.5 0 0 0 0 0 0 0.25 0 0 0 0 0 0 0 0 0.333333 0 0 0.333333 0.333333 0 0 0 
GTAAACAA 0.333333 0.166667 0 0 0.166667 0 0 0 0.166667 0 0 0 0.166667 0 0 0 0.4 0.2 0 0 0 0 0 0 0.2 0 0 0 0.2 0 0 0 0.5 0 0 0 0 0 0 0 0.25 0 0 0 0 0.25 0 0 0.333333 0 0 0 0 0 0 0 0 0.333333 0 0 0.333333 0 0 0 
GTAAACAC 0.333333 0.166667 0 0 0 0.166667 0 0 0.166667 0 0 0 0.166667 0 0 0 0.2 0.4 0 0 0 0 0 0 0.2 0 0 0 0.2 0 0 0 0.25 0.25 0 0 0 0 0 0 0.25 0 0 0 0 0.25 0 0 0 0.333333 0 0 0 0 0 0 0 0.333333 0 0 0.333333 0 0 0 
GTAAATAA 0.333333 0 0 0.166667 0 0 0 0 0.166667 0 0 0 0.333333 0 0 0 0.4 0 0 0.2 0 0 0 0 0.2 0 0 0 0.2 0 0 0 0.5 0 0 0 0 0 0 0 0.25 0 0 0 0 0 0 0.25 0.333333 0 0 0 0 0 0 0 0 0 0 0.333333 0.333333 0 0 0 
GTCAACAA 0.166667 0.166667 0 0 0.333333 0 0 0 0 0.166667 0 0 0.166667 0 0 0 0.4 0 0 0 0 0.2 0 0 0.2 0 0 0 0.2 0 0 0 0.25 0 0 0 0.25 0 0 0 0.25 0 0 0 0 0.25 0 0 0 0 0 0 0.333333 0 0 0 0 0.333333 0 0 0.333333 0 0 0 
GTTGTTTA 0 0 0 0 0 0 0 0 0 0 0 0.333333 0.166667 0 0.166667 0.333333 0 0 0 0 0 0 0 0 0 0 0.2 0.2 0.2 0 0 0.4 0 0 0 0 0 0 0 0 0.25 0 0 0.25 0 0 0 0.5 0 0 0 0 0 0 0 0 0 0 0 0.333333 0.333333 0 0 0.333333 
TAAACAAA 0.5 0.166667 0 0 0.166667 0 0 0 0 0 0 0 0.166667 0 0 0 0.4 0.2 0 0 0.2 0 0 0 0 0 0 0 0.2 0 0 0 0.75 0 0 0 0 0 0 0 0 0 0 0 0 0.25 0 0 0.666667 0 0 0 0 0 0 0 0 0 0 0 0.333333 0 0 0 
TAAACACA 0.5 0.166667 0 0 0 0.166667 0 0 0 0 0 0 0.166667 0 0 0 0.2 0.4 0 0 0.2 0 0 0 0 0 0 0 0.2 0 0 0 0.5 0.25 0 0 0 0 0 0 0 0 0 0 0 0.25 0 0 0.333333 0.333333 0 0 0 0 0 0 0 0 0 0 0.333333 0 0 0 
TAAACATA 0.5 0.166667 0 0 0 0 0 0.166667 0 0 0 0 0.166667 0 0 0 0.2 0.2 0 0.2 0.2 0 0 0 0 0 0 0 0.2 0 0 0 0.5 0 0 0.25 0 0 0 0 0 0 0 0 0 0.25 0 0 0.333333 0 0 0.333333 0 0 0 0 0 0 0 0 0.333333 0 0 0 
TAAATAAA 0.5 0 0 0.166667 0 0 0 0 0 0 0 0 0.333333 0 0 0 0.4 0 0 0.2 0 0 0 0 0 0 0 0 0.4 0 0 0 0.75 0 0 0 0 0 0 0 0 0 0 0 0 0 0 0.25 0.666667 0 0 0 0 0 0 0 0 0 0 0 0.333333 0 0 0 
TACACAAA 0.5 0 0 0 0.166667 0.166667 0 0 0 0 0 0 0 0.166667 0 0 0.2 0.2 0 0 0.4 0 0 0 0 0 0 0 0.2 0 0 0 0.5 0 0 0 0.25 0 0 0 0 0 0 0 0 0.25 0 0 0.333333 0 0 0 0.333333 0 0 0 0 0 0 0 0.333333 0 0 0 
TATAAACA 0.5 0.166667 0 0 0 0 0 0 0 0 0 0 0.166667 0 0 0.166667 0.4 0.2 0 0 0 0 0 0 0 0 0 0 0.4 0 0 0 0.5 0 0 0 0 0 0 0 0 0 0 0 0.25 0.25 0 0 0 0.333333 0 0 0 0 0 0 0 0 0 0 0.666667 0 0 0 
TATCAACA 0.166667 0.333333 0 0 0.166667 0 0 0 0 0 0 0 0.166667 0 0 0.166667 0.4 0 0 0 0 0.2 0 0 0 0 0 0 0.2 0.2 0 0 0.25 0 0 0 0.25 0 0 0 0 0 0 0 0.25 0.25 0 0 0 0.333333 0 0 0 0 0 0 0 0 0 0 0.666667 0 0 0 
TATTTACA 0.166667 0 0 0.166667 0 0 0 0 0 0 0 0 0.166667 0.166667 0 0.333333 0 0 0 0.2 0 0 0 0 0 0 0 0 0.4 0.2 0 0.2 0.25 0 0 0 0 0 0 0 0 0 0 0 0.25 0.25 0 0.25 0 0.333333 0 0 0 0 0 0 0 0 0 0 0.666667 0 0 0 
TCAACAAA 0.333333 0.166667 0 0 0.333333 0 0 0 0 0 0 0 0.166667 0 0 0 0.4 0 0 0 0.2 0.2 0 0 0 0 0 0 0.2 0 0 0 0.5 0 0 0 0.25 0 0 0 0 0 0 0 0 0.25 0 0 0.333333 0 0 0 0.333333 0 0 0 0 0 0 0 0.333333 0 0 0 
TGTAAACA 0.333333 0.166667 0 0 0 0 0 0 0.166667 0 0 0 0.166667 0 0 0.166667 0.2 0.2 0 0 0 0 0 0 0.2 0 0 0 0.4 0 0 0 0.25 0 0 0 0 0 0 0 0.25 0 0 0 0.25 0.25 0 0 0 0 0 0 0 0 0 0 0 0.333333 0 0 0.666667 0 0 0 
TGTACACA 0.333333 0 0 0 0 0.166667 0 0 0.166667 0 0 0 0 0.166667 0 0.166667 0 0.2 0 0 0.2 0 0 0 0 0.2 0 0 0.4 0 0 0 0.25 0 0 0 0 0 0 0 0.25 0 0 0 0 0.5 0 0 0 0 0 0 0 0 0 0 0 0.333333 0 0 0.666667 0 0 0 
TGTATACA 0.333333 0 0 0 0 0 0 0 0.166667 0 0 0 0 0.166667 0 0.333333 0 0.2 0 0 0 0 0 0 0 0 0 0.2 0.6 0 0 0 0.25 0 0 0 0 0 0 0 0.25 0 0 0 0 0.25 0 0.25 0 0 0 0 0 0 0 0 0 0.333333 0 0 0.666667 0 0 0 
TGTCAACA 0.166667 0.166667 0 0 0.166667 0 0 0 0 0.166667 0 0 0.166667 0 0 0.166667 0.2 0 0 0 0 0.2 0 0 0.2 0 0 0 0.2 0.2 0 0 0 0 0 0 0.25 0 0 0 0.25 0 0 0 0.25 0.25 0 0 0 0 0 0 0 0 0 0 0 0.333333 0 0 0.666667 0 0 0 
AAAACAAA 0.666667 0.166667 0 0 0.166667 0 0 0 0 0 0 0 0 0 0 0 0.6 0.2 0 0 0.2 0 0 0 0 0 0 0 0 0 0 0 0.75 0.25 0 0 0 0 0 0 0 0 0 0 0 0 0 0 1 0 0 0 0 0 0 0 0 0 0 0 0 0 0 0 
AAACAAAA 0.666667 0.166667 0 0 0.166667 0 0 0 0 0 0 0 0 0 0 0 0.6 0.2 0 0 0.2 0 0 0 0 0 0 0 0 0 0 0 0.75 0 0 0 0.25 0 0 0 0 0 0 0 0 0 0 0 1 0 0 0 0 0 0 0 0 0 0 0 0 0 0 0 
AAACAAAC 0.5 0.333333 0 0 0.166667 0 0 0 0 0 0 0 0 0 0 0 0.4 0.4 0 0 0.2 0 0 0 0 0 0 0 0 0 0 0 0.75 0 0 0 0 0.25 0 0 0 0 0 0 0 0 0 0 0.666667 0.333333 0 0 0 0 0 0 0 0 0 0 0 0 0 0 
AAACAAAT 0.5 0.166667 0 0.166667 0.166667 0 0 0 0 0 0 0 0 0 0 0 0.4 0.2 0 0.2 0.2 0 0 0 0 0 0 0 0 0 0 0 0.75 0 0 0 0 0 0 0.25 0 0 0 0 0 0 0 0 0.666667 0 0 0.333333 0 0 0 0 0 0 0 0 0 0 0 0 
AAATAAAC 0.5 0.166667 0 0.166667 0 0 0 0 0 0 0 0 0.166667 0 0 0 0.4 0.2 0 0.2 0 0 0 0 0 0 0 0 0.2 0 0 0 0.75 0 0 0 0 0 0 0 0 0 0 0 0 0.25 0 0 0.666667 0.333333 0 0 0 0 0 0 0 0 0 0 0 0 0 0 
AATAAACA 0.5 0.166667 0 0.166667 0 0 0 0 0 0 0 0 0.166667 0 0 0 0.6 0.2 0 0 0 0 0 0 0 0 0 0 0.2 0 0 0 0.75 0 0 0 0 0 0 0 0 0 0 0 0 0.25 0 0 0.333333 0.333333 0 0 0 0 0 0 0 0 0 0 0.333333 0 0 0 
AATAAATA 0.5 0 0 0.333333 0 0 0 0 0 0 0 0 0.166667 0 0 0 0.6 0 0 0.2 0 0 0 0 0 0 0 0 0.2 0 0 0 0.75 0 0 0 0 0 0 0 0 0 0 0 0 0 0 0.25 0.333333 0 0 0.333333 0 0 0 0 0 0 0 0 0.333333 0 0 0 
AATGTTTA 0 0 0.166667 0.166667 0 0 0 0 0 0 0 0.166667 0.166667 0 0 0.333333 0 0 0.2 0.2 0 0 0 0 0 0 0 0.2 0.2 0 0 0.2 0 0 0 0.5 0 0 0 0 0.25 0 0 0 0 0 0 0.25 0 0 0 0.666667 0 0 0 0 0 0 0 0 0.333333 0 0 0 
ACAACAAA 0.5 0.166667 0 0 0.333333 0 0 0 0 0 0 0 0 0 0 0 0.6 0 0 0 0.2 0.2 0 0 0 0 0 0 0 0 0 0 0.5 0.25 0 0 0.25 0 0 0 0 0 0 0 0 0 0 0 0.666667 0 0 0 0.333333 0 0 0 0 0 0 0 0 0 0 0 
ACTATTTA 0 0 0 0.333333 0.166667 0 0 0 0 0 0 0 0.166667 0 0 0.333333 0.2 0 0 0.2 0 0 0 0.2 0 0 0 0 0.2 0 0 0.2 0.25 0 0 0.25 0 0 0 0.25 0 0 0 0 0 0 0 0.25 0 0 0 0.333333 0 0 0 0.333333 0 0 0 0 0.333333 0 0 0 
ACTGTTTA 0 0 0 0.166667 0 0 0.166667 0 0 0 0 0.166667 0.166667 0 0 0.333333 0 0 0.2 0 0 0 0 0.2 0 0 0 0.2 0.2 0 0 0.2 0 0 0 0.25 0 0 0 0.25 0.25 0 0 0 0 0 0 0.25 0 0 0 0.333333 0 0 0 0.333333 0 0 0 0 0.333333 0 0 0 
AGTAAACA 0.333333 0.166667 0 0.166667 0 0 0 0 0.166667 0 0 0 0.166667 0 0 0 0.4 0.2 0 0 0 0 0 0 0.2 0 0 0 0.2 0 0 0 0.5 0 0 0 0 0 0 0 0.25 0 0 0 0 0.25 0 0 0.333333 0 0 0 0 0 0 0 0 0.333333 0 0 0.333333 0 0 0 
AGTAAATA 0.333333 0 0 0.333333 0 0 0 0 0.166667 0 0 0 0.166667 0 0 0 0.4 0 0 0.2 0 0 0 0 0.2 0 0 0 0.2 0 0 0 0.5 0 0 0 0 0 0 0 0.25 0 0 0 0 0 0 0.25 0.333333 0 0 0 0 0 0 0 0 0 0 0.333333 0.333333 0 0 0 
AGTGTTTA 0 0 0 0.166667 0 0 0 0 0 0 0.166667 0.166667 0.166667 0 0 0.333333 0 0 0.2 0 0 0 0 0 0 0 0 0.4 0.2 0 0 0.2 0 0 0 0.25 0 0 0 0 0.25 0 0 0.25 0 0 0 0.25 0 0 0 0.333333 0 0 0 0 0 0 0 0.333333 0.333333 0 0 0 
ATAAACAA 0.5 0.166667 0 0 0.166667 0 0 0 0 0 0 0 0.166667 0 0 0 0.6 0.2 0 0 0 0 0 0 0 0 0 0 0.2 0 0 0 0.75 0 0 0 0 0 0 0 0 0 0 0 0 0.25 0 0 0.333333 0.333333 0 0 0 0 0 0 0 0 0 0 0.333333 0 0 0 
ATAAACAC 0.5 0.166667 0 0 0 0.166667 0 0 0 0 0 0 0.166667 0 0 0 0.4 0.4 0 0 0 0 0 0 0 0 0 0 0.2 0 0 0 0.5 0.25 0 0 0 0 0 0 0 0 0 0 0 0.25 0 0 0 0.666667 0 0 0 0 0 0 0 0 0 0 0.333333 0 0 0 
ATAAACAG 0.5 0.166667 0 0 0 0 0.166667 0 0 0 0 0 0.166667 0 0 0 0.4 0.2 0.2 0 0 0 0 0 0 0 0 0 0.2 0 0 0 0.5 0 0.25 0 0 0 0 0 0 0 0 0 0 0.25 0 0 0 0.333333 0.333333 0 0 0 0 0 0 0 0 0 0.333333 0 0 0 
ATAAACAT 0.5 0.166667 0 0 0 0 0 0.166667 0 0 0 0 0.166667 0 0 0 0.4 0.2 0 0.2 0 0 0 0 0 0 0 0 0.2 0 0 0 0.5 0 0 0.25 0 0 0 0 0 0 0 0 0 0.25 0 0 0 0.333333 0 0.333333 0 0 0 0 0 0 0 0 0.333333 0 0 0 
ATAAATAA 0.5 0 0 0.166667 0 0 0 0 0 0 0 0 0.333333 0 0 0 0.6 0 0 0.2 0 0 0 0 0 0 0 0 0.2 0 0 0 0.75 0 0 0 0 0 0 0 0 0 0 0 0 0 0 0.25 0.333333 0 0 0.333333 0 0 0 0 0 0 0 0 0.333333 0 0 0 
ATAAATAT 0.5 0 0 0.166667 0 0 0 0 0 0 0 0 0.166667 0 0 0.166667 0.4 0 0 0.4 0 0 0 0 0 0 0 0 0.2 0 0 0 0.5 0 0 0.25 0 0 0 0 0 0 0 0 0 0 0 0.25 0 0 0 0.666667 0 0 0 0 0 0 0 0 0.333333 0 0 0 
ATATTTAC 0.166667 0 0 0.166667 0 0 0 0 0 0 0 0 0.166667 0.166667 0 0.333333 0 0 0 0.4 0 0 0 0 0 0 0 0 0.2 0.2 0 0.2 0.25 0 0 0.25 0 0 0 0 0 0 0 0 0 0.25 0 0.25 0 0.333333 0 0.333333 0 0 0 0 0 0 0 0 0.333333 0 0 0 
ATCAACAA 0.166667 0.333333 0 0 0.333333 0 0 0 0 0 0 0 0.166667 0 0 0 0.6 0 0 0 0 0.2 0 0 0 0 0 0 0.2 0 0 0 0.5 0 0 0 0.25 0 0 0 0 0 0 0 0 0.25 0 0 0 0.333333 0 0 0.333333 0 0 0 0 0 0 0 0.333333 0 0 0 
ATGTTTAC 0 0 0.166667 0 0 0 0 0 0 0 0 0.166667 0.166667 0.166667 0 0.333333 0 0 0 0.2 0 0 0 0 0 0 0 0.2 0.2 0.2 0 0.2 0 0 0 0.25 0 0 0 0 0.25 0 0 0 0 0.25 0 0.25 0 0 0 0.333333 0 0 0 0 0 0.333333 0 0 0.333333 0 0 0 
ATTGTTTA 0 0 0 0.166667 0 0 0 0 0 0 0 0.166667 0.166667 0 0.166667 0.333333 0 0 0.2 0 0 0 0 0 0 0 0 0.2 0.2 0 0 0.4 0 0 0 0.25 0 0 0 0 0.25 0 0 0 0 0 0 0.5 0 0 0 0.333333 0 0 0 0 0 0 0 0 0.333333 0 0 0.333333 
CATAAACA 0.5 0.166667 0 0 0 0 0 0.166667 0 0 0 0 0.166667 0 0 0 0.4 0.2 0 0 0.2 0 0 0 0 0 0 0 0.2 0 0 0 0.5 0 0 0 0.25 0 0 0 0 0 0 0 0 0.25 0 0 0 0.333333 0 0 0.333333 0 0 0 0 0 0 0 0.333333 0 0 0 
CATGTTTA 0 0 0.166667 0 0 0 0 0.166667 0 0 0 0.166667 0.166667 0 0 0.333333 0 0 0 0.2 0 0 0.2 0 0 0 0 0.2 0.2 0 0 0.2 0 0 0 0.25 0 0 0 0.25 0.25 0 0 0 0 0 0 0.25 0 0 0 0.333333 0 0 0 0.333333 0 0 0 0 0.333333 0 0 0 
CGTAAACA 0.333333 0.166667 0 0 0 0 0 0.166667 0.166667 0 0 0 0.166667 0 0 0 0.2 0.2 0 0 0.2 0 0 0 0.2 0 0 0 0.2 0 0 0 0.25 0 0 0 0.25 0 0 0 0.25 0 0 0 0 0.25 0 0 0 0 0 0 0.333333 0 0 0 0 0.333333 0 0 0.333333 0 0 0 
CGTAAATA 0.333333 0 0 0.166667 0 0 0 0.166667 0.166667 0 0 0 0.166667 0 0 0 0.2 0 0 0.2 0.2 0 0 0 0.2 0 0 0 0.2 0 0 0 0.25 0 0 0 0.25 0 0 0 0.25 0 0 0 0 0 0 0.25 0 0 0 0 0.333333 0 0 0 0 0 0 0.333333 0.333333 0 0 0 
CGTGTTTA 0 0 0 0 0 0 0 0.166667 0 0 0.166667 0.166667 0.166667 0 0 0.333333 0 0 0 0 0 0 0.2 0 0 0 0 0.4 0.2 0 0 0.2 0 0 0 0 0 0 0 0.25 0.25 0 0 0.25 0 0 0 0.25 0 0 0 0 0 0 0 0.333333 0 0 0 0.333333 0.333333 0 0 0 
CTAAACAA 0.333333 0.166667 0 0 0.333333 0 0 0 0 0 0 0 0.166667 0 0 0 0.4 0.2 0 0 0.2 0 0 0 0 0 0 0 0.2 0 0 0 0.5 0 0 0 0.25 0 0 0 0 0 0 0 0 0.25 0 0 0.333333 0 0 0 0 0.333333 0 0 0 0 0 0 0.333333 0 0 0 
CTATTTAC 0 0 0 0.166667 0.166667 0 0 0 0 0 0 0 0.166667 0.166667 0 0.333333 0 0 0 0.2 0 0 0 0.2 0 0 0 0 0.2 0.2 0 0.2 0.25 0 0 0 0 0 0 0.25 0 0 0 0 0 0.25 0 0.25 0 0.333333 0 0 0 0 0 0.333333 0 0 0 0 0.333333 0 0 0 
CTGTTTAC 0 0 0 0 0 0 0.166667 0 0 0 0 0.166667 0.166667 0.166667 0 0.333333 0 0 0 0 0 0 0 0.2 0 0 0 0.2 0.2 0.2 0 0.2 0 0 0 0 0 0 0 0.25 0.25 0 0 0 0 0.25 0 0.25 0 0 0 0 0 0 0 0.333333 0 0.333333 0 0 0.333333 0 0 0 
CTTATTTA 0 0 0 0.166667 0 0 0 0.166667 0 0 0 0 0.333333 0 0 0.333333 0 0 0 0.2 0.2 0 0 0 0 0 0 0 0.2 0 0 0.4 0.25 0 0 0 0 0 0 0.25 0 0 0 0 0 0 0 0.5 0 0 0 0 0 0 0 0.333333 0 0 0 0 0.333333 0 0 0.333333 
CTTGTTTA 0 0 0 0 0 0 0 0.166667 0 0 0 0.166667 0.166667 0 0.166667 0.333333 0 0 0 0 0 0 0.2 0 0 0 0 0.2 0.2 0 0 0.4 0 0 0 0 0 0 0 0.25 0.25 0 0 0 0 0 0 0.5 0 0 0 0 0 0 0 0.333333 0 0 0 0 0.333333 0 0 0.333333 
GACAACAA 0.333333 0.166667 0 0 0.333333 0 0 0 0 0.166667 0 0 0 0 0 0 0.6 0 0 0 0 0.2 0 0 0.2 0 0 0 0 0 0 0 0.25 0.25 0 0 0.25 0 0 0 0.25 0 0 0 0 0 0 0 0.333333 0 0 0 0.333333 0 0 0 0 0.333333 0 0 0 0 0 0 
GATAAACA 0.5 0.166667 0 0 0 0 0 0 0 0 0 0.166667 0.166667 0 0 0 0.4 0.2 0 0 0 0 0 0 0.2 0 0 0 0.2 0 0 0 0.5 0 0 0 0 0 0 0 0.25 0 0 0 0 0.25 0 0 0 0.333333 0 0 0 0 0 0 0.333333 0 0 0 0.333333 0 0 0 
GGTAAACA 0.333333 0.166667 0 0 0 0 0 0 0.166667 0 0 0.166667 0.166667 0 0 0 0.2 0.2 0 0 0 0 0 0 0.4 0 0 0 0.2 0 0 0 0.25 0 0 0 0 0 0 0 0.5 0 0 0 0 0.25 0 0 0 0 0 0 0 0 0 0 0.333333 0.333333 0 0 0.333333 0 0 0 
GTAAACAA 0.333333 0.166667 0 0 0.166667 0 0 0 0.166667 0 0 0 0.166667 0 0 0 0.4 0.2 0 0 0 0 0 0 0.2 0 0 0 0.2 0 0 0 0.5 0 0 0 0 0 0 0 0.25 0 0 0 0 0.25 0 0 0.333333 0 0 0 0 0 0 0 0 0.333333 0 0 0.333333 0 0 0 
GTAAACAC 0.333333 0.166667 0 0 0 0.166667 0 0 0.166667 0 0 0 0.166667 0 0 0 0.2 0.4 0 0 0 0 0 0 0.2 0 0 0 0.2 0 0 0 0.25 0.25 0 0 0 0 0 0 0.25 0 0 0 0 0.25 0 0 0 0.333333 0 0 0 0 0 0 0 0.333333 0 0 0.333333 0 0 0 
GTAAATAA 0.333333 0 0 0.166667 0 0 0 0 0.166667 0 0 0 0.333333 0 0 0 0.4 0 0 0.2 0 0 0 0 0.2 0 0 0 0.2 0 0 0 0.5 0 0 0 0 0 0 0 0.25 0 0 0 0 0 0 0.25 0.333333 0 0 0 0 0 0 0 0 0 0 0.333333 0.333333 0 0 0 
GTAAATAC 0.333333 0 0 0.166667 0 0 0 0 0.166667 0 0 0 0.166667 0.166667 0 0 0.2 0.2 0 0.2 0 0 0 0 0.2 0 0 0 0.2 0 0 0 0.25 0.25 0 0 0 0 0 0 0.25 0 0 0 0 0 0 0.25 0 0.333333 0 0 0 0 0 0 0 0 0 0.333333 0.333333 0 0 0 
GTCAATAA 0.166667 0 0 0.166667 0.166667 0 0 0 0 0.166667 0 0 0.333333 0 0 0 0.4 0 0 0 0 0 0 0.2 0.2 0 0 0 0.2 0 0 0 0.25 0 0 0 0.25 0 0 0 0.25 0 0 0 0 0 0 0.25 0 0 0 0 0.333333 0 0 0 0 0 0 0.333333 0.333333 0 0 0 
GTTGTTTA 0 0 0 0 0 0 0 0 0 0 0 0.333333 0.166667 0 0.166667 0.333333 0 0 0 0 0 0 0 0 0 0 0.2 0.2 0.2 0 0 0.4 0 0 0 0 0 0 0 0 0.25 0 0 0.25 0 0 0 0.5 0 0 0 0 0 0 0 0 0 0 0 0.333333 0.333333 0 0 0.333333 
GTTTATTA 0 0 0 0.166667 0 0 0 0 0 0 0 0.166667 0.333333 0 0 0.333333 0.2 0 0 0 0 0 0 0 0 0 0 0.2 0.2 0 0 0.4 0 0 0 0 0 0 0 0 0.25 0 0 0 0.25 0 0 0.5 0 0 0 0 0 0 0 0 0 0 0 0.333333 0.333333 0 0 0.333333 
TAAACAAA 0.5 0.166667 0 0 0.166667 0 0 0 0 0 0 0 0.166667 0 0 0 0.4 0.2 0 0 0.2 0 0 0 0 0 0 0 0.2 0 0 0 0.75 0 0 0 0 0 0 0 0 0 0 0 0 0.25 0 0 0.666667 0 0 0 0 0 0 0 0 0 0 0 0.333333 0 0 0 
TAAACACA 0.5 0.166667 0 0 0 0.166667 0 0 0 0 0 0 0.166667 0 0 0 0.2 0.4 0 0 0.2 0 0 0 0 0 0 0 0.2 0 0 0 0.5 0.25 0 0 0 0 0 0 0 0 0 0 0 0.25 0 0 0.333333 0.333333 0 0 0 0 0 0 0 0 0 0 0.333333 0 0 0 
TAAACATA 0.5 0.166667 0 0 0 0 0 0.166667 0 0 0 0 0.166667 0 0 0 0.2 0.2 0 0.2 0.2 0 0 0 0 0 0 0 0.2 0 0 0 0.5 0 0 0.25 0 0 0 0 0 0 0 0 0 0.25 0 0 0.333333 0 0 0.333333 0 0 0 0 0 0 0 0 0.333333 0 0 0 
TAAATAAA 0.5 0 0 0.166667 0 0 0 0 0 0 0 0 0.333333 0 0 0 0.4 0 0 0.2 0 0 0 0 0 0 0 0 0.4 0 0 0 0.75 0 0 0 0 0 0 0 0 0 0 0 0 0 0 0.25 0.666667 0 0 0 0 0 0 0 0 0 0 0 0.333333 0 0 0 
TAAATAGA 0.5 0 0 0.166667 0 0 0 0 0 0 0 0 0.166667 0 0.166667 0 0.2 0 0.2 0.2 0 0 0 0 0 0 0 0 0.4 0 0 0 0.5 0 0.25 0 0 0 0 0 0 0 0 0 0 0 0 0.25 0.333333 0 0.333333 0 0 0 0 0 0 0 0 0 0.333333 0 0 0 
TAAATATA 0.5 0 0 0.166667 0 0 0 0 0 0 0 0 0.166667 0 0 0.166667 0.2 0 0 0.4 0 0 0 0 0 0 0 0 0.4 0 0 0 0.5 0 0 0.25 0 0 0 0 0 0 0 0 0 0 0 0.25 0.333333 0 0 0.333333 0 0 0 0 0 0 0 0 0.333333 0 0 0 
TATAAACA 0.5 0.166667 0 0 0 0 0 0 0 0 0 0 0.166667 0 0 0.166667 0.4 0.2 0 0 0 0 0 0 0 0 0 0 0.4 0 0 0 0.5 0 0 0 0 0 0 0 0 0 0 0 0.25 0.25 0 0 0 0.333333 0 0 0 0 0 0 0 0 0 0 0.666667 0 0 0 
TATAAATA 0.5 0 0 0.166667 0 0 0 0 0 0 0 0 0.166667 0 0 0.166667 0.4 0 0 0.2 0 0 0 0 0 0 0 0 0.4 0 0 0 0.5 0 0 0 0 0 0 0 0 0 0 0 0.25 0 0 0.25 0 0 0 0.333333 0 0 0 0 0 0 0 0 0.666667 0 0 0 
TATTTACA 0.166667 0 0 0.166667 0 0 0 0 0 0 0 0 0.166667 0.166667 0 0.333333 0 0 0 0.2 0 0 0 0 0 0 0 0 0.4 0.2 0 0.2 0.25 0 0 0 0 0 0 0 0 0 0 0 0.25 0.25 0 0.25 0 0.333333 0 0 0 0 0 0 0 0 0 0 0.666667 0 0 0 
TCAACAAA 0.333333 0.166667 0 0 0.333333 0 0 0 0 0 0 0 0.166667 0 0 0 0.4 0 0 0 0.2 0.2 0 0 0 0 0 0 0.2 0 0 0 0.5 0 0 0 0.25 0 0 0 0 0 0 0 0 0.25 0 0 0.333333 0 0 0 0.333333 0 0 0 0 0 0 0 0.333333 0 0 0 
TGTAAACA 0.333333 0.166667 0 0 0 0 0 0 0.166667 0 0 0 0.166667 0 0 0.166667 0.2 0.2 0 0 0 0 0 0 0.2 0 0 0 0.4 0 0 0 0.25 0 0 0 0 0 0 0 0.25 0 0 0 0.25 0.25 0 0 0 0 0 0 0 0 0 0 0 0.333333 0 0 0.666667 0 0 0 
AAAACAAA 0.666667 0.166667 0 0 0.166667 0 0 0 0 0 0 0 0 0 0 0 0.6 0.2 0 0 0.2 0 0 0 0 0 0 0 0 0 0 0 0.75 0.25 0 0 0 0 0 0 0 0 0 0 0 0 0 0 1 0 0 0 0 0 0 0 0 0 0 0 0 0 0 0 
AAACAAAC 0.5 0.333333 0 0 0.166667 0 0 0 0 0 0 0 0 0 0 0 0.4 0.4 0 0 0.2 0 0 0 0 0 0 0 0 0 0 0 0.75 0 0 0 0 0.25 0 0 0 0 0 0 0 0 0 0 0.666667 0.333333 0 0 0 0 0 0 0 0 0 0 0 0 0 0 
AAACAATA 0.5 0.166667 0 0.166667 0.166667 0 0 0 0 0 0 0 0 0 0 0 0.6 0.2 0 0 0 0 0 0.2 0 0 0 0 0 0 0 0 0.5 0 0 0.25 0.25 0 0 0 0 0 0 0 0 0 0 0 0.666667 0 0 0.333333 0 0 0 0 0 0 0 0 0 0 0 0 
AAACAATG 0.333333 0.166667 0.166667 0.166667 0.166667 0 0 0 0 0 0 0 0 0 0 0 0.4 0.2 0.2 0 0 0 0 0.2 0 0 0 0 0 0 0 0 0.5 0 0 0.25 0 0 0.25 0 0 0 0 0 0 0 0 0 0.333333 0 0.333333 0.333333 0 0 0 0 0 0 0 0 0 0 0 0 
AAACACAA 0.5 0.166667 0 0 0.166667 0.166667 0 0 0 0 0 0 0 0 0 0 0.4 0.4 0 0 0.2 0 0 0 0 0 0 0 0 0 0 0 0.5 0.25 0 0 0.25 0 0 0 0 0 0 0 0 0 0 0 0.666667 0.333333 0 0 0 0 0 0 0 0 0 0 0 0 0 0 
AAATAAAC 0.5 0.166667 0 0.166667 0 0 0 0 0 0 0 0 0.166667 0 0 0 0.4 0.2 0 0.2 0 0 0 0 0 0 0 0 0.2 0 0 0 0.75 0 0 0 0 0 0 0 0 0 0 0 0 0.25 0 0 0.666667 0.333333 0 0 0 0 0 0 0 0 0 0 0 0 0 0 
AAATACAA 0.5 0 0 0.166667 0.166667 0 0 0 0 0 0 0 0 0.166667 0 0 0.4 0.2 0 0.2 0 0 0 0 0 0 0 0 0.2 0 0 0 0.5 0.25 0 0 0 0 0 0 0 0 0 0 0.25 0 0 0 0.666667 0.333333 0 0 0 0 0 0 0 0 0 0 0 0 0 0 
AACAAACA 0.5 0.333333 0 0 0.166667 0 0 0 0 0 0 0 0 0 0 0 0.6 0.2 0 0 0.2 0 0 0 0 0 0 0 0 0 0 0 0.75 0 0 0 0 0.25 0 0 0 0 0 0 0 0 0 0 0.333333 0.333333 0 0 0.333333 0 0 0 0 0 0 0 0 0 0 0 
AACAACAA 0.333333 0.333333 0 0 0.333333 0 0 0 0 0 0 0 0 0 0 0 0.8 0 0 0 0 0.2 0 0 0 0 0 0 0 0 0 0 0.5 0.25 0 0 0.25 0 0 0 0 0 0 0 0 0 0 0 0.333333 0.333333 0 0 0.333333 0 0 0 0 0 0 0 0 0 0 0 
AATAAACA 0.5 0.166667 0 0.166667 0 0 0 0 0 0 0 0 0.166667 0 0 0 0.6 0.2 0 0 0 0 0 0 0 0 0 0 0.2 0 0 0 0.75 0 0 0 0 0 0 0 0 0 0 0 0 0.25 0 0 0.333333 0.333333 0 0 0 0 0 0 0 0 0 0 0.333333 0 0 0 
AATAAATA 0.5 0 0 0.333333 0 0 0 0 0 0 0 0 0.166667 0 0 0 0.6 0 0 0.2 0 0 0 0 0 0 0 0 0.2 0 0 0 0.75 0 0 0 0 0 0 0 0 0 0 0 0 0 0 0.25 0.333333 0 0 0.333333 0 0 0 0 0 0 0 0 0.333333 0 0 0 
AATATTTA 0.166667 0 0 0.333333 0 0 0 0 0 0 0 0 0.166667 0 0 0.333333 0.2 0 0 0.4 0 0 0 0 0 0 0 0 0.2 0 0 0.2 0.25 0 0 0.5 0 0 0 0 0 0 0 0 0 0 0 0.25 0 0 0 0.666667 0 0 0 0 0 0 0 0 0.333333 0 0 0 
AATCAACA 0.166667 0.333333 0 0.166667 0.166667 0 0 0 0 0 0 0 0.166667 0 0 0 0.4 0.2 0 0 0 0.2 0 0 0 0 0 0 0.2 0 0 0 0.5 0 0 0 0.25 0 0 0 0 0 0 0 0 0.25 0 0 0.333333 0.333333 0 0 0 0 0 0 0 0 0 0 0.333333 0 0 0 
AATGTTTA 0 0 0.166667 0.166667 0 0 0 0 0 0 0 0.166667 0.166667 0 0 0.333333 0 0 0.2 0.2 0 0 0 0 0 0 0 0.2 0.2 0 0 0.2 0 0 0 0.5 0 0 0 0 0.25 0 0 0 0 0 0 0.25 0 0 0 0.666667 0 0 0 0 0 0 0 0 0.333333 0 0 0 
ACAACAAA 0.5 0.166667 0 0 0.333333 0 0 0 0 0 0 0 0 0 0 0 0.6 0 0 0 0.2 0.2 0 0 0 0 0 0 0 0 0 0 0.5 0.25 0 0 0.25 0 0 0 0 0 0 0 0 0 0 0 0.666667 0 0 0 0.333333 0 0 0 0 0 0 0 0 0 0 0 
ACAACAAT 0.333333 0.166667 0 0.166667 0.333333 0 0 0 0 0 0 0 0 0 0 0 0.6 0 0 0 0 0.2 0 0.2 0 0 0 0 0 0 0 0 0.25 0.25 0 0.25 0.25 0 0 0 0 0 0 0 0 0 0 0 0.333333 0 0 0.333333 0.333333 0 0 0 0 0 0 0 0 0 0 0 
ACTGTTTA 0 0 0 0.166667 0 0 0.166667 0 0 0 0 0.166667 0.166667 0 0 0.333333 0 0 0.2 0 0 0 0 0.2 0 0 0 0.2 0.2 0 0 0.2 0 0 0 0.25 0 0 0 0.25 0.25 0 0 0 0 0 0 0.25 0 0 0 0.333333 0 0 0 0.333333 0 0 0 0 0.333333 0 0 0 
AGTAAACA 0.333333 0.166667 0 0.166667 0 0 0 0 0.166667 0 0 0 0.166667 0 0 0 0.4 0.2 0 0 0 0 0 0 0.2 0 0 0 0.2 0 0 0 0.5 0 0 0 0 0 0 0 0.25 0 0 0 0 0.25 0 0 0.333333 0 0 0 0 0 0 0 0 0.333333 0 0 0.333333 0 0 0 
AGTAAATA 0.333333 0 0 0.333333 0 0 0 0 0.166667 0 0 0 0.166667 0 0 0 0.4 0 0 0.2 0 0 0 0 0.2 0 0 0 0.2 0 0 0 0.5 0 0 0 0 0 0 0 0.25 0 0 0 0 0 0 0.25 0.333333 0 0 0 0 0 0 0 0 0 0 0.333333 0.333333 0 0 0 
AGTATTTA 0 0 0 0.333333 0 0 0 0 0.166667 0 0 0 0.166667 0 0 0.333333 0.2 0 0 0.2 0 0 0 0 0 0 0 0.2 0.2 0 0 0.2 0.25 0 0 0.25 0 0 0 0 0 0 0 0.25 0 0 0 0.25 0 0 0 0.333333 0 0 0 0 0 0 0 0.333333 0.333333 0 0 0 
AGTCAACA 0.166667 0.166667 0 0.166667 0.166667 0 0 0 0 0.166667 0 0 0.166667 0 0 0 0.2 0.2 0 0 0 0.2 0 0 0.2 0 0 0 0.2 0 0 0 0.25 0 0 0 0.25 0 0 0 0.25 0 0 0 0 0.25 0 0 0.333333 0 0 0 0 0 0 0 0 0.333333 0 0 0.333333 0 0 0 
AGTGTTTA 0 0 0 0.166667 0 0 0 0 0 0 0.166667 0.166667 0.166667 0 0 0.333333 0 0 0.2 0 0 0 0 0 0 0 0 0.4 0.2 0 0 0.2 0 0 0 0.25 0 0 0 0 0.25 0 0 0.25 0 0 0 0.25 0 0 0 0.333333 0 0 0 0 0 0 0 0.333333 0.333333 0 0 0 
ATAAACAA 0.5 0.166667 0 0 0.166667 0 0 0 0 0 0 0 0.166667 0 0 0 0.6 0.2 0 0 0 0 0 0 0 0 0 0 0.2 0 0 0 0.75 0 0 0 0 0 0 0 0 0 0 0 0 0.25 0 0 0.333333 0.333333 0 0 0 0 0 0 0 0 0 0 0.333333 0 0 0 
ATAAACAC 0.5 0.166667 0 0 0 0.166667 0 0 0 0 0 0 0.166667 0 0 0 0.4 0.4 0 0 0 0 0 0 0 0 0 0 0.2 0 0 0 0.5 0.25 0 0 0 0 0 0 0 0 0 0 0 0.25 0 0 0 0.666667 0 0 0 0 0 0 0 0 0 0 0.333333 0 0 0 
ATAAACAG 0.5 0.166667 0 0 0 0 0.166667 0 0 0 0 0 0.166667 0 0 0 0.4 0.2 0.2 0 0 0 0 0 0 0 0 0 0.2 0 0 0 0.5 0 0.25 0 0 0 0 0 0 0 0 0 0 0.25 0 0 0 0.333333 0.333333 0 0 0 0 0 0 0 0 0 0.333333 0 0 0 
ATAAACAT 0.5 0.166667 0 0 0 0 0 0.166667 0 0 0 0 0.166667 0 0 0 0.4 0.2 0 0.2 0 0 0 0 0 0 0 0 0.2 0 0 0 0.5 0 0 0.25 0 0 0 0 0 0 0 0 0 0.25 0 0 0 0.333333 0 0.333333 0 0 0 0 0 0 0 0 0.333333 0 0 0 
ATAAATAA 0.5 0 0 0.166667 0 0 0 0 0 0 0 0 0.333333 0 0 0 0.6 0 0 0.2 0 0 0 0 0 0 0 0 0.2 0 0 0 0.75 0 0 0 0 0 0 0 0 0 0 0 0 0 0 0.25 0.333333 0 0 0.333333 0 0 0 0 0 0 0 0 0.333333 0 0 0 
ATAAATAC 0.5 0 0 0.166667 0 0 0 0 0 0 0 0 0.166667 0.166667 0 0 0.4 0.2 0 0.2 0 0 0 0 0 0 0 0 0.2 0 0 0 0.5 0.25 0 0 0 0 0 0 0 0 0 0 0 0 0 0.25 0 0.333333 0 0.333333 0 0 0 0 0 0 0 0 0.333333 0 0 0 
ATACACAA 0.5 0 0 0 0.166667 0.166667 0 0 0 0 0 0 0 0.166667 0 0 0.2 0.4 0 0 0.2 0 0 0 0 0 0 0 0.2 0 0 0 0.5 0 0 0 0.25 0 0 0 0 0 0 0 0 0.25 0 0 0.333333 0.333333 0 0 0 0 0 0 0 0 0 0 0.333333 0 0 0 
ATATTTAC 0.166667 0 0 0.166667 0 0 0 0 0 0 0 0 0.166667 0.166667 0 0.333333 0 0 0 0.4 0 0 0 0 0 0 0 0 0.2 0.2 0 0.2 0.25 0 0 0.25 0 0 0 0 0 0 0 0 0 0.25 0 0.25 0 0.333333 0 0.333333 0 0 0 0 0 0 0 0 0.333333 0 0 0 
ATCAACAA 0.166667 0.333333 0 0 0.333333 0 0 0 0 0 0 0 0.166667 0 0 0 0.6 0 0 0 0 0.2 0 0 0 0 0 0 0.2 0 0 0 0.5 0 0 0 0.25 0 0 0 0 0 0 0 0 0.25 0 0 0 0.333333 0 0 0.333333 0 0 0 0 0 0 0 0.333333 0 0 0 
ATCAACAT 0.166667 0.333333 0 0 0.166667 0 0 0.166667 0 0 0 0 0.166667 0 0 0 0.4 0 0 0.2 0 0.2 0 0 0 0 0 0 0.2 0 0 0 0.25 0 0 0.25 0.25 0 0 0 0 0 0 0 0 0.25 0 0 0 0.333333 0 0 0 0 0 0.333333 0 0 0 0 0.333333 0 0 0 
ATGTAAAC 0.166667 0.166667 0.166667 0 0 0 0 0 0.166667 0 0 0 0.166667 0 0 0.166667 0 0.2 0 0.2 0 0 0 0 0.2 0 0 0 0.4 0 0 0 0.25 0 0 0 0 0 0 0 0.25 0 0 0 0.25 0.25 0 0 0.333333 0 0 0 0 0 0 0 0 0.333333 0 0 0.333333 0 0 0 
ATGTTGAC 0 0 0.166667 0 0 0 0 0 0 0.166667 0 0.166667 0.166667 0 0.166667 0.166667 0 0 0 0.2 0 0 0 0 0 0 0.2 0 0.2 0.2 0 0.2 0 0 0 0.25 0 0 0 0 0.25 0 0 0 0 0.25 0.25 0 0 0 0.333333 0 0 0 0 0 0 0.333333 0 0 0.333333 0 0 0 
ATGTTTAC 0 0 0.166667 0 0 0 0 0 0 0 0 0.166667 0.166667 0.166667 0 0.333333 0 0 0 0.2 0 0 0 0 0 0 0 0.2 0.2 0.2 0 0.2 0 0 0 0.25 0 0 0 0 0.25 0 0 0 0 0.25 0 0.25 0 0 0 0.333333 0 0 0 0 0 0.333333 0 0 0.333333 0 0 0 
ATTATTTA 0 0 0 0.333333 0 0 0 0 0 0 0 0 0.333333 0 0 0.333333 0.2 0 0 0.2 0 0 0 0 0 0 0 0 0.2 0 0 0.4 0.25 0 0 0.25 0 0 0 0 0 0 0 0 0 0 0 0.5 0 0 0 0.333333 0 0 0 0 0 0 0 0 0.333333 0 0 0.333333 
ATTGTTGA 0 0 0 0.166667 0 0 0 0 0 0 0 0.166667 0.166667 0 0.333333 0.166667 0 0 0.2 0 0 0 0 0 0 0 0.2 0 0.2 0 0 0.4 0 0 0 0.25 0 0 0 0 0.25 0 0 0 0 0 0.25 0.25 0 0 0 0.333333 0 0 0 0 0 0 0 0 0.333333 0 0.333333 0 
ATTGTTTA 0 0 0 0.166667 0 0 0 0 0 0 0 0.166667 0.166667 0 0.166667 0.333333 0 0 0.2 0 0 0 0 0 0 0 0 0.2 0.2 0 0 0.4 0 0 0 0.25 0 0 0 0 0.25 0 0 0 0 0 0 0.5 0 0 0 0.333333 0 0 0 0 0 0 0 0 0.333333 0 0 0.333333 
CAACAACA 0.333333 0.333333 0 0 0.333333 0 0 0 0 0 0 0 0 0 0 0 0.6 0 0 0 0 0.4 0 0 0 0 0 0 0 0 0 0 0.25 0.25 0 0 0.5 0 0 0 0 0 0 0 0 0 0 0 0.333333 0.333333 0 0 0.333333 0 0 0 0 0 0 0 0 0 0 0 
CATAAACA 0.5 0.166667 0 0 0 0 0 0.166667 0 0 0 0 0.166667 0 0 0 0.4 0.2 0 0 0.2 0 0 0 0 0 0 0 0.2 0 0 0 0.5 0 0 0 0.25 0 0 0 0 0 0 0 0 0.25 0 0 0 0.333333 0 0 0.333333 0 0 0 0 0 0 0 0.333333 0 0 0 
CATCAACA 0.166667 0.333333 0 0 0.166667 0 0 0.166667 0 0 0 0 0.166667 0 0 0 0.4 0 0 0 0 0.4 0 0 0 0 0 0 0.2 0 0 0 0.25 0 0 0 0.5 0 0 0 0 0 0 0 0 0.25 0 0 0 0.333333 0 0 0.333333 0 0 0 0 0 0 0 0.333333 0 0 0 
CATGTTTA 0 0 0.166667 0 0 0 0 0.166667 0 0 0 0.166667 0.166667 0 0 0.333333 0 0 0 0.2 0 0 0.2 0 0 0 0 0.2 0.2 0 0 0.2 0 0 0 0.25 0 0 0 0.25 0.25 0 0 0 0 0 0 0.25 0 0 0 0.333333 0 0 0 0.333333 0 0 0 0 0.333333 0 0 0 
CGTAAACA 0.333333 0.166667 0 0 0 0 0 0.166667 0.166667 0 0 0 0.166667 0 0 0 0.2 0.2 0 0 0.2 0 0 0 0.2 0 0 0 0.2 0 0 0 0.25 0 0 0 0.25 0 0 0 0.25 0 0 0 0 0.25 0 0 0 0 0 0 0.333333 0 0 0 0 0.333333 0 0 0.333333 0 0 0 
CGTAAATA 0.333333 0 0 0.166667 0 0 0 0.166667 0.166667 0 0 0 0.166667 0 0 0 0.2 0 0 0.2 0.2 0 0 0 0.2 0 0 0 0.2 0 0 0 0.25 0 0 0 0.25 0 0 0 0.25 0 0 0 0 0 0 0.25 0 0 0 0 0.333333 0 0 0 0 0 0 0.333333 0.333333 0 0 0 
CGTCAACA 0.166667 0.166667 0 0 0.166667 0 0 0.166667 0 0.166667 0 0 0.166667 0 0 0 0.2 0 0 0 0 0.4 0 0 0.2 0 0 0 0.2 0 0 0 0 0 0 0 0.5 0 0 0 0.25 0 0 0 0 0.25 0 0 0 0 0 0 0.333333 0 0 0 0 0.333333 0 0 0.333333 0 0 0 
CGTGTTTA 0 0 0 0 0 0 0 0.166667 0 0 0.166667 0.166667 0.166667 0 0 0.333333 0 0 0 0 0 0 0.2 0 0 0 0 0.4 0.2 0 0 0.2 0 0 0 0 0 0 0 0.25 0.25 0 0 0.25 0 0 0 0.25 0 0 0 0 0 0 0 0.333333 0 0 0 0.333333 0.333333 0 0 0 
CTATTTAC 0 0 0 0.166667 0.166667 0 0 0 0 0 0 0 0.166667 0.166667 0 0.333333 0 0 0 0.2 0 0 0 0.2 0 0 0 0 0.2 0.2 0 0.2 0.25 0 0 0 0 0 0 0.25 0 0 0 0 0 0.25 0 0.25 0 0.333333 0 0 0 0 0 0.333333 0 0 0 0 0.333333 0 0 0 
CTGTAAAC 0.166667 0.166667 0 0 0 0 0.166667 0 0.166667 0 0 0 0.166667 0 0 0.166667 0 0.2 0 0 0 0 0 0.2 0.2 0 0 0 0.4 0 0 0 0 0 0 0 0.25 0 0 0 0.25 0 0 0 0.25 0.25 0 0 0 0 0 0 0.333333 0 0 0 0 0.333333 0 0 0.333333 0 0 0 
CTGTTTAC 0 0 0 0 0 0 0.166667 0 0 0 0 0.166667 0.166667 0.166667 0 0.333333 0 0 0 0 0 0 0 0.2 0 0 0 0.2 0.2 0.2 0 0.2 0 0 0 0 0 0 0 0.25 0.25 0 0 0 0 0.25 0 0.25 0 0 0 0 0 0 0 0.333333 0 0.333333 0 0 0.333333 0 0 0 
CTTGTTTA 0 0 0 0 0 0 0 0.166667 0 0 0 0.166667 0.166667 0 0.166667 0.333333 0 0 0 0 0 0 0.2 0 0 0 0 0.2 0.2 0 0 0.4 0 0 0 0 0 0 0 0.25 0.25 0 0 0 0 0 0 0.5 0 0 0 0 0 0 0 0.333333 0 0 0 0 0.333333 0 0 0.333333 
GACAACAA 0.333333 0.166667 0 0 0.333333 0 0 0 0 0.166667 0 0 0 0 0 0 0.6 0 0 0 0 0.2 0 0 0.2 0 0 0 0 0 0 0 0.25 0.25 0 0 0.25 0 0 0 0.25 0 0 0 0 0 0 0 0.333333 0 0 0 0.333333 0 0 0 0 0.333333 0 0 0 0 0 0 
GATAAACA 0.5 0.166667 0 0 0 0 0 0 0 0 0 0.166667 0.166667 0 0 0 0.4 0.2 0 0 0 0 0 0 0.2 0 0 0 0.2 0 0 0 0.5 0 0 0 0 0 0 0 0.25 0 0 0 0 0.25 0 0 0 0.333333 0 0 0 0 0 0 0.333333 0 0 0 0.333333 0 0 0 
GATCAACA 0.166667 0.333333 0 0 0.166667 0 0 0 0 0 0 0.166667 0.166667 0 0 0 0.4 0 0 0 0 0.2 0 0 0 0.2 0 0 0.2 0 0 0 0.25 0 0 0 0.25 0 0 0 0.25 0 0 0 0 0.25 0 0 0 0.333333 0 0 0 0 0 0 0.333333 0 0 0 0.333333 0 0 0 
GATGTTTA 0 0 0.166667 0 0 0 0 0 0 0 0 0.333333 0.166667 0 0 0.333333 0 0 0 0.2 0 0 0 0 0 0 0.2 0.2 0.2 0 0 0.2 0 0 0 0.25 0 0 0 0 0.25 0 0 0.25 0 0 0 0.25 0 0 0 0.333333 0 0 0 0 0 0 0 0.333333 0.333333 0 0 0 
GGTAAACA 0.333333 0.166667 0 0 0 0 0 0 0.166667 0 0 0.166667 0.166667 0 0 0 0.2 0.2 0 0 0 0 0 0 0.4 0 0 0 0.2 0 0 0 0.25 0 0 0 0 0 0 0 0.5 0 0 0 0 0.25 0 0 0 0 0 0 0 0 0 0 0.333333 0.333333 0 0 0.333333 0 0 0 
GGTAAATA 0.333333 0 0 0.166667 0 0 0 0 0.166667 0 0 0.166667 0.166667 0 0 0 0.2 0 0 0.2 0 0 0 0 0.4 0 0 0 0.2 0 0 0 0.25 0 0 0 0 0 0 0 0.5 0 0 0 0 0 0 0.25 0 0 0 0 0 0 0 0 0.333333 0 0 0.333333 0.333333 0 0 0 
GGTGTTTA 0 0 0 0 0 0 0 0 0 0 0.166667 0.333333 0.166667 0 0 0.333333 0 0 0 0 0 0 0 0 0 0 0.2 0.4 0.2 0 0 0.2 0 0 0 0 0 0 0 0 0.25 0 0 0.5 0 0 0 0.25 0 0 0 0 0 0 0 0 0 0 0 0.666667 0.333333 0 0 0 
GTAAACAA 0.333333 0.166667 0 0 0.166667 0 0 0 0.166667 0 0 0 0.166667 0 0 0 0.4 0.2 0 0 0 0 0 0 0.2 0 0 0 0.2 0 0 0 0.5 0 0 0 0 0 0 0 0.25 0 0 0 0 0.25 0 0 0.333333 0 0 0 0 0 0 0 0 0.333333 0 0 0.333333 0 0 0 
GTAAACAC 0.333333 0.166667 0 0 0 0.166667 0 0 0.166667 0 0 0 0.166667 0 0 0 0.2 0.4 0 0 0 0 0 0 0.2 0 0 0 0.2 0 0 0 0.25 0.25 0 0 0 0 0 0 0.25 0 0 0 0 0.25 0 0 0 0.333333 0 0 0 0 0 0 0 0.333333 0 0 0.333333 0 0 0 
GTAAATAA 0.333333 0 0 0.166667 0 0 0 0 0.166667 0 0 0 0.333333 0 0 0 0.4 0 0 0.2 0 0 0 0 0.2 0 0 0 0.2 0 0 0 0.5 0 0 0 0 0 0 0 0.25 0 0 0 0 0 0 0.25 0.333333 0 0 0 0 0 0 0 0 0 0 0.333333 0.333333 0 0 0 
GTAAATAC 0.333333 0 0 0.166667 0 0 0 0 0.166667 0 0 0 0.166667 0.166667 0 0 0.2 0.2 0 0.2 0 0 0 0 0.2 0 0 0 0.2 0 0 0 0.25 0.25 0 0 0 0 0 0 0.25 0 0 0 0 0 0 0.25 0 0.333333 0 0 0 0 0 0 0 0 0 0.333333 0.333333 0 0 0 
GTCAACAA 0.166667 0.166667 0 0 0.333333 0 0 0 0 0.166667 0 0 0.166667 0 0 0 0.4 0 0 0 0 0.2 0 0 0.2 0 0 0 0.2 0 0 0 0.25 0 0 0 0.25 0 0 0 0.25 0 0 0 0 0.25 0 0 0 0 0 0 0.333333 0 0 0 0 0.333333 0 0 0.333333 0 0 0 
GTCAACAC 0.166667 0.166667 0 0 0.166667 0.166667 0 0 0 0.166667 0 0 0.166667 0 0 0 0.2 0.2 0 0 0 0.2 0 0 0.2 0 0 0 0.2 0 0 0 0 0.25 0 0 0.25 0 0 0 0.25 0 0 0 0 0.25 0 0 0 0 0 0 0 0.333333 0 0 0 0.333333 0 0 0.333333 0 0 0 
GTTGTTGA 0 0 0 0 0 0 0 0 0 0 0 0.333333 0.166667 0 0.333333 0.166667 0 0 0 0 0 0 0 0 0 0 0.4 0 0.2 0 0 0.4 0 0 0 0 0 0 0 0 0.25 0 0 0.25 0 0 0.25 0.25 0 0 0 0 0 0 0 0 0 0 0 0.333333 0.333333 0 0.333333 0 
GTTGTTTA 0 0 0 0 0 0 0 0 0 0 0 0.333333 0.166667 0 0.166667 0.333333 0 0 0 0 0 0 0 0 0 0 0.2 0.2 0.2 0 0 0.4 0 0 0 0 0 0 0 0 0.25 0 0 0.25 0 0 0 0.5 0 0 0 0 0 0 0 0 0 0 0 0.333333 0.333333 0 0 0.333333 
GTTTACAA 0.166667 0 0 0 0.166667 0 0 0 0 0 0 0.166667 0.166667 0.166667 0 0.166667 0.2 0 0 0 0 0 0 0 0 0 0 0.2 0.4 0.2 0 0 0 0 0 0 0 0 0 0 0.25 0 0 0 0.5 0.25 0 0 0 0 0 0 0 0 0 0 0 0.333333 0 0 0.666667 0 0 0 
TAAACAAA 0.5 0.166667 0 0 0.166667 0 0 0 0 0 0 0 0.166667 0 0 0 0.4 0.2 0 0 0.2 0 0 0 0 0 0 0 0.2 0 0 0 0.75 0 0 0 0 0 0 0 0 0 0 0 0 0.25 0 0 0.666667 0 0 0 0 0 0 0 0 0 0 0 0.333333 0 0 0 
TAAACACA 0.5 0.166667 0 0 0 0.166667 0 0 0 0 0 0 0.166667 0 0 0 0.2 0.4 0 0 0.2 0 0 0 0 0 0 0 0.2 0 0 0 0.5 0.25 0 0 0 0 0 0 0 0 0 0 0 0.25 0 0 0.333333 0.333333 0 0 0 0 0 0 0 0 0 0 0.333333 0 0 0 
TAAACAGA 0.5 0.166667 0 0 0 0 0.166667 0 0 0 0 0 0.166667 0 0 0 0.2 0.2 0.2 0 0.2 0 0 0 0 0 0 0 0.2 0 0 0 0.5 0 0.25 0 0 0 0 0 0 0 0 0 0 0.25 0 0 0.333333 0 0.333333 0 0 0 0 0 0 0 0 0 0.333333 0 0 0 
TAAACATA 0.5 0.166667 0 0 0 0 0 0.166667 0 0 0 0 0.166667 0 0 0 0.2 0.2 0 0.2 0.2 0 0 0 0 0 0 0 0.2 0 0 0 0.5 0 0 0.25 0 0 0 0 0 0 0 0 0 0.25 0 0 0.333333 0 0 0.333333 0 0 0 0 0 0 0 0 0.333333 0 0 0 
TAAATAAA 0.5 0 0 0.166667 0 0 0 0 0 0 0 0 0.333333 0 0 0 0.4 0 0 0.2 0 0 0 0 0 0 0 0 0.4 0 0 0 0.75 0 0 0 0 0 0 0 0 0 0 0 0 0 0 0.25 0.666667 0 0 0 0 0 0 0 0 0 0 0 0.333333 0 0 0 
TAAATACA 0.5 0 0 0.166667 0 0 0 0 0 0 0 0 0.166667 0.166667 0 0 0.2 0.2 0 0.2 0 0 0 0 0 0 0 0 0.4 0 0 0 0.5 0.25 0 0 0 0 0 0 0 0 0 0 0 0 0 0.25 0.333333 0.333333 0 0 0 0 0 0 0 0 0 0 0.333333 0 0 0 
TAAATAGA 0.5 0 0 0.166667 0 0 0 0 0 0 0 0 0.166667 0 0.166667 0 0.2 0 0.2 0.2 0 0 0 0 0 0 0 0 0.4 0 0 0 0.5 0 0.25 0 0 0 0 0 0 0 0 0 0 0 0 0.25 0.333333 0 0.333333 0 0 0 0 0 0 0 0 0 0.333333 0 0 0 
TAAATATA 0.5 0 0 0.166667 0 0 0 0 0 0 0 0 0.166667 0 0 0.166667 0.2 0 0 0.4 0 0 0 0 0 0 0 0 0.4 0 0 0 0.5 0 0 0.25 0 0 0 0 0 0 0 0 0 0 0 0.25 0.333333 0 0 0.333333 0 0 0 0 0 0 0 0 0.333333 0 0 0 
TACACAAA 0.5 0 0 0 0.166667 0.166667 0 0 0 0 0 0 0 0.166667 0 0 0.2 0.2 0 0 0.4 0 0 0 0 0 0 0 0.2 0 0 0 0.5 0 0 0 0.25 0 0 0 0 0 0 0 0 0.25 0 0 0.333333 0 0 0 0.333333 0 0 0 0 0 0 0 0.333333 0 0 0 
TATAAACA 0.5 0.166667 0 0 0 0 0 0 0 0 0 0 0.166667 0 0 0.166667 0.4 0.2 0 0 0 0 0 0 0 0 0 0 0.4 0 0 0 0.5 0 0 0 0 0 0 0 0 0 0 0 0.25 0.25 0 0 0 0.333333 0 0 0 0 0 0 0 0 0 0 0.666667 0 0 0 
TATAAATA 0.5 0 0 0.166667 0 0 0 0 0 0 0 0 0.166667 0 0 0.166667 0.4 0 0 0.2 0 0 0 0 0 0 0 0 0.4 0 0 0 0.5 0 0 0 0 0 0 0 0 0 0 0 0.25 0 0 0.25 0 0 0 0.333333 0 0 0 0 0 0 0 0 0.666667 0 0 0 
TATCAACA 0.166667 0.333333 0 0 0.166667 0 0 0 0 0 0 0 0.166667 0 0 0.166667 0.4 0 0 0 0 0.2 0 0 0 0 0 0 0.2 0.2 0 0 0.25 0 0 0 0.25 0 0 0 0 0 0 0 0.25 0.25 0 0 0 0.333333 0 0 0 0 0 0 0 0 0 0 0.666667 0 0 0 
TATGTTGA 0 0 0.166667 0 0 0 0 0 0 0 0 0.166667 0.166667 0 0.166667 0.333333 0 0 0 0.2 0 0 0 0 0 0 0.2 0 0.2 0 0.2 0.2 0 0 0 0.25 0 0 0 0 0.25 0 0 0 0 0 0.25 0.25 0 0 0.333333 0 0 0 0 0 0 0 0 0 0.333333 0 0 0.333333 
TATTGACA 0.166667 0 0 0.166667 0 0 0 0 0 0.166667 0 0 0.166667 0 0.166667 0.166667 0 0 0.2 0 0 0 0 0 0.2 0 0 0 0.2 0.2 0 0.2 0.25 0 0 0 0 0 0 0 0 0 0 0 0.25 0.25 0.25 0 0 0.333333 0 0 0 0 0 0 0 0 0 0 0.666667 0 0 0 
TATTTACA 0.166667 0 0 0.166667 0 0 0 0 0 0 0 0 0.166667 0.166667 0 0.333333 0 0 0 0.2 0 0 0 0 0 0 0 0 0.4 0.2 0 0.2 0.25 0 0 0 0 0 0 0 0 0 0 0 0.25 0.25 0 0.25 0 0.333333 0 0 0 0 0 0 0 0 0 0 0.666667 0 0 0 
TCAACAAA 0.333333 0.166667 0 0 0.333333 0 0 0 0 0 0 0 0.166667 0 0 0 0.4 0 0 0 0.2 0.2 0 0 0 0 0 0 0.2 0 0 0 0.5 0 0 0 0.25 0 0 0 0 0 0 0 0 0.25 0 0 0.333333 0 0 0 0.333333 0 0 0 0 0 0 0 0.333333 0 0 0 
TCAACACA 0.333333 0.166667 0 0 0.166667 0.166667 0 0 0 0 0 0 0.166667 0 0 0 0.2 0.2 0 0 0.2 0.2 0 0 0 0 0 0 0.2 0 0 0 0.25 0.25 0 0 0.25 0 0 0 0 0 0 0 0 0.25 0 0 0.333333 0 0 0 0 0.333333 0 0 0 0 0 0 0.333333 0 0 0 
TGTAAACA 0.333333 0.166667 0 0 0 0 0 0 0.166667 0 0 0 0.166667 0 0 0.166667 0.2 0.2 0 0 0 0 0 0 0.2 0 0 0 0.4 0 0 0 0.25 0 0 0 0 0 0 0 0.25 0 0 0 0.25 0.25 0 0 0 0 0 0 0 0 0 0 0 0.333333 0 0 0.666667 0 0 0 
TGTACACA 0.333333 0 0 0 0 0.166667 0 0 0.166667 0 0 0 0 0.166667 0 0.166667 0 0.2 0 0 0.2 0 0 0 0 0.2 0 0 0.4 0 0 0 0.25 0 0 0 0 0 0 0 0.25 0 0 0 0 0.5 0 0 0 0 0 0 0 0 0 0 0 0.333333 0 0 0.666667 0 0 0 
TGTATACA 0.333333 0 0 0 0 0 0 0 0.166667 0 0 0 0 0.166667 0 0.333333 0 0.2 0 0 0 0 0 0 0 0 0 0.2 0.6 0 0 0 0.25 0 0 0 0 0 0 0 0.25 0 0 0 0 0.25 0 0.25 0 0 0 0 0 0 0 0 0 0.333333 0 0 0.666667 0 0 0 
TGTCAACA 0.166667 0.166667 0 0 0.166667 0 0 0 0 0.166667 0 0 0.166667 0 0 0.166667 0.2 0 0 0 0 0.2 0 0 0.2 0 0 0 0.2 0.2 0 0 0 0 0 0 0.25 0 0 0 0.25 0 0 0 0.25 0.25 0 0 0 0 0 0 0 0 0 0 0 0.333333 0 0 0.666667 0 0 0 
