0.465605618
0.453464514
0.477109348
0.467587539
0.470613532
0.475563214
0.455564737
0.469586248
0.474676521
0.470497974
0.477607344
0.462547055
0.480530203
0.472586684
0.473644788
0.477645538
0.47049142
0.4654062
0.455862442
0.464979813
0.452154764
0.458701543
0.454269749
0.469785802
0.487354403
0.46605897
0.459021969
0.456700119
0.451630458
0.455311094
0.473487202
0.452159093
0.480462113
0.456229219
0.477635873
0.457734114
0.453165236
0.473458019
0.462020402
0.491435838
0.460918918
0.468658246
0.466404623
0.4531127
0.458704898
0.462529794
0.46366161
0.48704803
0.475157027
0.451927104
0.451314888
0.458400792
0.470474581
0.459245966
0.477666789
0.466561008
0.453510074
0.489787738
0.485364468
0.484741128
0.461759647
0.479137466
0.453411697
0.467271542
0.464412377
0.466547965
0.462885979
0.453393115
0.478244479
0.481241671
0.468315786
0.473514234
0.480400589
0.483871874
0.465373551
0.450631858
0.456840073
0.489896577
0.481303736
0.465866307
0.461550162
0.452678742
0.462172231
0.460124506
0.450800096
0.465816457
0.452169044
0.475593447
0.484996603
0.473896479
0.458342816
0.479166667
0.465054828
0.459668923
0.457143138
0.472604339
0.464560348
0.468891967
0.455610015
0.455255121
0.451729137
0.450019637
0.454208111
0.454004872
0.48535944
0.467845336
0.470083429
0.468456249
0.485259309
0.457299527
0.49084798
0.469825443
0.475125249
0.451965326
0.466462412
0.472691183
0.453982395
0.456770369
0.457499522
0.484244049
0.476571456
0.478018088
0.461849133
0.456356409
0.477630385
0.464159065
0.494677739
0.469805776
0.486775452
0.474907655
0.475003442
0.456436017
0.474345094
0.463961914
0.471431452
0.451526531
0.486019684
0.453681774
0.467072085
0.463905723
0.45720086
0.481097354
0.459589205
0.453864394
0.485454079
0.463224759
0.464637862
0.465627249
0.489245311
0.474283621
0.452522791
0.494929394
0.466953909
0.476447227
0.497355888
0.488063811
0.475512709
0.4877639
0.459533935
0.480185986
0.466329938
0.494589658
0.494557801
0.48467294
0.457888002
0.495415655
0.465535194
0.463179082
0.45791687
0.463964681
0.487126731
0.478719676
0.491907162
0.496323529
0.499207366
0.4928455
0.490936679
0.452512255
0.490703132
0.497776691
0.486766954
0.461713262
0.460404861
0.483859236
0.493702118
0.451904239
0.490108945
0.473677258
0.4978835
0.462772947
0.462414554
0.472523534
0.457842668
0.459602643
0.487429955
0.475428716
0.470703686
0.494159885
0.460772112
0.460963591
0.495510662
0.474121358
0.465496506
0.493605465
0.463092389
0.482514283
0.452330133
0.496107774
0.492946583
0.490831526
0.466483166
0.495446738
0.489006531
0.465272581
0.48705826
0.493494715
0.455683046
0.498835113
0.494227466
0.485952875
0.478893729
0.472420359
0.497175412
0.467158662
0.494145806
0.469520238
0.459734455
0.492456645
0.469931011
0.484493745
0.47628736
0.498364449
0.454617796
0.481955742
0.485460184
0.462864672
0.464960145
0.460032402
0.460679309
0.464442619
0.489978053
0.47093419
0.454451511
0.456435922
0.457430711
0.45445948
0.495755728
0.487902262
0.452026119
0.495797404
0.481738585
0.475136411
0.478969516
0.4718968
0.453099348
0.45049597
0.476643557
0.488189165
0.487474564
0.4736737
0.454597619
0.489905439
0.478664982
0.466900866
0.45408831
0.48222796
0.48663434
0.456425296
0.476691797
0.455208582
0.486265838
0.490220455
0.497561442
0.487349708
0.494153795
0.460028239
0.459399558
0.471793196
0.452791193
0.494217214
0.485855239
0.465559237
0.482424542
0.454868583
0.452283582
0.487765775
0.466721922
0.48729531
0.472807407
0.491443953
0.463795166
0.465794185
0.458973291
0.45120372
0.455139845
0.456536652
0.45140359
0.458589919
0.460943067
0.493111214
0.474660417
0.456046831
0.463394001
0.478120293
0.4569007
0.450923622
0.485034416
0.496910478
0.491712062
0.455090089
0.467881737
0.475938516
0.494501345
0.486891225
0.480549507
0.492652689
0.477364541
0.466177448
0.46359052
0.48624495
0.486247765
0.467788439
0.469925257
0.465899526
0.496192453
0.475397281
0.450990715
0.491093145
0.456895727
0.489794913
0.458882401
0.476610566
0.496359951
0.479463142
0.464563559
0.470082908
0.485724139
0.456044219
0.493389879
0.485845848
0.454776685
0.490383289
0.460248514
0.474544681
0.495790923
0.487427768
0.458247822
0.499212959
0.496213561
0.494748877
0.490090983
0.484615466
0.474676409
0.458416084
0.485737532
0.467329802
0.496614328
0.485921672
0.467990747
0.491154653
0.487320199
0.476919309
0.454024412
0.456598407
0.468824775
0.491214192
0.472125176
0.473724514
0.457414098
0.454739317
0.494296685
0.484891995
0.450541357
0.497902209
0.450366679
0.474382893
0.486492667
