AAAAGAAC 0.75 0.125 0.125 0 0.571429 0.142857 0.142857 0 0 0 0 0 0.142857 0 0 0 0 0 0 0 0.333333 0.166667 0.166667 0 0 0 0 0 0.166667 0 0 0 0 0 0 0 0 0 0 0 0 0 0 0 0 0 0 0 0 0 0 0 0.166667 0 0 0 0 0 0 0 0 0 0 0 0 0 0 0 0 0 0 0 0 0 0 0 0 0 0 0 0 0 0 0 
AAAAGAAG 0.75 0 0.25 0 0.571429 0 0.285714 0 0 0 0 0 0.142857 0 0 0 0 0 0 0 0.333333 0 0.333333 0 0 0 0 0 0.166667 0 0 0 0 0 0 0 0 0 0 0 0 0 0 0 0 0 0 0 0 0 0 0 0.166667 0 0 0 0 0 0 0 0 0 0 0 0 0 0 0 0 0 0 0 0 0 0 0 0 0 0 0 0 0 0 0 
AAAAGAAT 0.75 0 0.125 0.125 0.571429 0 0.142857 0.142857 0 0 0 0 0.142857 0 0 0 0 0 0 0 0.333333 0 0.166667 0.166667 0 0 0 0 0.166667 0 0 0 0 0 0 0 0 0 0 0 0 0 0 0 0 0 0 0 0 0 0 0 0.166667 0 0 0 0 0 0 0 0 0 0 0 0 0 0 0 0 0 0 0 0 0 0 0 0 0 0 0 0 0 0 0 
AAAAGGAA 0.75 0 0.25 0 0.571429 0 0.142857 0 0 0 0 0 0.142857 0 0.142857 0 0 0 0 0 0.333333 0 0.166667 0 0 0 0 0 0 0 0.166667 0 0 0 0 0 0 0 0 0 0 0 0 0 0 0 0 0 0 0 0 0 0.166667 0 0 0 0 0 0 0 0.166667 0 0 0 0 0 0 0 0 0 0 0 0 0 0 0 0 0 0 0 0 0 0 0 
AAAGAACA 0.75 0.125 0.125 0 0.428571 0.142857 0.142857 0 0.142857 0 0 0 0.142857 0 0 0 0 0 0 0 0.166667 0.166667 0.166667 0 0.166667 0 0 0 0.166667 0 0 0 0 0 0 0 0 0 0 0 0 0 0 0 0 0 0 0 0 0 0 0 0.166667 0 0 0 0 0 0 0 0 0 0 0 0 0 0 0 0 0 0 0 0 0 0 0 0 0 0 0 0 0 0 0 
AAAGAACC 0.625 0.25 0.125 0 0.428571 0.142857 0.142857 0 0 0.142857 0 0 0.142857 0 0 0 0 0 0 0 0.166667 0.166667 0.166667 0 0 0.166667 0 0 0.166667 0 0 0 0 0 0 0 0 0 0 0 0 0 0 0 0 0 0 0 0 0 0 0 0.166667 0 0 0 0 0 0 0 0 0 0 0 0 0 0 0 0 0 0 0 0 0 0 0 0 0 0 0 0 0 0 0 
AAAGAACG 0.625 0.125 0.25 0 0.428571 0.142857 0.142857 0 0 0 0.142857 0 0.142857 0 0 0 0 0 0 0 0.166667 0.166667 0.166667 0 0 0 0.166667 0 0.166667 0 0 0 0 0 0 0 0 0 0 0 0 0 0 0 0 0 0 0 0 0 0 0 0.166667 0 0 0 0 0 0 0 0 0 0 0 0 0 0 0 0 0 0 0 0 0 0 0 0 0 0 0 0 0 0 0 
AAAGAAGC 0.625 0.125 0.25 0 0.428571 0 0.285714 0 0 0 0 0 0.142857 0.142857 0 0 0 0 0 0 0.166667 0 0.333333 0 0 0 0 0 0.166667 0.166667 0 0 0 0 0 0 0 0 0 0 0 0 0 0 0 0 0 0 0 0 0 0 0.166667 0 0 0 0 0 0 0 0 0 0 0 0 0 0 0 0 0 0 0 0 0 0 0 0 0 0 0 0 0 0 0 
AAAGAATA 0.75 0 0.125 0.125 0.428571 0 0.142857 0.142857 0 0 0 0 0.142857 0 0 0 0.142857 0 0 0 0.166667 0 0.166667 0.166667 0 0 0 0 0.166667 0 0 0 0.166667 0 0 0 0 0 0 0 0 0 0 0 0 0 0 0 0 0 0 0 0.166667 0 0 0 0 0 0 0 0 0 0 0 0 0 0 0 0 0 0 0 0 0 0 0 0 0 0 0 0 0 0 0 
AAAGAATC 0.625 0.125 0.125 0.125 0.428571 0 0.142857 0.142857 0 0 0 0 0.142857 0 0 0 0 0.142857 0 0 0.166667 0 0.166667 0.166667 0 0 0 0 0.166667 0 0 0 0 0.166667 0 0 0 0 0 0 0 0 0 0 0 0 0 0 0 0 0 0 0.166667 0 0 0 0 0 0 0 0 0 0 0 0 0 0 0 0 0 0 0 0 0 0 0 0 0 0 0 0 0 0 0 
AAAGAATG 0.625 0 0.25 0.125 0.428571 0 0.142857 0.142857 0 0 0 0 0.142857 0 0 0 0 0 0.142857 0 0.166667 0 0.166667 0.166667 0 0 0 0 0.166667 0 0 0 0 0 0.166667 0 0 0 0 0 0 0 0 0 0 0 0 0 0 0 0 0 0.166667 0 0 0 0 0 0 0 0 0 0 0 0 0 0 0 0 0 0 0 0 0 0 0 0 0 0 0 0 0 0 0 
AAAGGAAC 0.625 0.125 0.25 0 0.428571 0.142857 0.142857 0 0 0 0 0 0.142857 0 0.142857 0 0 0 0 0 0.166667 0.166667 0.166667 0 0 0 0 0 0 0 0.166667 0 0 0 0 0 0 0 0 0 0 0 0 0 0 0 0 0 0 0 0 0 0.166667 0 0 0 0 0 0 0 0.166667 0 0 0 0 0 0 0 0 0 0 0 0 0 0 0 0 0 0 0 0 0 0 0 
AAAGGAAT 0.625 0 0.25 0.125 0.428571 0 0.142857 0.142857 0 0 0 0 0.142857 0 0.142857 0 0 0 0 0 0.166667 0 0.166667 0.166667 0 0 0 0 0 0 0.166667 0 0 0 0 0 0 0 0 0 0 0 0 0 0 0 0 0 0 0 0 0 0.166667 0 0 0 0 0 0 0 0.166667 0 0 0 0 0 0 0 0 0 0 0 0 0 0 0 0 0 0 0 0 0 0 0 
AAATAGAA 0.75 0 0.125 0.125 0.428571 0 0.142857 0.142857 0 0 0 0 0.142857 0 0 0 0.142857 0 0 0 0.166667 0 0 0.166667 0 0 0 0 0.166667 0 0 0 0.166667 0 0 0 0 0 0 0 0 0 0 0 0 0 0 0 0 0 0 0 0.166667 0 0 0 0 0 0 0 0 0 0 0 0 0 0 0 0 0 0.166667 0 0 0 0 0 0 0 0 0 0 0 0 0 
AACAGAAC 0.625 0.25 0.125 0 0.285714 0.285714 0.142857 0 0.142857 0 0 0 0.142857 0 0 0 0 0 0 0 0 0.333333 0 0 0.166667 0 0 0 0.166667 0 0 0 0 0 0 0 0 0 0.166667 0 0 0 0 0 0 0 0 0 0 0 0 0 0.166667 0 0 0 0 0 0 0 0 0 0 0 0 0 0 0 0 0 0 0 0 0 0 0 0 0 0 0 0 0 0 0 
AACATTCT 0.375 0.25 0 0.375 0.142857 0.142857 0 0.142857 0.142857 0 0 0.142857 0 0 0 0 0 0.142857 0 0.142857 0 0.166667 0 0 0.166667 0 0 0 0 0 0 0 0 0 0 0.166667 0 0 0 0.166667 0 0 0 0 0 0 0 0 0 0 0 0 0 0 0 0 0 0 0 0 0 0 0 0 0 0 0 0 0 0 0 0 0 0 0 0.166667 0 0 0 0 0 0.166667 0 0 
AACGAACA 0.625 0.25 0.125 0 0.285714 0.285714 0 0 0.142857 0 0.142857 0 0.142857 0 0 0 0 0 0 0 0 0.333333 0 0 0.166667 0 0.166667 0 0 0 0 0 0 0 0 0 0 0 0 0 0 0 0 0 0.166667 0 0 0 0 0 0 0 0.166667 0 0 0 0 0 0 0 0 0 0 0 0 0 0 0 0 0 0 0 0 0 0 0 0 0 0 0 0 0 0 0 
AACGTTCT 0.25 0.25 0.125 0.375 0.142857 0.142857 0 0 0 0 0.142857 0.142857 0 0 0 0.142857 0 0.142857 0 0.142857 0 0.166667 0 0 0 0 0.166667 0 0 0 0 0 0 0 0 0 0 0 0 0 0 0 0 0 0 0 0 0.166667 0 0 0 0 0 0 0 0 0 0 0 0 0 0 0 0 0 0 0 0.166667 0 0 0 0 0 0 0 0.166667 0 0 0 0 0 0.166667 0 0 
AAGAACAC 0.625 0.25 0.125 0 0.285714 0.285714 0.142857 0 0.142857 0 0 0 0.142857 0 0 0 0 0 0 0 0 0.166667 0.166667 0 0.166667 0 0 0 0.166667 0 0 0 0 0 0 0 0 0.166667 0 0 0 0 0 0 0 0 0 0 0 0 0 0 0.166667 0 0 0 0 0 0 0 0 0 0 0 0 0 0 0 0 0 0 0 0 0 0 0 0 0 0 0 0 0 0 0 
AAGAACAT 0.625 0.125 0.125 0.125 0.285714 0.142857 0.142857 0.142857 0.142857 0 0 0 0.142857 0 0 0 0 0 0 0 0 0.166667 0.166667 0 0.166667 0 0 0 0.166667 0 0 0 0 0 0 0 0 0 0 0.166667 0 0 0 0 0 0 0 0 0 0 0 0 0.166667 0 0 0 0 0 0 0 0 0 0 0 0 0 0 0 0 0 0 0 0 0 0 0 0 0 0 0 0 0 0 0 
AAGAACGA 0.625 0.125 0.25 0 0.285714 0.142857 0.142857 0 0 0 0.142857 0 0.285714 0 0 0 0 0 0 0 0 0.166667 0.166667 0 0 0 0.166667 0 0.166667 0 0 0 0 0 0 0 0 0 0 0 0 0 0 0 0.166667 0 0 0 0 0 0 0 0.166667 0 0 0 0 0 0 0 0 0 0 0 0 0 0 0 0 0 0 0 0 0 0 0 0 0 0 0 0 0 0 0 
AAGAACGT 0.5 0.125 0.25 0.125 0.285714 0.142857 0.142857 0 0 0 0.142857 0 0.142857 0 0 0.142857 0 0 0 0 0 0.166667 0.166667 0 0 0 0.166667 0 0.166667 0 0 0 0 0 0 0 0 0 0 0 0 0 0 0 0 0 0 0.166667 0 0 0 0 0.166667 0 0 0 0 0 0 0 0 0 0 0 0 0 0 0 0 0 0 0 0 0 0 0 0 0 0 0 0 0 0 0 
AAGAAGAA 0.75 0 0.25 0 0.428571 0 0.285714 0 0 0 0 0 0.285714 0 0 0 0 0 0 0 0 0 0.333333 0 0 0 0 0 0.333333 0 0 0 0 0 0 0 0 0 0 0 0 0 0 0 0 0 0 0 0 0 0 0 0.333333 0 0 0 0 0 0 0 0 0 0 0 0 0 0 0 0 0 0 0 0 0 0 0 0 0 0 0 0 0 0 0 
AAGAGAAC 0.625 0.125 0.25 0 0.285714 0.142857 0.285714 0 0 0 0 0 0.285714 0 0 0 0 0 0 0 0 0.166667 0.166667 0 0 0 0 0 0.333333 0 0 0 0 0 0 0 0 0 0 0 0 0 0 0 0 0 0 0 0 0 0 0 0.166667 0 0.166667 0 0 0 0 0 0 0 0 0 0 0 0 0 0 0 0 0 0 0 0 0 0 0 0 0 0 0 0 0 
AAGGAACA 0.625 0.125 0.25 0 0.285714 0.142857 0.142857 0 0.142857 0 0 0 0.142857 0 0.142857 0 0 0 0 0 0 0.166667 0.166667 0 0.166667 0 0 0 0 0 0.166667 0 0 0 0 0 0 0 0 0 0 0 0 0 0 0 0 0 0 0 0 0 0.166667 0 0 0 0 0 0 0 0.166667 0 0 0 0 0 0 0 0 0 0 0 0 0 0 0 0 0 0 0 0 0 0 0 
AAGGAACG 0.5 0.125 0.375 0 0.285714 0.142857 0.142857 0 0 0 0.142857 0 0.142857 0 0.142857 0 0 0 0 0 0 0.166667 0.166667 0 0 0 0.166667 0 0 0 0.166667 0 0 0 0 0 0 0 0 0 0 0 0 0 0 0 0 0 0 0 0 0 0.166667 0 0 0 0 0 0 0 0.166667 0 0 0 0 0 0 0 0 0 0 0 0 0 0 0 0 0 0 0 0 0 0 0 
AAGGAATA 0.625 0 0.25 0.125 0.285714 0 0.142857 0.142857 0 0 0 0 0.142857 0 0.142857 0 0.142857 0 0 0 0 0 0.166667 0.166667 0 0 0 0 0 0 0.166667 0 0.166667 0 0 0 0 0 0 0 0 0 0 0 0 0 0 0 0 0 0 0 0.166667 0 0 0 0 0 0 0 0.166667 0 0 0 0 0 0 0 0 0 0 0 0 0 0 0 0 0 0 0 0 0 0 0 
AAGGAATG 0.5 0 0.375 0.125 0.285714 0 0.142857 0.142857 0 0 0 0 0.142857 0 0.142857 0 0 0 0.142857 0 0 0 0.166667 0.166667 0 0 0 0 0 0 0.166667 0 0 0 0.166667 0 0 0 0 0 0 0 0 0 0 0 0 0 0 0 0 0 0.166667 0 0 0 0 0 0 0 0.166667 0 0 0 0 0 0 0 0 0 0 0 0 0 0 0 0 0 0 0 0 0 0 0 
AATAGAAA 0.75 0 0.125 0.125 0.428571 0 0.142857 0.142857 0 0 0 0 0.142857 0 0 0 0.142857 0 0 0 0.166667 0 0 0.166667 0 0 0 0 0.166667 0 0 0 0.166667 0 0 0 0 0 0 0 0 0 0 0 0 0 0 0 0 0 0 0 0.166667 0 0 0 0 0 0 0 0 0 0 0 0 0 0 0 0 0 0.166667 0 0 0 0 0 0 0 0 0 0 0 0 0 
AATAGAAC 0.625 0.125 0.125 0.125 0.285714 0.142857 0.142857 0.142857 0 0 0 0 0.142857 0 0 0 0.142857 0 0 0 0 0.166667 0 0.166667 0 0 0 0 0.166667 0 0 0 0.166667 0 0 0 0 0 0 0 0 0 0 0 0 0 0 0 0 0 0 0 0.166667 0 0 0 0 0 0 0 0 0 0 0 0 0 0 0 0 0 0.166667 0 0 0 0 0 0 0 0 0 0 0 0 0 
AATAGAAG 0.625 0 0.25 0.125 0.285714 0 0.285714 0.142857 0 0 0 0 0.142857 0 0 0 0.142857 0 0 0 0 0 0.166667 0.166667 0 0 0 0 0.166667 0 0 0 0.166667 0 0 0 0 0 0 0 0 0 0 0 0 0 0 0 0 0 0 0 0.166667 0 0 0 0 0 0 0 0 0 0 0 0 0 0 0 0 0 0.166667 0 0 0 0 0 0 0 0 0 0 0 0 0 
AATAGAAT 0.625 0 0.125 0.25 0.285714 0 0.142857 0.285714 0 0 0 0 0.142857 0 0 0 0.142857 0 0 0 0 0 0 0.333333 0 0 0 0 0.166667 0 0 0 0.166667 0 0 0 0 0 0 0 0 0 0 0 0 0 0 0 0 0 0 0 0.166667 0 0 0 0 0 0 0 0 0 0 0 0 0 0 0 0 0 0.166667 0 0 0 0 0 0 0 0 0 0 0 0 0 
AATCGAAC 0.5 0.25 0.125 0.125 0.285714 0.142857 0 0.142857 0 0 0.142857 0 0.142857 0 0 0 0 0.142857 0 0 0 0.166667 0 0.166667 0 0 0 0 0 0 0 0 0 0.166667 0 0 0 0 0 0 0 0 0 0 0.166667 0 0 0 0 0 0 0 0.166667 0 0 0 0 0 0 0 0 0 0 0 0 0 0 0 0 0 0 0 0 0 0.166667 0 0 0 0 0 0 0 0 0 
AATCGAAG 0.5 0.125 0.25 0.125 0.285714 0 0.142857 0.142857 0 0 0.142857 0 0.142857 0 0 0 0 0.142857 0 0 0 0 0.166667 0.166667 0 0 0 0 0 0 0 0 0 0.166667 0 0 0 0 0 0 0 0 0 0 0.166667 0 0 0 0 0 0 0 0.166667 0 0 0 0 0 0 0 0 0 0 0 0 0 0 0 0 0 0 0 0 0 0.166667 0 0 0 0 0 0 0 0 0 
AATGGAAC 0.5 0.125 0.25 0.125 0.285714 0.142857 0 0.142857 0 0 0 0 0.142857 0 0.142857 0 0 0 0.142857 0 0 0.166667 0 0.166667 0 0 0 0 0 0 0 0 0 0 0.166667 0 0 0 0 0 0 0 0 0 0 0 0 0 0 0 0 0 0.166667 0 0 0 0 0 0 0 0.166667 0 0 0 0 0 0 0 0 0 0 0 0 0 0 0 0 0 0.166667 0 0 0 0 0 
AATGTTCC 0.25 0.25 0.125 0.375 0.142857 0 0 0.142857 0 0.142857 0 0 0 0 0 0.142857 0 0.142857 0.142857 0.142857 0 0 0 0.166667 0 0 0 0 0 0 0 0 0 0 0.166667 0 0 0 0 0 0 0 0 0 0 0 0 0 0 0 0 0 0 0 0 0 0 0 0 0 0 0 0 0 0 0 0 0.166667 0 0 0 0 0 0.166667 0 0 0 0 0 0.166667 0 0.166667 0 0 
AATGTTCT 0.25 0.125 0.125 0.5 0.142857 0 0 0.142857 0 0 0 0.142857 0 0 0 0.142857 0 0.142857 0.142857 0.142857 0 0 0 0.166667 0 0 0 0 0 0 0 0 0 0 0.166667 0 0 0 0 0 0 0 0 0 0 0 0 0 0 0 0 0 0 0 0 0 0 0 0 0 0 0 0 0 0 0 0 0.166667 0 0 0 0 0 0 0 0.166667 0 0 0 0.166667 0 0.166667 0 0 
AATTCTAT 0.375 0.125 0 0.5 0.142857 0 0 0.285714 0 0 0 0.142857 0 0 0 0 0.142857 0.142857 0 0.142857 0 0 0 0.166667 0 0 0 0 0 0 0 0 0 0 0 0.166667 0 0 0 0 0 0 0 0 0 0 0 0 0.166667 0 0 0 0 0 0 0 0 0 0 0 0 0 0 0 0 0 0 0 0 0 0 0.166667 0 0 0 0.166667 0 0 0 0 0 0.166667 0 0 
AATTGTTC 0.25 0.125 0.125 0.5 0.142857 0 0 0.142857 0 0 0 0 0 0 0 0.142857 0 0.142857 0.142857 0.285714 0 0 0 0.166667 0 0 0 0 0 0 0 0 0 0 0 0.166667 0 0 0 0 0 0 0 0 0 0 0 0 0 0 0 0 0 0 0 0 0 0 0 0 0 0 0 0 0 0 0 0.166667 0 0 0 0 0 0 0 0 0 0 0 0.166667 0 0.166667 0.166667 0 
ACACAGAA 0.625 0.25 0.125 0 0.142857 0.285714 0.142857 0 0.285714 0 0 0 0.142857 0 0 0 0 0 0 0 0 0 0 0 0.333333 0 0 0 0.166667 0 0 0 0 0 0 0 0 0.166667 0.166667 0 0 0 0 0 0 0 0 0 0 0 0 0 0.166667 0 0 0 0 0 0 0 0 0 0 0 0 0 0 0 0 0 0 0 0 0 0 0 0 0 0 0 0 0 0 0 
ACAGAACA 0.625 0.25 0.125 0 0.142857 0.285714 0.142857 0 0.285714 0 0 0 0.142857 0 0 0 0 0 0 0 0 0.166667 0 0 0.333333 0 0 0 0.166667 0 0 0 0 0 0 0 0 0 0.166667 0 0 0 0 0 0 0 0 0 0 0 0 0 0.166667 0 0 0 0 0 0 0 0 0 0 0 0 0 0 0 0 0 0 0 0 0 0 0 0 0 0 0 0 0 0 0 
ACAGAACG 0.5 0.25 0.25 0 0.142857 0.285714 0.142857 0 0.142857 0 0.142857 0 0.142857 0 0 0 0 0 0 0 0 0.166667 0 0 0.166667 0 0.166667 0 0.166667 0 0 0 0 0 0 0 0 0 0.166667 0 0 0 0 0 0 0 0 0 0 0 0 0 0.166667 0 0 0 0 0 0 0 0 0 0 0 0 0 0 0 0 0 0 0 0 0 0 0 0 0 0 0 0 0 0 0 
ACAGAAGC 0.5 0.25 0.25 0 0.142857 0.142857 0.285714 0 0.142857 0 0 0 0.142857 0.142857 0 0 0 0 0 0 0 0 0.166667 0 0.166667 0 0 0 0.166667 0.166667 0 0 0 0 0 0 0 0 0.166667 0 0 0 0 0 0 0 0 0 0 0 0 0 0.166667 0 0 0 0 0 0 0 0 0 0 0 0 0 0 0 0 0 0 0 0 0 0 0 0 0 0 0 0 0 0 0 
ACAGAAGG 0.5 0.125 0.375 0 0.142857 0.142857 0.285714 0 0.142857 0 0 0 0.142857 0 0.142857 0 0 0 0 0 0 0 0.166667 0 0.166667 0 0 0 0.166667 0 0.166667 0 0 0 0 0 0 0 0.166667 0 0 0 0 0 0 0 0 0 0 0 0 0 0.166667 0 0 0 0 0 0 0 0 0 0 0 0 0 0 0 0 0 0 0 0 0 0 0 0 0 0 0 0 0 0 0 
ACAGAATA 0.625 0.125 0.125 0.125 0.142857 0.142857 0.142857 0.142857 0.142857 0 0 0 0.142857 0 0 0 0.142857 0 0 0 0 0 0 0.166667 0.166667 0 0 0 0.166667 0 0 0 0.166667 0 0 0 0 0 0.166667 0 0 0 0 0 0 0 0 0 0 0 0 0 0.166667 0 0 0 0 0 0 0 0 0 0 0 0 0 0 0 0 0 0 0 0 0 0 0 0 0 0 0 0 0 0 0 
ACATAGAA 0.625 0.125 0.125 0.125 0.142857 0.142857 0.142857 0.142857 0.142857 0 0 0 0.142857 0 0 0 0.142857 0 0 0 0 0 0 0 0.166667 0 0 0 0.166667 0 0 0 0.166667 0 0 0 0 0 0 0.166667 0 0 0 0 0 0 0 0 0 0 0 0 0.166667 0 0 0 0 0 0 0 0 0 0 0 0 0 0 0 0 0 0.166667 0 0 0 0 0 0 0 0 0 0 0 0 0 
ACATTCTA 0.375 0.25 0 0.375 0 0.142857 0 0.142857 0.142857 0 0 0.142857 0 0 0 0 0.142857 0.142857 0 0.142857 0 0 0 0 0.166667 0 0 0 0 0 0 0 0 0 0 0.166667 0 0 0 0.166667 0 0 0 0 0 0 0 0 0.166667 0 0 0 0 0 0 0 0 0 0 0 0 0 0 0 0 0 0 0 0 0 0 0 0 0 0 0.166667 0 0 0 0 0 0.166667 0 0 
ACCGAACA 0.5 0.375 0.125 0 0.142857 0.285714 0 0 0.142857 0.142857 0.142857 0 0.142857 0 0 0 0 0 0 0 0 0.166667 0 0 0.166667 0.166667 0 0 0 0 0 0 0 0 0 0 0 0 0 0 0 0 0.166667 0 0.166667 0 0 0 0 0 0 0 0.166667 0 0 0 0 0 0 0 0 0 0 0 0 0 0 0 0 0 0 0 0 0 0 0 0 0 0 0 0 0 0 0 
ACCGAACG 0.375 0.375 0.25 0 0.142857 0.285714 0 0 0 0.142857 0.285714 0 0.142857 0 0 0 0 0 0 0 0 0.166667 0 0 0 0.166667 0.166667 0 0 0 0 0 0 0 0 0 0 0 0 0 0 0 0.166667 0 0.166667 0 0 0 0 0 0 0 0.166667 0 0 0 0 0 0 0 0 0 0 0 0 0 0 0 0 0 0 0 0 0 0 0 0 0 0 0 0 0 0 0 
ACCGAAGA 0.5 0.25 0.25 0 0.142857 0.142857 0.142857 0 0 0.142857 0.142857 0 0.285714 0 0 0 0 0 0 0 0 0 0.166667 0 0 0.166667 0 0 0.166667 0 0 0 0 0 0 0 0 0 0 0 0 0 0.166667 0 0.166667 0 0 0 0 0 0 0 0.166667 0 0 0 0 0 0 0 0 0 0 0 0 0 0 0 0 0 0 0 0 0 0 0 0 0 0 0 0 0 0 0 
ACCGAAGC 0.375 0.375 0.25 0 0.142857 0.142857 0.142857 0 0 0.142857 0.142857 0 0.142857 0.142857 0 0 0 0 0 0 0 0 0.166667 0 0 0.166667 0 0 0 0.166667 0 0 0 0 0 0 0 0 0 0 0 0 0.166667 0 0.166667 0 0 0 0 0 0 0 0.166667 0 0 0 0 0 0 0 0 0 0 0 0 0 0 0 0 0 0 0 0 0 0 0 0 0 0 0 0 0 0 0 
ACCGAATA 0.5 0.25 0.125 0.125 0.142857 0.142857 0 0.142857 0 0.142857 0.142857 0 0.142857 0 0 0 0.142857 0 0 0 0 0 0 0.166667 0 0.166667 0 0 0 0 0 0 0.166667 0 0 0 0 0 0 0 0 0 0.166667 0 0.166667 0 0 0 0 0 0 0 0.166667 0 0 0 0 0 0 0 0 0 0 0 0 0 0 0 0 0 0 0 0 0 0 0 0 0 0 0 0 0 0 0 
ACGTAGAA 0.5 0.125 0.25 0.125 0.142857 0.142857 0.142857 0 0 0 0.142857 0 0.142857 0 0 0.142857 0.142857 0 0 0 0 0 0 0 0 0 0.166667 0 0.166667 0 0 0 0 0 0 0 0 0 0 0 0 0 0 0 0 0 0 0.166667 0 0 0 0 0.166667 0 0 0 0 0 0 0 0 0 0 0 0.166667 0 0 0 0 0 0.166667 0 0 0 0 0 0 0 0 0 0 0 0 0 
ACGTTCTA 0.25 0.25 0.125 0.375 0 0.142857 0 0 0 0 0.142857 0.142857 0 0 0 0.142857 0.142857 0.142857 0 0.142857 0 0 0 0 0 0 0.166667 0 0 0 0 0 0 0 0 0 0 0 0 0 0 0 0 0 0 0 0 0.166667 0.166667 0 0 0 0 0 0 0 0 0 0 0 0 0 0 0 0 0 0 0.166667 0 0 0 0 0 0 0 0.166667 0 0 0 0 0 0.166667 0 0 
AGAAAGAA 0.75 0 0.25 0 0.428571 0 0.285714 0 0 0 0 0 0.285714 0 0 0 0 0 0 0 0.166667 0 0.166667 0 0 0 0 0 0.333333 0 0 0 0 0 0 0 0 0 0 0 0 0 0 0 0 0 0 0 0 0 0 0 0.333333 0 0 0 0 0 0 0 0 0 0 0 0 0 0 0 0 0 0 0 0 0 0 0 0 0 0 0 0 0 0 0 
AGAACAAA 0.75 0.125 0.125 0 0.428571 0.142857 0.142857 0 0.142857 0 0 0 0.142857 0 0 0 0 0 0 0 0.166667 0.166667 0 0 0.166667 0 0 0 0.166667 0 0 0 0 0 0 0 0.166667 0 0 0 0 0 0 0 0 0 0 0 0 0 0 0 0.166667 0 0 0 0 0 0 0 0 0 0 0 0 0 0 0 0 0 0 0 0 0 0 0 0 0 0 0 0 0 0 0 
AGAACAAT 0.625 0.125 0.125 0.125 0.285714 0.142857 0.142857 0.142857 0.142857 0 0 0 0.142857 0 0 0 0 0 0 0 0 0.166667 0 0.166667 0.166667 0 0 0 0.166667 0 0 0 0 0 0 0 0.166667 0 0 0 0 0 0 0 0 0 0 0 0 0 0 0 0.166667 0 0 0 0 0 0 0 0 0 0 0 0 0 0 0 0 0 0 0 0 0 0 0 0 0 0 0 0 0 0 0 
AGAACACA 0.625 0.25 0.125 0 0.142857 0.285714 0.142857 0 0.285714 0 0 0 0.142857 0 0 0 0 0 0 0 0 0.166667 0 0 0.333333 0 0 0 0.166667 0 0 0 0 0 0 0 0 0.166667 0 0 0 0 0 0 0 0 0 0 0 0 0 0 0.166667 0 0 0 0 0 0 0 0 0 0 0 0 0 0 0 0 0 0 0 0 0 0 0 0 0 0 0 0 0 0 0 
AGAACACC 0.5 0.375 0.125 0 0.142857 0.285714 0.142857 0 0.142857 0.142857 0 0 0.142857 0 0 0 0 0 0 0 0 0.166667 0 0 0.166667 0.166667 0 0 0.166667 0 0 0 0 0 0 0 0 0.166667 0 0 0 0 0 0 0 0 0 0 0 0 0 0 0.166667 0 0 0 0 0 0 0 0 0 0 0 0 0 0 0 0 0 0 0 0 0 0 0 0 0 0 0 0 0 0 0 
AGAACACG 0.5 0.25 0.25 0 0.142857 0.285714 0.142857 0 0.142857 0 0.142857 0 0.142857 0 0 0 0 0 0 0 0 0.166667 0 0 0.166667 0 0.166667 0 0.166667 0 0 0 0 0 0 0 0 0.166667 0 0 0 0 0 0 0 0 0 0 0 0 0 0 0.166667 0 0 0 0 0 0 0 0 0 0 0 0 0 0 0 0 0 0 0 0 0 0 0 0 0 0 0 0 0 0 0 
AGAACACT 0.5 0.25 0.125 0.125 0.142857 0.285714 0.142857 0 0.142857 0 0 0.142857 0.142857 0 0 0 0 0 0 0 0 0.166667 0 0 0.166667 0 0 0.166667 0.166667 0 0 0 0 0 0 0 0 0.166667 0 0 0 0 0 0 0 0 0 0 0 0 0 0 0.166667 0 0 0 0 0 0 0 0 0 0 0 0 0 0 0 0 0 0 0 0 0 0 0 0 0 0 0 0 0 0 0 
AGAACATA 0.625 0.125 0.125 0.125 0.142857 0.142857 0.142857 0.142857 0.142857 0 0 0 0.142857 0 0 0 0.142857 0 0 0 0 0.166667 0 0 0.166667 0 0 0 0.166667 0 0 0 0.166667 0 0 0 0 0 0 0.166667 0 0 0 0 0 0 0 0 0 0 0 0 0.166667 0 0 0 0 0 0 0 0 0 0 0 0 0 0 0 0 0 0 0 0 0 0 0 0 0 0 0 0 0 0 0 
AGAACATC 0.5 0.25 0.125 0.125 0.142857 0.142857 0.142857 0.142857 0.142857 0 0 0 0.142857 0 0 0 0 0.142857 0 0 0 0.166667 0 0 0.166667 0 0 0 0.166667 0 0 0 0 0.166667 0 0 0 0 0 0.166667 0 0 0 0 0 0 0 0 0 0 0 0 0.166667 0 0 0 0 0 0 0 0 0 0 0 0 0 0 0 0 0 0 0 0 0 0 0 0 0 0 0 0 0 0 0 
AGAACATG 0.5 0.125 0.25 0.125 0.142857 0.142857 0.142857 0.142857 0.142857 0 0 0 0.142857 0 0 0 0 0 0.142857 0 0 0.166667 0 0 0.166667 0 0 0 0.166667 0 0 0 0 0 0.166667 0 0 0 0 0.166667 0 0 0 0 0 0 0 0 0 0 0 0 0.166667 0 0 0 0 0 0 0 0 0 0 0 0 0 0 0 0 0 0 0 0 0 0 0 0 0 0 0 0 0 0 0 
AGAACGAA 0.625 0.125 0.25 0 0.285714 0.142857 0.142857 0 0 0 0.142857 0 0.285714 0 0 0 0 0 0 0 0 0.166667 0 0 0 0 0.166667 0 0.166667 0 0 0 0 0 0 0 0 0 0 0 0 0 0 0 0.166667 0 0 0 0 0 0 0 0.333333 0 0 0 0 0 0 0 0 0 0 0 0 0 0 0 0 0 0 0 0 0 0 0 0 0 0 0 0 0 0 0 
AGAACGCG 0.375 0.25 0.375 0 0.142857 0.142857 0.142857 0 0 0 0.285714 0 0.142857 0.142857 0 0 0 0 0 0 0 0.166667 0 0 0 0 0.166667 0 0.166667 0 0 0 0 0 0 0 0 0 0 0 0 0 0 0 0 0.166667 0 0 0 0 0 0 0.166667 0 0 0 0 0 0.166667 0 0 0 0 0 0 0 0 0 0 0 0 0 0 0 0 0 0 0 0 0 0 0 0 0 
AGAACGTC 0.375 0.25 0.25 0.125 0.142857 0.142857 0.142857 0 0 0 0.142857 0 0.142857 0 0 0.142857 0 0.142857 0 0 0 0.166667 0 0 0 0 0.166667 0 0.166667 0 0 0 0 0 0 0 0 0 0 0 0 0 0 0 0 0 0 0.166667 0 0 0 0 0.166667 0 0 0 0 0 0 0 0 0 0 0 0 0.166667 0 0 0 0 0 0 0 0 0 0 0 0 0 0 0 0 0 0 
AGAAGAAC 0.625 0.125 0.25 0 0.285714 0.142857 0.285714 0 0 0 0 0 0.285714 0 0 0 0 0 0 0 0 0.166667 0.166667 0 0 0 0 0 0.333333 0 0 0 0 0 0 0 0 0 0 0 0 0 0 0 0 0 0 0 0 0 0 0 0.333333 0 0 0 0 0 0 0 0 0 0 0 0 0 0 0 0 0 0 0 0 0 0 0 0 0 0 0 0 0 0 0 
AGAAGAAT 0.625 0 0.25 0.125 0.285714 0 0.285714 0.142857 0 0 0 0 0.285714 0 0 0 0 0 0 0 0 0 0.166667 0.166667 0 0 0 0 0.333333 0 0 0 0 0 0 0 0 0 0 0 0 0 0 0 0 0 0 0 0 0 0 0 0.333333 0 0 0 0 0 0 0 0 0 0 0 0 0 0 0 0 0 0 0 0 0 0 0 0 0 0 0 0 0 0 0 
AGAAGGAA 0.625 0 0.375 0 0.285714 0 0.285714 0 0 0 0 0 0.285714 0 0.142857 0 0 0 0 0 0 0 0.166667 0 0 0 0 0 0.166667 0 0.166667 0 0 0 0 0 0 0 0 0 0 0 0 0 0 0 0 0 0 0 0 0 0.333333 0 0 0 0 0 0 0 0.166667 0 0 0 0 0 0 0 0 0 0 0 0 0 0 0 0 0 0 0 0 0 0 0 
AGACAGAA 0.625 0.125 0.25 0 0.142857 0.142857 0.285714 0 0.142857 0 0 0 0.285714 0 0 0 0 0 0 0 0 0 0 0 0.166667 0 0 0 0.333333 0 0 0 0 0 0 0 0 0 0.166667 0 0 0 0 0 0 0 0 0 0 0 0 0 0.166667 0.166667 0 0 0 0 0 0 0 0 0 0 0 0 0 0 0 0 0 0 0 0 0 0 0 0 0 0 0 0 0 0 
AGAGAACA 0.625 0.125 0.25 0 0.142857 0.142857 0.285714 0 0.142857 0 0 0 0.285714 0 0 0 0 0 0 0 0 0.166667 0 0 0.166667 0 0 0 0.333333 0 0 0 0 0 0 0 0 0 0 0 0 0 0 0 0 0 0 0 0 0 0 0 0.166667 0 0.166667 0 0 0 0 0 0 0 0 0 0 0 0 0 0 0 0 0 0 0 0 0 0 0 0 0 0 0 0 0 
AGAGAACG 0.5 0.125 0.375 0 0.142857 0.142857 0.285714 0 0 0 0.142857 0 0.285714 0 0 0 0 0 0 0 0 0.166667 0 0 0 0 0.166667 0 0.333333 0 0 0 0 0 0 0 0 0 0 0 0 0 0 0 0 0 0 0 0 0 0 0 0.166667 0 0.166667 0 0 0 0 0 0 0 0 0 0 0 0 0 0 0 0 0 0 0 0 0 0 0 0 0 0 0 0 0 
AGAGAAGC 0.5 0.125 0.375 0 0.142857 0 0.428571 0 0 0 0 0 0.285714 0.142857 0 0 0 0 0 0 0 0 0.166667 0 0 0 0 0 0.333333 0.166667 0 0 0 0 0 0 0 0 0 0 0 0 0 0 0 0 0 0 0 0 0 0 0.166667 0 0.166667 0 0 0 0 0 0 0 0 0 0 0 0 0 0 0 0 0 0 0 0 0 0 0 0 0 0 0 0 0 
AGAGAAGG 0.5 0 0.5 0 0.142857 0 0.428571 0 0 0 0 0 0.285714 0 0.142857 0 0 0 0 0 0 0 0.166667 0 0 0 0 0 0.333333 0 0.166667 0 0 0 0 0 0 0 0 0 0 0 0 0 0 0 0 0 0 0 0 0 0.166667 0 0.166667 0 0 0 0 0 0 0 0 0 0 0 0 0 0 0 0 0 0 0 0 0 0 0 0 0 0 0 0 0 
AGAGAATA 0.625 0 0.25 0.125 0.142857 0 0.285714 0.142857 0 0 0 0 0.285714 0 0 0 0.142857 0 0 0 0 0 0 0.166667 0 0 0 0 0.333333 0 0 0 0.166667 0 0 0 0 0 0 0 0 0 0 0 0 0 0 0 0 0 0 0 0.166667 0 0.166667 0 0 0 0 0 0 0 0 0 0 0 0 0 0 0 0 0 0 0 0 0 0 0 0 0 0 0 0 0 
AGAGAATC 0.5 0.125 0.25 0.125 0.142857 0 0.285714 0.142857 0 0 0 0 0.285714 0 0 0 0 0.142857 0 0 0 0 0 0.166667 0 0 0 0 0.333333 0 0 0 0 0.166667 0 0 0 0 0 0 0 0 0 0 0 0 0 0 0 0 0 0 0.166667 0 0.166667 0 0 0 0 0 0 0 0 0 0 0 0 0 0 0 0 0 0 0 0 0 0 0 0 0 0 0 0 0 
AGAGAGAA 0.625 0 0.375 0 0.142857 0 0.428571 0 0 0 0 0 0.428571 0 0 0 0 0 0 0 0 0 0 0 0 0 0 0 0.5 0 0 0 0 0 0 0 0 0 0 0 0 0 0 0 0 0 0 0 0 0 0 0 0.166667 0 0.333333 0 0 0 0 0 0 0 0 0 0 0 0 0 0 0 0 0 0 0 0 0 0 0 0 0 0 0 0 0 
AGATAGAA 0.625 0 0.25 0.125 0.142857 0 0.285714 0.142857 0 0 0 0 0.285714 0 0 0 0.142857 0 0 0 0 0 0 0 0 0 0 0 0.333333 0 0 0 0.166667 0 0 0 0 0 0 0 0 0 0 0 0 0 0 0 0 0 0 0 0.166667 0 0 0.166667 0 0 0 0 0 0 0 0 0 0 0 0 0 0 0.166667 0 0 0 0 0 0 0 0 0 0 0 0 0 
AGATTCTA 0.375 0.125 0.125 0.375 0 0 0.142857 0.142857 0 0 0 0.142857 0.142857 0 0 0 0.142857 0.142857 0 0.142857 0 0 0 0 0 0 0 0 0.166667 0 0 0 0 0 0 0.166667 0 0 0 0 0 0 0 0 0 0 0 0 0.166667 0 0 0 0 0 0 0.166667 0 0 0 0 0 0 0 0 0 0 0 0 0 0 0 0 0 0 0 0.166667 0 0 0 0 0 0.166667 0 0 
AGCGAACA 0.5 0.25 0.25 0 0.142857 0.142857 0.142857 0 0.142857 0 0.142857 0 0.142857 0.142857 0 0 0 0 0 0 0 0.166667 0 0 0.166667 0 0 0 0 0.166667 0 0 0 0 0 0 0 0 0 0 0 0 0 0 0.166667 0 0 0 0 0 0 0 0.166667 0 0 0 0 0 0.166667 0 0 0 0 0 0 0 0 0 0 0 0 0 0 0 0 0 0 0 0 0 0 0 0 0 
AGGAACAC 0.5 0.25 0.25 0 0.142857 0.285714 0.142857 0 0.142857 0 0 0 0.142857 0 0.142857 0 0 0 0 0 0 0.166667 0 0 0.166667 0 0 0 0 0 0.166667 0 0 0 0 0 0 0.166667 0 0 0 0 0 0 0 0 0 0 0 0 0 0 0.166667 0 0 0 0 0 0 0 0.166667 0 0 0 0 0 0 0 0 0 0 0 0 0 0 0 0 0 0 0 0 0 0 0 
AGGGAACA 0.5 0.125 0.375 0 0.142857 0.142857 0.142857 0 0.142857 0 0 0 0.142857 0 0.285714 0 0 0 0 0 0 0.166667 0 0 0.166667 0 0 0 0 0 0.166667 0 0 0 0 0 0 0 0 0 0 0 0 0 0 0 0 0 0 0 0 0 0.166667 0 0 0 0 0 0 0 0.166667 0 0.166667 0 0 0 0 0 0 0 0 0 0 0 0 0 0 0 0 0 0 0 0 0 
AGGGAACG 0.375 0.125 0.5 0 0.142857 0.142857 0.142857 0 0 0 0.142857 0 0.142857 0 0.285714 0 0 0 0 0 0 0.166667 0 0 0 0 0.166667 0 0 0 0.166667 0 0 0 0 0 0 0 0 0 0 0 0 0 0 0 0 0 0 0 0 0 0.166667 0 0 0 0 0 0 0 0.166667 0 0.166667 0 0 0 0 0 0 0 0 0 0 0 0 0 0 0 0 0 0 0 0 0 
AGGGAATA 0.5 0 0.375 0.125 0.142857 0 0.142857 0.142857 0 0 0 0 0.142857 0 0.285714 0 0.142857 0 0 0 0 0 0 0.166667 0 0 0 0 0 0 0.166667 0 0.166667 0 0 0 0 0 0 0 0 0 0 0 0 0 0 0 0 0 0 0 0.166667 0 0 0 0 0 0 0 0.166667 0 0.166667 0 0 0 0 0 0 0 0 0 0 0 0 0 0 0 0 0 0 0 0 0 
AGTGTTCC 0.125 0.25 0.25 0.375 0 0 0.142857 0 0 0.142857 0 0 0 0 0 0.285714 0 0.142857 0.142857 0.142857 0 0 0 0 0 0 0 0 0 0 0 0.166667 0 0 0 0 0 0 0 0 0 0 0 0 0 0 0 0 0 0 0 0 0 0 0 0 0 0 0 0 0 0 0 0 0 0 0.166667 0.166667 0 0 0 0 0 0.166667 0 0 0 0 0 0.166667 0 0.166667 0 0 
AGTTCTAT 0.25 0.125 0.125 0.5 0 0 0.142857 0.142857 0 0 0 0.142857 0 0 0 0.142857 0.142857 0.142857 0 0.142857 0 0 0 0 0 0 0 0 0 0 0 0.166667 0 0 0 0 0 0 0 0 0 0 0 0 0 0 0 0 0.166667 0 0 0 0 0 0 0 0 0 0 0 0 0 0 0 0 0 0 0.166667 0 0 0 0.166667 0 0 0 0.166667 0 0 0 0 0 0.166667 0 0 
ATAAAGAA 0.75 0 0.125 0.125 0.428571 0 0.142857 0.142857 0 0 0 0 0.142857 0 0 0 0.142857 0 0 0 0.166667 0 0.166667 0 0 0 0 0 0.166667 0 0 0 0.166667 0 0 0 0 0 0 0 0 0 0 0 0 0 0 0 0 0 0 0 0.166667 0 0 0 0 0 0 0 0 0 0 0 0 0 0 0 0.166667 0 0 0 0 0 0 0 0 0 0 0 0 0 0 0 
ATACAGAA 0.625 0.125 0.125 0.125 0.142857 0.142857 0.142857 0.142857 0.142857 0 0 0 0.142857 0 0 0 0.142857 0 0 0 0 0 0 0 0.166667 0 0 0 0.166667 0 0 0 0.166667 0 0 0 0 0 0.166667 0 0 0 0 0 0 0 0 0 0 0 0 0 0.166667 0 0 0 0 0 0 0 0 0 0 0 0 0 0 0 0 0.166667 0 0 0 0 0 0 0 0 0 0 0 0 0 0 
ATAGAAAA 0.75 0 0.125 0.125 0.428571 0 0.142857 0.142857 0 0 0 0 0.142857 0 0 0 0.142857 0 0 0 0.333333 0 0 0 0 0 0 0 0.166667 0 0 0 0.166667 0 0 0 0 0 0 0 0 0 0 0 0 0 0 0 0 0 0 0 0.166667 0 0 0 0 0 0 0 0 0 0 0 0 0 0 0 0 0 0.166667 0 0 0 0 0 0 0 0 0 0 0 0 0 
ATAGAAAC 0.625 0.125 0.125 0.125 0.285714 0.142857 0.142857 0.142857 0 0 0 0 0.142857 0 0 0 0.142857 0 0 0 0.166667 0.166667 0 0 0 0 0 0 0.166667 0 0 0 0.166667 0 0 0 0 0 0 0 0 0 0 0 0 0 0 0 0 0 0 0 0.166667 0 0 0 0 0 0 0 0 0 0 0 0 0 0 0 0 0 0.166667 0 0 0 0 0 0 0 0 0 0 0 0 0 
ATAGAAAT 0.625 0 0.125 0.25 0.285714 0 0.142857 0.285714 0 0 0 0 0.142857 0 0 0 0.142857 0 0 0 0.166667 0 0 0.166667 0 0 0 0 0.166667 0 0 0 0.166667 0 0 0 0 0 0 0 0 0 0 0 0 0 0 0 0 0 0 0 0.166667 0 0 0 0 0 0 0 0 0 0 0 0 0 0 0 0 0 0.166667 0 0 0 0 0 0 0 0 0 0 0 0 0 
ATAGAACA 0.625 0.125 0.125 0.125 0.142857 0.142857 0.142857 0.142857 0.142857 0 0 0 0.142857 0 0 0 0.142857 0 0 0 0 0.166667 0 0 0.166667 0 0 0 0.166667 0 0 0 0.166667 0 0 0 0 0 0 0 0 0 0 0 0 0 0 0 0 0 0 0 0.166667 0 0 0 0 0 0 0 0 0 0 0 0 0 0 0 0 0 0.166667 0 0 0 0 0 0 0 0 0 0 0 0 0 
ATAGAACC 0.5 0.25 0.125 0.125 0.142857 0.142857 0.142857 0.142857 0 0.142857 0 0 0.142857 0 0 0 0.142857 0 0 0 0 0.166667 0 0 0 0.166667 0 0 0.166667 0 0 0 0.166667 0 0 0 0 0 0 0 0 0 0 0 0 0 0 0 0 0 0 0 0.166667 0 0 0 0 0 0 0 0 0 0 0 0 0 0 0 0 0 0.166667 0 0 0 0 0 0 0 0 0 0 0 0 0 
ATAGAACG 0.5 0.125 0.25 0.125 0.142857 0.142857 0.142857 0.142857 0 0 0.142857 0 0.142857 0 0 0 0.142857 0 0 0 0 0.166667 0 0 0 0 0.166667 0 0.166667 0 0 0 0.166667 0 0 0 0 0 0 0 0 0 0 0 0 0 0 0 0 0 0 0 0.166667 0 0 0 0 0 0 0 0 0 0 0 0 0 0 0 0 0 0.166667 0 0 0 0 0 0 0 0 0 0 0 0 0 
ATAGAAGA 0.625 0 0.25 0.125 0.142857 0 0.285714 0.142857 0 0 0 0 0.285714 0 0 0 0.142857 0 0 0 0 0 0.166667 0 0 0 0 0 0.333333 0 0 0 0.166667 0 0 0 0 0 0 0 0 0 0 0 0 0 0 0 0 0 0 0 0.166667 0 0 0 0 0 0 0 0 0 0 0 0 0 0 0 0 0 0.166667 0 0 0 0 0 0 0 0 0 0 0 0 0 
ATAGAAGC 0.5 0.125 0.25 0.125 0.142857 0 0.285714 0.142857 0 0 0 0 0.142857 0.142857 0 0 0.142857 0 0 0 0 0 0.166667 0 0 0 0 0 0.166667 0.166667 0 0 0.166667 0 0 0 0 0 0 0 0 0 0 0 0 0 0 0 0 0 0 0 0.166667 0 0 0 0 0 0 0 0 0 0 0 0 0 0 0 0 0 0.166667 0 0 0 0 0 0 0 0 0 0 0 0 0 
ATAGAAGG 0.5 0 0.375 0.125 0.142857 0 0.285714 0.142857 0 0 0 0 0.142857 0 0.142857 0 0.142857 0 0 0 0 0 0.166667 0 0 0 0 0 0.166667 0 0.166667 0 0.166667 0 0 0 0 0 0 0 0 0 0 0 0 0 0 0 0 0 0 0 0.166667 0 0 0 0 0 0 0 0 0 0 0 0 0 0 0 0 0 0.166667 0 0 0 0 0 0 0 0 0 0 0 0 0 
ATAGAATA 0.625 0 0.125 0.25 0.142857 0 0.142857 0.285714 0 0 0 0 0.142857 0 0 0 0.285714 0 0 0 0 0 0 0.166667 0 0 0 0 0.166667 0 0 0 0.333333 0 0 0 0 0 0 0 0 0 0 0 0 0 0 0 0 0 0 0 0.166667 0 0 0 0 0 0 0 0 0 0 0 0 0 0 0 0 0 0.166667 0 0 0 0 0 0 0 0 0 0 0 0 0 
ATAGAATC 0.5 0.125 0.125 0.25 0.142857 0 0.142857 0.285714 0 0 0 0 0.142857 0 0 0 0.142857 0.142857 0 0 0 0 0 0.166667 0 0 0 0 0.166667 0 0 0 0.166667 0.166667 0 0 0 0 0 0 0 0 0 0 0 0 0 0 0 0 0 0 0.166667 0 0 0 0 0 0 0 0 0 0 0 0 0 0 0 0 0 0.166667 0 0 0 0 0 0 0 0 0 0 0 0 0 
ATAGAATG 0.5 0 0.25 0.25 0.142857 0 0.142857 0.285714 0 0 0 0 0.142857 0 0 0 0.142857 0 0.142857 0 0 0 0 0.166667 0 0 0 0 0.166667 0 0 0 0.166667 0 0.166667 0 0 0 0 0 0 0 0 0 0 0 0 0 0 0 0 0 0.166667 0 0 0 0 0 0 0 0 0 0 0 0 0 0 0 0 0 0.166667 0 0 0 0 0 0 0 0 0 0 0 0 0 
ATAGAGAA 0.625 0 0.25 0.125 0.142857 0 0.285714 0.142857 0 0 0 0 0.285714 0 0 0 0.142857 0 0 0 0 0 0 0 0 0 0 0 0.333333 0 0 0 0.166667 0 0 0 0 0 0 0 0 0 0 0 0 0 0 0 0 0 0 0 0.166667 0 0.166667 0 0 0 0 0 0 0 0 0 0 0 0 0 0 0 0.166667 0 0 0 0 0 0 0 0 0 0 0 0 0 
ATATAGAA 0.625 0 0.125 0.25 0.142857 0 0.142857 0.285714 0 0 0 0 0.142857 0 0 0 0.285714 0 0 0 0 0 0 0 0 0 0 0 0.166667 0 0 0 0.333333 0 0 0 0 0 0 0 0 0 0 0 0 0 0 0 0 0 0 0 0.166667 0 0 0 0 0 0 0 0 0 0 0 0 0 0 0 0 0 0.166667 0.166667 0 0 0 0 0 0 0 0 0 0 0 0 
ATCGAACA 0.5 0.25 0.125 0.125 0.142857 0.142857 0 0.142857 0.142857 0 0.142857 0 0.142857 0 0 0 0 0.142857 0 0 0 0.166667 0 0 0.166667 0 0 0 0 0 0 0 0 0.166667 0 0 0 0 0 0 0 0 0 0 0.166667 0 0 0 0 0 0 0 0.166667 0 0 0 0 0 0 0 0 0 0 0 0 0 0 0 0 0 0 0 0 0 0.166667 0 0 0 0 0 0 0 0 0 
ATCGAACC 0.375 0.375 0.125 0.125 0.142857 0.142857 0 0.142857 0 0.142857 0.142857 0 0.142857 0 0 0 0 0.142857 0 0 0 0.166667 0 0 0 0.166667 0 0 0 0 0 0 0 0.166667 0 0 0 0 0 0 0 0 0 0 0.166667 0 0 0 0 0 0 0 0.166667 0 0 0 0 0 0 0 0 0 0 0 0 0 0 0 0 0 0 0 0 0 0.166667 0 0 0 0 0 0 0 0 0 
ATCGAACG 0.375 0.25 0.25 0.125 0.142857 0.142857 0 0.142857 0 0 0.285714 0 0.142857 0 0 0 0 0.142857 0 0 0 0.166667 0 0 0 0 0.166667 0 0 0 0 0 0 0.166667 0 0 0 0 0 0 0 0 0 0 0.166667 0 0 0 0 0 0 0 0.166667 0 0 0 0 0 0 0 0 0 0 0 0 0 0 0 0 0 0 0 0 0 0.166667 0 0 0 0 0 0 0 0 0 
ATCGAAGC 0.375 0.25 0.25 0.125 0.142857 0 0.142857 0.142857 0 0 0.142857 0 0.142857 0.142857 0 0 0 0.142857 0 0 0 0 0.166667 0 0 0 0 0 0 0.166667 0 0 0 0.166667 0 0 0 0 0 0 0 0 0 0 0.166667 0 0 0 0 0 0 0 0.166667 0 0 0 0 0 0 0 0 0 0 0 0 0 0 0 0 0 0 0 0 0 0.166667 0 0 0 0 0 0 0 0 0 
ATCGAAGG 0.375 0.125 0.375 0.125 0.142857 0 0.142857 0.142857 0 0 0.142857 0 0.142857 0 0.142857 0 0 0.142857 0 0 0 0 0.166667 0 0 0 0 0 0 0 0.166667 0 0 0.166667 0 0 0 0 0 0 0 0 0 0 0.166667 0 0 0 0 0 0 0 0.166667 0 0 0 0 0 0 0 0 0 0 0 0 0 0 0 0 0 0 0 0 0 0.166667 0 0 0 0 0 0 0 0 0 
ATCGAATA 0.5 0.125 0.125 0.25 0.142857 0 0 0.285714 0 0 0.142857 0 0.142857 0 0 0 0.142857 0.142857 0 0 0 0 0 0.166667 0 0 0 0 0 0 0 0 0.166667 0.166667 0 0 0 0 0 0 0 0 0 0 0.166667 0 0 0 0 0 0 0 0.166667 0 0 0 0 0 0 0 0 0 0 0 0 0 0 0 0 0 0 0 0 0 0.166667 0 0 0 0 0 0 0 0 0 
ATCGAATC 0.375 0.25 0.125 0.25 0.142857 0 0 0.285714 0 0 0.142857 0 0.142857 0 0 0 0 0.285714 0 0 0 0 0 0.166667 0 0 0 0 0 0 0 0 0 0.333333 0 0 0 0 0 0 0 0 0 0 0.166667 0 0 0 0 0 0 0 0.166667 0 0 0 0 0 0 0 0 0 0 0 0 0 0 0 0 0 0 0 0 0 0.166667 0 0 0 0 0 0 0 0 0 
ATGGAACA 0.5 0.125 0.25 0.125 0.142857 0.142857 0 0.142857 0.142857 0 0 0 0.142857 0 0.142857 0 0 0 0.142857 0 0 0.166667 0 0 0.166667 0 0 0 0 0 0 0 0 0 0.166667 0 0 0 0 0 0 0 0 0 0 0 0 0 0 0 0 0 0.166667 0 0 0 0 0 0 0 0.166667 0 0 0 0 0 0 0 0 0 0 0 0 0 0 0 0 0 0.166667 0 0 0 0 0 
ATGGAACC 0.375 0.25 0.25 0.125 0.142857 0.142857 0 0.142857 0 0.142857 0 0 0.142857 0 0.142857 0 0 0 0.142857 0 0 0.166667 0 0 0 0.166667 0 0 0 0 0 0 0 0 0.166667 0 0 0 0 0 0 0 0 0 0 0 0 0 0 0 0 0 0.166667 0 0 0 0 0 0 0 0.166667 0 0 0 0 0 0 0 0 0 0 0 0 0 0 0 0 0 0.166667 0 0 0 0 0 
ATGGAACG 0.375 0.125 0.375 0.125 0.142857 0.142857 0 0.142857 0 0 0.142857 0 0.142857 0 0.142857 0 0 0 0.142857 0 0 0.166667 0 0 0 0 0.166667 0 0 0 0 0 0 0 0.166667 0 0 0 0 0 0 0 0 0 0 0 0 0 0 0 0 0 0.166667 0 0 0 0 0 0 0 0.166667 0 0 0 0 0 0 0 0 0 0 0 0 0 0 0 0 0 0.166667 0 0 0 0 0 
ATGGAAGG 0.375 0 0.5 0.125 0.142857 0 0.142857 0.142857 0 0 0 0 0.142857 0 0.285714 0 0 0 0.142857 0 0 0 0.166667 0 0 0 0 0 0 0 0.166667 0 0 0 0.166667 0 0 0 0 0 0 0 0 0 0 0 0 0 0 0 0 0 0.166667 0 0 0 0 0 0 0 0.166667 0 0 0 0 0 0 0 0 0 0 0 0 0 0 0 0 0 0.166667 0 0 0 0 0 
ATGGAATA 0.5 0 0.25 0.25 0.142857 0 0 0.285714 0 0 0 0 0.142857 0 0.142857 0 0.142857 0 0.142857 0 0 0 0 0.166667 0 0 0 0 0 0 0 0 0.166667 0 0.166667 0 0 0 0 0 0 0 0 0 0 0 0 0 0 0 0 0 0.166667 0 0 0 0 0 0 0 0.166667 0 0 0 0 0 0 0 0 0 0 0 0 0 0 0 0 0 0.166667 0 0 0 0 0 
ATGGAATC 0.375 0.125 0.25 0.25 0.142857 0 0 0.285714 0 0 0 0 0.142857 0 0.142857 0 0 0.142857 0.142857 0 0 0 0 0.166667 0 0 0 0 0 0 0 0 0 0.166667 0.166667 0 0 0 0 0 0 0 0 0 0 0 0 0 0 0 0 0 0.166667 0 0 0 0 0 0 0 0.166667 0 0 0 0 0 0 0 0 0 0 0 0 0 0 0 0 0 0.166667 0 0 0 0 0 
ATGTTCTA 0.25 0.125 0.125 0.5 0 0 0 0.142857 0 0 0 0.142857 0 0 0 0.142857 0.142857 0.142857 0.142857 0.142857 0 0 0 0 0 0 0 0 0 0 0 0 0 0 0.166667 0 0 0 0 0 0 0 0 0 0 0 0 0 0.166667 0 0 0 0 0 0 0 0 0 0 0 0 0 0 0 0 0 0 0.166667 0 0 0 0 0 0 0 0.166667 0 0 0 0.166667 0 0.166667 0 0 
ATGTTCTG 0.125 0.125 0.25 0.5 0 0 0 0.142857 0 0 0 0.142857 0 0 0 0.142857 0 0.142857 0.285714 0.142857 0 0 0 0 0 0 0 0 0 0 0 0 0 0 0.166667 0 0 0 0 0 0 0 0 0 0 0 0 0 0 0 0.166667 0 0 0 0 0 0 0 0 0 0 0 0 0 0 0 0 0.166667 0 0 0 0 0 0 0 0.166667 0 0 0 0.166667 0 0.166667 0 0 
ATTCCATA 0.375 0.25 0 0.375 0 0 0 0.285714 0.142857 0.142857 0 0 0 0 0 0 0.142857 0.142857 0 0.142857 0 0 0 0 0 0 0 0 0 0 0 0 0.166667 0 0 0.166667 0 0 0 0.166667 0.166667 0 0 0 0 0 0 0 0 0 0 0 0 0 0 0 0 0 0 0 0 0 0 0 0 0 0 0 0 0 0 0 0 0.166667 0 0 0 0 0 0 0 0.166667 0 0 
ATTCCTTC 0.125 0.375 0 0.5 0 0 0 0.142857 0 0.142857 0 0.142857 0 0 0 0 0 0.285714 0 0.285714 0 0 0 0 0 0 0 0 0 0 0 0 0 0 0 0.166667 0 0 0 0 0 0 0 0.166667 0 0 0 0 0 0 0 0.166667 0 0 0 0 0 0 0 0 0 0 0 0 0 0 0 0 0 0 0 0 0 0.166667 0 0 0 0 0 0 0 0.333333 0 0 
ATTCGATA 0.375 0.125 0.125 0.375 0 0 0 0.285714 0 0 0.142857 0 0.142857 0 0 0 0.142857 0.142857 0 0.142857 0 0 0 0 0 0 0 0 0 0 0 0 0.166667 0 0 0.166667 0 0 0 0 0 0 0 0 0.166667 0 0 0 0 0 0 0 0 0 0 0.166667 0 0 0 0 0 0 0 0 0 0 0 0 0 0 0 0 0 0 0.166667 0 0 0 0 0 0 0.166667 0 0 
ATTCGATG 0.25 0.125 0.25 0.375 0 0 0 0.285714 0 0 0.142857 0 0.142857 0 0 0 0 0.142857 0.142857 0.142857 0 0 0 0 0 0 0 0 0 0 0 0 0 0 0.166667 0.166667 0 0 0 0 0 0 0 0 0.166667 0 0 0 0 0 0 0 0 0 0 0.166667 0 0 0 0 0 0 0 0 0 0 0 0 0 0 0 0 0 0 0.166667 0 0 0 0 0 0 0.166667 0 0 
ATTCGGTA 0.25 0.125 0.25 0.375 0 0 0 0.142857 0 0 0.142857 0 0 0 0.142857 0.142857 0.142857 0.142857 0 0.142857 0 0 0 0 0 0 0 0 0 0 0 0 0 0 0 0.166667 0 0 0 0 0 0 0 0 0 0 0.166667 0 0 0 0 0 0 0 0 0 0 0 0 0 0 0 0 0.166667 0.166667 0 0 0 0 0 0 0 0 0 0.166667 0 0 0 0 0 0 0.166667 0 0 
ATTCGGTG 0.125 0.125 0.375 0.375 0 0 0 0.142857 0 0 0.142857 0 0 0 0.142857 0.142857 0 0.142857 0.142857 0.142857 0 0 0 0 0 0 0 0 0 0 0 0 0 0 0 0.166667 0 0 0 0 0 0 0 0 0 0 0.166667 0 0 0 0 0 0 0 0 0 0 0 0 0 0 0 0 0.166667 0 0 0.166667 0 0 0 0 0 0 0 0.166667 0 0 0 0 0 0 0.166667 0 0 
ATTCGTTC 0.125 0.25 0.125 0.5 0 0 0 0.142857 0 0 0.142857 0 0 0 0 0.142857 0 0.285714 0 0.285714 0 0 0 0 0 0 0 0 0 0 0 0 0 0 0 0.166667 0 0 0 0 0 0 0 0 0 0 0 0.166667 0 0 0 0 0 0 0 0 0 0 0 0 0 0 0 0 0 0 0 0.166667 0 0 0 0 0 0 0.166667 0 0 0 0 0 0 0.333333 0 0 
ATTCTACG 0.25 0.25 0.125 0.375 0 0.142857 0 0.142857 0 0 0.142857 0.142857 0 0 0 0 0.142857 0.142857 0 0.142857 0 0 0 0 0 0 0.166667 0 0 0 0 0 0 0 0 0.166667 0 0 0 0 0 0 0 0 0 0 0 0 0.166667 0 0 0 0 0 0 0 0 0 0 0 0 0 0 0 0 0 0 0 0 0.166667 0 0 0 0 0 0.166667 0 0 0 0 0 0.166667 0 0 
ATTCTATA 0.375 0.125 0 0.5 0 0 0 0.285714 0 0 0 0.142857 0 0 0 0 0.285714 0.142857 0 0.142857 0 0 0 0 0 0 0 0 0 0 0 0 0.166667 0 0 0.166667 0 0 0 0 0 0 0 0 0 0 0 0 0.166667 0 0 0 0 0 0 0 0 0 0 0 0 0 0 0 0 0 0 0 0 0 0 0.166667 0 0 0 0.166667 0 0 0 0 0 0.166667 0 0 
ATTCTATC 0.25 0.25 0 0.5 0 0 0 0.285714 0 0 0 0.142857 0 0 0 0 0.142857 0.285714 0 0.142857 0 0 0 0 0 0 0 0 0 0 0 0 0 0.166667 0 0.166667 0 0 0 0 0 0 0 0 0 0 0 0 0.166667 0 0 0 0 0 0 0 0 0 0 0 0 0 0 0 0 0 0 0 0 0 0 0.166667 0 0 0 0.166667 0 0 0 0 0 0.166667 0 0 
ATTCTATG 0.25 0.125 0.125 0.5 0 0 0 0.285714 0 0 0 0.142857 0 0 0 0 0.142857 0.142857 0.142857 0.142857 0 0 0 0 0 0 0 0 0 0 0 0 0 0 0.166667 0.166667 0 0 0 0 0 0 0 0 0 0 0 0 0.166667 0 0 0 0 0 0 0 0 0 0 0 0 0 0 0 0 0 0 0 0 0 0 0.166667 0 0 0 0.166667 0 0 0 0 0 0.166667 0 0 
ATTCTCTA 0.25 0.25 0 0.5 0 0 0 0.142857 0 0 0 0.285714 0 0 0 0 0.142857 0.285714 0 0.142857 0 0 0 0 0 0 0 0 0 0 0 0 0 0 0 0.166667 0 0 0 0 0 0 0 0 0 0 0 0 0.166667 0.166667 0 0 0 0 0 0 0 0 0 0 0 0 0 0 0 0 0 0 0 0 0 0 0 0 0 0.333333 0 0 0 0 0 0.166667 0 0 
ATTCTGTG 0.125 0.125 0.25 0.5 0 0 0 0.142857 0 0 0 0.142857 0 0 0 0.142857 0 0.142857 0.285714 0.142857 0 0 0 0 0 0 0 0 0 0 0 0 0 0 0 0.166667 0 0 0 0 0 0 0 0 0 0 0 0 0 0 0.166667 0 0 0 0 0 0 0 0 0 0 0 0 0 0 0 0.166667 0 0 0 0 0 0 0 0 0.166667 0 0 0 0.166667 0 0.166667 0 0 
ATTCTTTA 0.25 0.125 0 0.625 0 0 0 0.142857 0 0 0 0.142857 0 0 0 0 0.142857 0.142857 0 0.428571 0 0 0 0 0 0 0 0 0 0 0 0 0 0 0 0.166667 0 0 0 0 0 0 0 0 0 0 0 0 0 0 0 0.166667 0 0 0 0 0 0 0 0 0 0 0 0 0 0 0 0 0 0 0 0 0 0 0 0.166667 0 0 0 0 0.166667 0.166667 0 0.166667 
ATTCTTTC 0.125 0.25 0 0.625 0 0 0 0.142857 0 0 0 0.142857 0 0 0 0 0 0.285714 0 0.428571 0 0 0 0 0 0 0 0 0 0 0 0 0 0 0 0.166667 0 0 0 0 0 0 0 0 0 0 0 0 0 0 0 0.166667 0 0 0 0 0 0 0 0 0 0 0 0 0 0 0 0 0 0 0 0 0 0 0 0.166667 0 0 0 0 0 0.333333 0 0.166667 
ATTGTTCG 0.125 0.125 0.25 0.5 0 0 0 0.142857 0 0 0.142857 0 0 0 0 0.142857 0 0.142857 0.142857 0.285714 0 0 0 0 0 0 0 0 0 0 0 0 0 0 0 0.166667 0 0 0 0 0 0 0 0 0 0 0 0 0 0 0 0 0 0 0 0 0 0 0 0 0 0 0 0 0 0 0 0.166667 0 0 0 0 0 0 0.166667 0 0 0 0 0.166667 0 0.166667 0.166667 0 
CAAAGAAC 0.625 0.25 0.125 0 0.428571 0.142857 0.142857 0 0.142857 0 0 0 0.142857 0 0 0 0 0 0 0 0.166667 0.166667 0.166667 0 0 0 0 0 0.166667 0 0 0 0 0 0 0 0.166667 0 0 0 0 0 0 0 0 0 0 0 0 0 0 0 0.166667 0 0 0 0 0 0 0 0 0 0 0 0 0 0 0 0 0 0 0 0 0 0 0 0 0 0 0 0 0 0 0 
CAAGGAAC 0.5 0.25 0.25 0 0.285714 0.142857 0.142857 0 0.142857 0 0 0 0.142857 0 0.142857 0 0 0 0 0 0 0.166667 0.166667 0 0 0 0 0 0 0 0.166667 0 0 0 0 0 0.166667 0 0 0 0 0 0 0 0 0 0 0 0 0 0 0 0.166667 0 0 0 0 0 0 0 0.166667 0 0 0 0 0 0 0 0 0 0 0 0 0 0 0 0 0 0 0 0 0 0 0 
CAATAGAA 0.625 0.125 0.125 0.125 0.285714 0 0.142857 0.142857 0.142857 0 0 0 0.142857 0 0 0 0.142857 0 0 0 0 0 0 0.166667 0 0 0 0 0.166667 0 0 0 0.166667 0 0 0 0.166667 0 0 0 0 0 0 0 0 0 0 0 0 0 0 0 0.166667 0 0 0 0 0 0 0 0 0 0 0 0 0 0 0 0 0 0.166667 0 0 0 0 0 0 0 0 0 0 0 0 0 
CACAGAAC 0.5 0.375 0.125 0 0.142857 0.285714 0.142857 0 0.285714 0 0 0 0.142857 0 0 0 0 0 0 0 0 0.166667 0 0 0.166667 0 0 0 0.166667 0 0 0 0 0 0 0 0 0.166667 0.166667 0 0 0 0 0 0 0 0 0 0 0 0 0 0.166667 0 0 0 0 0 0 0 0 0 0 0 0 0 0 0 0 0 0 0 0 0 0 0 0 0 0 0 0 0 0 0 
CACAGAAG 0.5 0.25 0.25 0 0.142857 0.142857 0.285714 0 0.285714 0 0 0 0.142857 0 0 0 0 0 0 0 0 0 0.166667 0 0.166667 0 0 0 0.166667 0 0 0 0 0 0 0 0 0.166667 0.166667 0 0 0 0 0 0 0 0 0 0 0 0 0 0.166667 0 0 0 0 0 0 0 0 0 0 0 0 0 0 0 0 0 0 0 0 0 0 0 0 0 0 0 0 0 0 0 
CACCGAAC 0.375 0.5 0.125 0 0.142857 0.285714 0 0 0.142857 0.142857 0.142857 0 0.142857 0 0 0 0 0 0 0 0 0.166667 0 0 0 0.166667 0 0 0 0 0 0 0 0 0 0 0 0.166667 0 0 0 0 0.166667 0 0.166667 0 0 0 0 0 0 0 0.166667 0 0 0 0 0 0 0 0 0 0 0 0 0 0 0 0 0 0 0 0 0 0 0 0 0 0 0 0 0 0 0 
CACCGAAG 0.375 0.375 0.25 0 0.142857 0.142857 0.142857 0 0.142857 0.142857 0.142857 0 0.142857 0 0 0 0 0 0 0 0 0 0.166667 0 0 0.166667 0 0 0 0 0 0 0 0 0 0 0 0.166667 0 0 0 0 0.166667 0 0.166667 0 0 0 0 0 0 0 0.166667 0 0 0 0 0 0 0 0 0 0 0 0 0 0 0 0 0 0 0 0 0 0 0 0 0 0 0 0 0 0 0 
CAGAACAA 0.625 0.25 0.125 0 0.285714 0.142857 0.142857 0 0.285714 0 0 0 0.142857 0 0 0 0 0 0 0 0 0.166667 0 0 0.166667 0 0 0 0.166667 0 0 0 0 0 0 0 0.166667 0 0.166667 0 0 0 0 0 0 0 0 0 0 0 0 0 0.166667 0 0 0 0 0 0 0 0 0 0 0 0 0 0 0 0 0 0 0 0 0 0 0 0 0 0 0 0 0 0 0 
CAGAACAC 0.5 0.375 0.125 0 0.142857 0.285714 0.142857 0 0.285714 0 0 0 0.142857 0 0 0 0 0 0 0 0 0.166667 0 0 0.166667 0 0 0 0.166667 0 0 0 0 0 0 0 0 0.166667 0.166667 0 0 0 0 0 0 0 0 0 0 0 0 0 0.166667 0 0 0 0 0 0 0 0 0 0 0 0 0 0 0 0 0 0 0 0 0 0 0 0 0 0 0 0 0 0 0 
CAGAGAAC 0.5 0.25 0.25 0 0.142857 0.142857 0.285714 0 0.142857 0 0 0 0.285714 0 0 0 0 0 0 0 0 0.166667 0 0 0 0 0 0 0.333333 0 0 0 0 0 0 0 0 0 0.166667 0 0 0 0 0 0 0 0 0 0 0 0 0 0.166667 0 0.166667 0 0 0 0 0 0 0 0 0 0 0 0 0 0 0 0 0 0 0 0 0 0 0 0 0 0 0 0 0 
CAGGGAAC 0.375 0.25 0.375 0 0.142857 0.142857 0.142857 0 0.142857 0 0 0 0.142857 0 0.285714 0 0 0 0 0 0 0.166667 0 0 0 0 0 0 0 0 0.166667 0 0 0 0 0 0 0 0.166667 0 0 0 0 0 0 0 0 0 0 0 0 0 0.166667 0 0 0 0 0 0 0 0.166667 0 0.166667 0 0 0 0 0 0 0 0 0 0 0 0 0 0 0 0 0 0 0 0 0 
CATAGAAA 0.625 0.125 0.125 0.125 0.285714 0 0.142857 0.142857 0.142857 0 0 0 0.142857 0 0 0 0.142857 0 0 0 0.166667 0 0 0 0 0 0 0 0.166667 0 0 0 0.166667 0 0 0 0 0 0 0.166667 0 0 0 0 0 0 0 0 0 0 0 0 0.166667 0 0 0 0 0 0 0 0 0 0 0 0 0 0 0 0 0 0.166667 0 0 0 0 0 0 0 0 0 0 0 0 0 
CATAGAAC 0.5 0.25 0.125 0.125 0.142857 0.142857 0.142857 0.142857 0.142857 0 0 0 0.142857 0 0 0 0.142857 0 0 0 0 0.166667 0 0 0 0 0 0 0.166667 0 0 0 0.166667 0 0 0 0 0 0 0.166667 0 0 0 0 0 0 0 0 0 0 0 0 0.166667 0 0 0 0 0 0 0 0 0 0 0 0 0 0 0 0 0 0.166667 0 0 0 0 0 0 0 0 0 0 0 0 0 
CATAGAAG 0.5 0.125 0.25 0.125 0.142857 0 0.285714 0.142857 0.142857 0 0 0 0.142857 0 0 0 0.142857 0 0 0 0 0 0.166667 0 0 0 0 0 0.166667 0 0 0 0.166667 0 0 0 0 0 0 0.166667 0 0 0 0 0 0 0 0 0 0 0 0 0.166667 0 0 0 0 0 0 0 0 0 0 0 0 0 0 0 0 0 0.166667 0 0 0 0 0 0 0 0 0 0 0 0 0 
CATCGAAC 0.375 0.375 0.125 0.125 0.142857 0.142857 0 0.142857 0.142857 0 0.142857 0 0.142857 0 0 0 0 0.142857 0 0 0 0.166667 0 0 0 0 0 0 0 0 0 0 0 0.166667 0 0 0 0 0 0.166667 0 0 0 0 0.166667 0 0 0 0 0 0 0 0.166667 0 0 0 0 0 0 0 0 0 0 0 0 0 0 0 0 0 0 0 0 0 0.166667 0 0 0 0 0 0 0 0 0 
CATGGAAC 0.375 0.25 0.25 0.125 0.142857 0.142857 0 0.142857 0.142857 0 0 0 0.142857 0 0.142857 0 0 0 0.142857 0 0 0.166667 0 0 0 0 0 0 0 0 0 0 0 0 0.166667 0 0 0 0 0.166667 0 0 0 0 0 0 0 0 0 0 0 0 0.166667 0 0 0 0 0 0 0 0.166667 0 0 0 0 0 0 0 0 0 0 0 0 0 0 0 0 0 0.166667 0 0 0 0 0 
CCACAGAA 0.5 0.375 0.125 0 0.142857 0.142857 0.142857 0 0.285714 0.142857 0 0 0.142857 0 0 0 0 0 0 0 0 0 0 0 0.166667 0 0 0 0.166667 0 0 0 0 0 0 0 0 0.166667 0.166667 0 0.166667 0 0 0 0 0 0 0 0 0 0 0 0.166667 0 0 0 0 0 0 0 0 0 0 0 0 0 0 0 0 0 0 0 0 0 0 0 0 0 0 0 0 0 0 0 
CCACCGAA 0.375 0.5 0.125 0 0.142857 0.142857 0 0 0.142857 0.285714 0.142857 0 0.142857 0 0 0 0 0 0 0 0 0 0 0 0 0.166667 0 0 0 0 0 0 0 0 0 0 0 0.166667 0 0 0.166667 0 0.166667 0 0.166667 0 0 0 0 0 0 0 0.166667 0 0 0 0 0 0 0 0 0 0 0 0 0 0 0 0 0 0 0 0 0 0 0 0 0 0 0 0 0 0 0 
CCATAGAA 0.5 0.25 0.125 0.125 0.142857 0 0.142857 0.142857 0.142857 0.142857 0 0 0.142857 0 0 0 0.142857 0 0 0 0 0 0 0 0 0 0 0 0.166667 0 0 0 0.166667 0 0 0 0 0 0 0.166667 0.166667 0 0 0 0 0 0 0 0 0 0 0 0.166667 0 0 0 0 0 0 0 0 0 0 0 0 0 0 0 0 0 0.166667 0 0 0 0 0 0 0 0 0 0 0 0 0 
CCGTAGAA 0.375 0.25 0.25 0.125 0.142857 0 0.142857 0 0 0.142857 0.142857 0 0.142857 0 0 0.142857 0.142857 0 0 0 0 0 0 0 0 0 0 0 0.166667 0 0 0 0 0 0 0 0 0 0 0 0 0 0.166667 0 0 0 0 0.166667 0 0 0 0 0.166667 0 0 0 0 0 0 0 0 0 0 0 0.166667 0 0 0 0 0 0.166667 0 0 0 0 0 0 0 0 0 0 0 0 0 
CGAAAGAA 0.625 0.125 0.25 0 0.428571 0 0.142857 0 0 0 0.142857 0 0.285714 0 0 0 0 0 0 0 0.166667 0 0.166667 0 0 0 0 0 0.166667 0 0 0 0 0 0 0 0 0 0 0 0 0 0 0 0.166667 0 0 0 0 0 0 0 0.333333 0 0 0 0 0 0 0 0 0 0 0 0 0 0 0 0 0 0 0 0 0 0 0 0 0 0 0 0 0 0 0 
CGAACACC 0.375 0.5 0.125 0 0.142857 0.285714 0 0 0.142857 0.142857 0.142857 0 0.142857 0 0 0 0 0 0 0 0 0.166667 0 0 0.166667 0.166667 0 0 0 0 0 0 0 0 0 0 0 0.166667 0 0 0 0 0 0 0.166667 0 0 0 0 0 0 0 0.166667 0 0 0 0 0 0 0 0 0 0 0 0 0 0 0 0 0 0 0 0 0 0 0 0 0 0 0 0 0 0 0 
CGAAGAAC 0.5 0.25 0.25 0 0.285714 0.142857 0.142857 0 0 0 0.142857 0 0.285714 0 0 0 0 0 0 0 0 0.166667 0.166667 0 0 0 0 0 0.166667 0 0 0 0 0 0 0 0 0 0 0 0 0 0 0 0.166667 0 0 0 0 0 0 0 0.333333 0 0 0 0 0 0 0 0 0 0 0 0 0 0 0 0 0 0 0 0 0 0 0 0 0 0 0 0 0 0 0 
CGAAGGAA 0.5 0.125 0.375 0 0.285714 0 0.142857 0 0 0 0.142857 0 0.285714 0 0.142857 0 0 0 0 0 0 0 0.166667 0 0 0 0 0 0 0 0.166667 0 0 0 0 0 0 0 0 0 0 0 0 0 0.166667 0 0 0 0 0 0 0 0.333333 0 0 0 0 0 0 0 0.166667 0 0 0 0 0 0 0 0 0 0 0 0 0 0 0 0 0 0 0 0 0 0 0 
CGATAGAA 0.5 0.125 0.25 0.125 0.142857 0 0.142857 0.142857 0 0 0.142857 0 0.285714 0 0 0 0.142857 0 0 0 0 0 0 0 0 0 0 0 0.166667 0 0 0 0.166667 0 0 0 0 0 0 0 0 0 0 0 0.166667 0 0 0 0 0 0 0 0.166667 0 0 0.166667 0 0 0 0 0 0 0 0 0 0 0 0 0 0 0.166667 0 0 0 0 0 0 0 0 0 0 0 0 0 
CGCAGAAC 0.375 0.375 0.25 0 0.142857 0.142857 0.142857 0 0.142857 0 0.142857 0 0.142857 0.142857 0 0 0 0 0 0 0 0.166667 0 0 0 0 0 0 0.166667 0 0 0 0 0 0 0 0 0 0.166667 0 0 0 0 0 0 0.166667 0 0 0 0 0 0 0.166667 0 0 0 0.166667 0 0 0 0 0 0 0 0 0 0 0 0 0 0 0 0 0 0 0 0 0 0 0 0 0 0 0 
CGGTGTTC 0 0.25 0.375 0.375 0 0 0 0 0 0 0.142857 0 0 0 0.142857 0.285714 0 0.142857 0.142857 0.142857 0 0 0 0 0 0 0 0 0 0 0 0 0 0 0 0 0 0 0 0 0 0 0 0 0 0 0.166667 0 0 0 0 0 0 0 0 0 0 0 0 0 0 0 0 0.166667 0 0 0.166667 0.166667 0 0 0 0 0 0 0 0 0 0 0 0.166667 0 0.166667 0 0 
CGTAGAAC 0.375 0.25 0.25 0.125 0.142857 0.142857 0.142857 0 0 0 0.142857 0 0.142857 0 0 0.142857 0.142857 0 0 0 0 0.166667 0 0 0 0 0 0 0.166667 0 0 0 0 0 0 0 0 0 0 0 0 0 0 0 0 0 0 0.166667 0 0 0 0 0.166667 0 0 0 0 0 0 0 0 0 0 0 0.166667 0 0 0 0 0 0.166667 0 0 0 0 0 0 0 0 0 0 0 0 0 
CGTAGAAG 0.375 0.125 0.375 0.125 0.142857 0 0.285714 0 0 0 0.142857 0 0.142857 0 0 0.142857 0.142857 0 0 0 0 0 0.166667 0 0 0 0 0 0.166667 0 0 0 0 0 0 0 0 0 0 0 0 0 0 0 0 0 0 0.166667 0 0 0 0 0.166667 0 0 0 0 0 0 0 0 0 0 0 0.166667 0 0 0 0 0 0.166667 0 0 0 0 0 0 0 0 0 0 0 0 0 
CGTGGAAC 0.25 0.25 0.375 0.125 0.142857 0.142857 0 0 0 0 0.142857 0 0.142857 0 0.142857 0.142857 0 0 0.142857 0 0 0.166667 0 0 0 0 0 0 0 0 0 0 0 0 0 0 0 0 0 0 0 0 0 0 0 0 0 0.166667 0 0 0 0 0.166667 0 0 0 0 0 0 0 0.166667 0 0 0 0 0 0.166667 0 0 0 0 0 0 0 0 0 0 0 0.166667 0 0 0 0 0 
CGTTCTAC 0.125 0.375 0.125 0.375 0 0.142857 0 0 0 0 0.142857 0.142857 0 0 0 0.142857 0.142857 0.142857 0 0.142857 0 0 0 0 0 0 0 0 0 0 0 0 0 0 0 0 0 0 0 0 0 0 0 0 0 0 0 0.166667 0.166667 0 0 0 0 0 0 0 0 0 0 0 0 0 0 0 0 0 0 0.166667 0 0.166667 0 0 0 0 0 0.166667 0 0 0 0 0 0.166667 0 0 
CGTTCTGC 0 0.375 0.25 0.375 0 0 0 0 0 0 0.142857 0.142857 0 0.142857 0 0.142857 0 0.142857 0.142857 0.142857 0 0 0 0 0 0 0 0 0 0 0 0 0 0 0 0 0 0 0 0 0 0 0 0 0 0 0 0.166667 0 0 0.166667 0 0 0 0 0 0 0 0 0 0 0 0 0 0 0 0 0.166667 0 0 0 0 0 0 0 0.166667 0 0.166667 0 0 0 0.166667 0 0 
CTAAAGAA 0.625 0.125 0.125 0.125 0.428571 0 0.142857 0 0 0 0 0.142857 0.142857 0 0 0 0.142857 0 0 0 0.166667 0 0.166667 0 0 0 0 0 0.166667 0 0 0 0 0 0 0 0 0 0 0 0 0 0 0 0 0 0 0 0.166667 0 0 0 0.166667 0 0 0 0 0 0 0 0 0 0 0 0 0 0 0 0.166667 0 0 0 0 0 0 0 0 0 0 0 0 0 0 0 
CTACAGAA 0.5 0.25 0.125 0.125 0.142857 0.142857 0.142857 0 0.142857 0 0 0.142857 0.142857 0 0 0 0.142857 0 0 0 0 0 0 0 0.166667 0 0 0 0.166667 0 0 0 0 0 0 0 0 0 0.166667 0 0 0 0 0 0 0 0 0 0.166667 0 0 0 0.166667 0 0 0 0 0 0 0 0 0 0 0 0 0 0 0 0 0.166667 0 0 0 0 0 0 0 0 0 0 0 0 0 0 
CTAGAGAA 0.5 0.125 0.25 0.125 0.142857 0 0.285714 0 0 0 0 0.142857 0.285714 0 0 0 0.142857 0 0 0 0 0 0 0 0 0 0 0 0.333333 0 0 0 0 0 0 0 0 0 0 0 0 0 0 0 0 0 0 0 0.166667 0 0 0 0.166667 0 0.166667 0 0 0 0 0 0 0 0 0 0 0 0 0 0 0 0.166667 0 0 0 0 0 0 0 0 0 0 0 0 0 
CTATAGAA 0.5 0.125 0.125 0.25 0.142857 0 0.142857 0.142857 0 0 0 0.142857 0.142857 0 0 0 0.285714 0 0 0 0 0 0 0 0 0 0 0 0.166667 0 0 0 0.166667 0 0 0 0 0 0 0 0 0 0 0 0 0 0 0 0.166667 0 0 0 0.166667 0 0 0 0 0 0 0 0 0 0 0 0 0 0 0 0 0 0.166667 0.166667 0 0 0 0 0 0 0 0 0 0 0 0 
CTATCGAA 0.375 0.25 0.125 0.25 0.142857 0 0 0.142857 0 0 0.142857 0.142857 0.142857 0 0 0 0.142857 0.142857 0 0 0 0 0 0 0 0 0 0 0 0 0 0 0 0.166667 0 0 0 0 0 0 0 0 0 0 0.166667 0 0 0 0.166667 0 0 0 0.166667 0 0 0 0 0 0 0 0 0 0 0 0 0 0 0 0 0 0 0.166667 0 0 0.166667 0 0 0 0 0 0 0 0 0 
CTTCCTTC 0 0.5 0 0.5 0 0 0 0 0 0.142857 0 0.285714 0 0 0 0 0 0.285714 0 0.285714 0 0 0 0 0 0 0 0 0 0 0 0 0 0 0 0 0 0 0 0 0 0 0 0.166667 0 0 0 0 0 0 0 0.333333 0 0 0 0 0 0 0 0 0 0 0 0 0 0 0 0 0 0 0 0 0 0.166667 0 0 0 0 0 0 0 0.333333 0 0 
CTTCGTTC 0 0.375 0.125 0.5 0 0 0 0 0 0 0.142857 0.142857 0 0 0 0.142857 0 0.285714 0 0.285714 0 0 0 0 0 0 0 0 0 0 0 0 0 0 0 0 0 0 0 0 0 0 0 0 0 0 0 0.166667 0 0 0 0.166667 0 0 0 0 0 0 0 0 0 0 0 0 0 0 0 0.166667 0 0 0 0 0 0 0.166667 0 0 0 0 0 0 0.333333 0 0 
CTTCTATA 0.25 0.25 0 0.5 0 0 0 0.142857 0 0 0 0.285714 0 0 0 0 0.285714 0.142857 0 0.142857 0 0 0 0 0 0 0 0 0 0 0 0 0.166667 0 0 0 0 0 0 0 0 0 0 0 0 0 0 0 0.166667 0 0 0.166667 0 0 0 0 0 0 0 0 0 0 0 0 0 0 0 0 0 0 0 0.166667 0 0 0 0.166667 0 0 0 0 0 0.166667 0 0 
CTTCTCTC 0 0.5 0 0.5 0 0 0 0 0 0 0 0.428571 0 0 0 0 0 0.428571 0 0.142857 0 0 0 0 0 0 0 0 0 0 0 0 0 0 0 0 0 0 0 0 0 0 0 0 0 0 0 0 0 0.333333 0 0.166667 0 0 0 0 0 0 0 0 0 0 0 0 0 0 0 0 0 0 0 0 0 0 0 0.333333 0 0 0 0 0 0.166667 0 0 
CTTCTGTA 0.125 0.25 0.125 0.5 0 0 0 0 0 0 0 0.285714 0 0 0 0.142857 0.142857 0.142857 0.142857 0.142857 0 0 0 0 0 0 0 0 0 0 0 0 0 0 0 0 0 0 0 0 0 0 0 0 0 0 0 0 0 0 0.166667 0.166667 0 0 0 0 0 0 0 0 0 0 0 0 0.166667 0 0 0 0 0 0 0 0 0 0 0.166667 0 0 0 0.166667 0 0.166667 0 0 
GAAAGAAC 0.625 0.125 0.25 0 0.428571 0.142857 0.142857 0 0 0 0 0 0.285714 0 0 0 0 0 0 0 0.166667 0.166667 0.166667 0 0 0 0 0 0.166667 0 0 0 0 0 0 0 0 0 0 0 0 0 0 0 0 0 0 0 0 0 0 0 0.333333 0 0 0 0 0 0 0 0 0 0 0 0 0 0 0 0 0 0 0 0 0 0 0 0 0 0 0 0 0 0 0 
GAACACAC 0.5 0.375 0.125 0 0.142857 0.428571 0 0 0.285714 0 0 0 0.142857 0 0 0 0 0 0 0 0 0.166667 0 0 0.333333 0 0 0 0 0 0 0 0 0 0 0 0 0.333333 0 0 0 0 0 0 0 0 0 0 0 0 0 0 0.166667 0 0 0 0 0 0 0 0 0 0 0 0 0 0 0 0 0 0 0 0 0 0 0 0 0 0 0 0 0 0 0 
GAACACTC 0.375 0.375 0.125 0.125 0.142857 0.285714 0 0 0.142857 0 0 0.142857 0.142857 0 0 0 0 0.142857 0 0 0 0.166667 0 0 0.166667 0 0 0.166667 0 0 0 0 0 0 0 0 0 0.166667 0 0 0 0 0 0 0 0 0 0 0 0.166667 0 0 0.166667 0 0 0 0 0 0 0 0 0 0 0 0 0 0 0 0 0 0 0 0 0 0 0 0 0 0 0 0 0 0 0 
GAACAGAA 0.625 0.125 0.25 0 0.285714 0.142857 0.142857 0 0.142857 0 0 0 0.285714 0 0 0 0 0 0 0 0 0.166667 0 0 0.166667 0 0 0 0.166667 0 0 0 0 0 0 0 0 0 0.166667 0 0 0 0 0 0 0 0 0 0 0 0 0 0.333333 0 0 0 0 0 0 0 0 0 0 0 0 0 0 0 0 0 0 0 0 0 0 0 0 0 0 0 0 0 0 0 
GAACATTC 0.375 0.25 0.125 0.25 0.142857 0.142857 0 0.142857 0.142857 0 0 0 0.142857 0 0 0 0 0.142857 0 0.142857 0 0.166667 0 0 0.166667 0 0 0 0 0 0 0 0 0 0 0.166667 0 0 0 0.166667 0 0 0 0 0 0 0 0 0 0 0 0 0.166667 0 0 0 0 0 0 0 0 0 0 0 0 0 0 0 0 0 0 0 0 0 0 0 0 0 0 0 0 0.166667 0 0 
GAACGTTC 0.25 0.25 0.25 0.25 0.142857 0.142857 0 0 0 0 0.142857 0 0.142857 0 0 0.142857 0 0.142857 0 0.142857 0 0.166667 0 0 0 0 0.166667 0 0 0 0 0 0 0 0 0 0 0 0 0 0 0 0 0 0 0 0 0.166667 0 0 0 0 0.166667 0 0 0 0 0 0 0 0 0 0 0 0 0 0 0.166667 0 0 0 0 0 0 0 0 0 0 0 0 0 0.166667 0 0 
GAAGAACA 0.625 0.125 0.25 0 0.285714 0.142857 0.142857 0 0.142857 0 0 0 0.285714 0 0 0 0 0 0 0 0 0.166667 0.166667 0 0.166667 0 0 0 0.166667 0 0 0 0 0 0 0 0 0 0 0 0 0 0 0 0 0 0 0 0 0 0 0 0.333333 0 0 0 0 0 0 0 0 0 0 0 0 0 0 0 0 0 0 0 0 0 0 0 0 0 0 0 0 0 0 0 
GAAGCTTC 0.25 0.25 0.25 0.25 0.142857 0 0.142857 0 0 0 0 0.142857 0.142857 0.142857 0 0 0 0.142857 0 0.142857 0 0 0.166667 0 0 0 0 0 0 0.166667 0 0 0 0 0 0 0 0 0 0 0 0 0 0 0 0 0 0 0 0 0 0.166667 0.166667 0 0 0 0 0 0 0.166667 0 0 0 0 0 0 0 0 0 0 0 0 0 0 0 0 0 0 0 0 0 0.166667 0 0 
GAAGGAAC 0.5 0.125 0.375 0 0.285714 0.142857 0.142857 0 0 0 0 0 0.285714 0 0.142857 0 0 0 0 0 0 0.166667 0.166667 0 0 0 0 0 0 0 0.166667 0 0 0 0 0 0 0 0 0 0 0 0 0 0 0 0 0 0 0 0 0 0.333333 0 0 0 0 0 0 0 0.166667 0 0 0 0 0 0 0 0 0 0 0 0 0 0 0 0 0 0 0 0 0 0 0 
GAAGGGAA 0.5 0 0.5 0 0.285714 0 0.142857 0 0 0 0 0 0.285714 0 0.285714 0 0 0 0 0 0 0 0.166667 0 0 0 0 0 0 0 0.166667 0 0 0 0 0 0 0 0 0 0 0 0 0 0 0 0 0 0 0 0 0 0.333333 0 0 0 0 0 0 0 0.166667 0 0.166667 0 0 0 0 0 0 0 0 0 0 0 0 0 0 0 0 0 0 0 0 0 
GAATAGAA 0.625 0 0.25 0.125 0.285714 0 0.142857 0.142857 0 0 0 0 0.285714 0 0 0 0.142857 0 0 0 0 0 0 0.166667 0 0 0 0 0.166667 0 0 0 0.166667 0 0 0 0 0 0 0 0 0 0 0 0 0 0 0 0 0 0 0 0.333333 0 0 0 0 0 0 0 0 0 0 0 0 0 0 0 0 0 0.166667 0 0 0 0 0 0 0 0 0 0 0 0 0 
GAATATTC 0.375 0.125 0.125 0.375 0.142857 0 0 0.285714 0 0 0 0 0.142857 0 0 0 0.142857 0.142857 0 0.142857 0 0 0 0.166667 0 0 0 0 0 0 0 0 0.166667 0 0 0.166667 0 0 0 0 0 0 0 0 0 0 0 0 0 0 0 0 0.166667 0 0 0 0 0 0 0 0 0 0 0 0 0 0 0 0 0 0 0.166667 0 0 0 0 0 0 0 0 0 0.166667 0 0 
GAATCGAA 0.5 0.125 0.25 0.125 0.285714 0 0 0.142857 0 0 0.142857 0 0.285714 0 0 0 0 0.142857 0 0 0 0 0 0.166667 0 0 0 0 0 0 0 0 0 0.166667 0 0 0 0 0 0 0 0 0 0 0.166667 0 0 0 0 0 0 0 0.333333 0 0 0 0 0 0 0 0 0 0 0 0 0 0 0 0 0 0 0 0 0 0.166667 0 0 0 0 0 0 0 0 0 
GACAGAAC 0.5 0.25 0.25 0 0.142857 0.285714 0.142857 0 0.142857 0 0 0 0.285714 0 0 0 0 0 0 0 0 0.166667 0 0 0.166667 0 0 0 0.166667 0 0 0 0 0 0 0 0 0 0.166667 0 0 0 0 0 0 0 0 0 0 0 0 0 0.166667 0.166667 0 0 0 0 0 0 0 0 0 0 0 0 0 0 0 0 0 0 0 0 0 0 0 0 0 0 0 0 0 0 
GAGAACAC 0.5 0.25 0.25 0 0.142857 0.285714 0.142857 0 0.142857 0 0 0 0.285714 0 0 0 0 0 0 0 0 0.166667 0 0 0.166667 0 0 0 0.166667 0 0 0 0 0 0 0 0 0.166667 0 0 0 0 0 0 0 0 0 0 0 0 0 0 0.166667 0 0.166667 0 0 0 0 0 0 0 0 0 0 0 0 0 0 0 0 0 0 0 0 0 0 0 0 0 0 0 0 0 
GAGAGAAC 0.5 0.125 0.375 0 0.142857 0.142857 0.285714 0 0 0 0 0 0.428571 0 0 0 0 0 0 0 0 0.166667 0 0 0 0 0 0 0.333333 0 0 0 0 0 0 0 0 0 0 0 0 0 0 0 0 0 0 0 0 0 0 0 0.166667 0 0.333333 0 0 0 0 0 0 0 0 0 0 0 0 0 0 0 0 0 0 0 0 0 0 0 0 0 0 0 0 0 
GATAGAAA 0.625 0 0.25 0.125 0.285714 0 0.142857 0.142857 0 0 0 0 0.285714 0 0 0 0.142857 0 0 0 0.166667 0 0 0 0 0 0 0 0.166667 0 0 0 0.166667 0 0 0 0 0 0 0 0 0 0 0 0 0 0 0 0 0 0 0 0.166667 0 0 0.166667 0 0 0 0 0 0 0 0 0 0 0 0 0 0 0.166667 0 0 0 0 0 0 0 0 0 0 0 0 0 
GATAGAAC 0.5 0.125 0.25 0.125 0.142857 0.142857 0.142857 0.142857 0 0 0 0 0.285714 0 0 0 0.142857 0 0 0 0 0.166667 0 0 0 0 0 0 0.166667 0 0 0 0.166667 0 0 0 0 0 0 0 0 0 0 0 0 0 0 0 0 0 0 0 0.166667 0 0 0.166667 0 0 0 0 0 0 0 0 0 0 0 0 0 0 0.166667 0 0 0 0 0 0 0 0 0 0 0 0 0 
GATCGAAC 0.375 0.25 0.25 0.125 0.142857 0.142857 0 0.142857 0 0 0.142857 0 0.285714 0 0 0 0 0.142857 0 0 0 0.166667 0 0 0 0 0 0 0 0 0 0 0 0.166667 0 0 0 0 0 0 0 0 0 0 0.166667 0 0 0 0 0 0 0 0.166667 0 0 0.166667 0 0 0 0 0 0 0 0 0 0 0 0 0 0 0 0 0 0 0.166667 0 0 0 0 0 0 0 0 0 
GATGGAAC 0.375 0.125 0.375 0.125 0.142857 0.142857 0 0.142857 0 0 0 0 0.285714 0 0.142857 0 0 0 0.142857 0 0 0.166667 0 0 0 0 0 0 0 0 0 0 0 0 0.166667 0 0 0 0 0 0 0 0 0 0 0 0 0 0 0 0 0 0.166667 0 0 0.166667 0 0 0 0 0.166667 0 0 0 0 0 0 0 0 0 0 0 0 0 0 0 0 0 0.166667 0 0 0 0 0 
GCAGAACA 0.5 0.25 0.25 0 0.142857 0.142857 0.142857 0 0.285714 0 0 0 0.142857 0.142857 0 0 0 0 0 0 0 0.166667 0 0 0.166667 0 0 0 0.166667 0 0 0 0 0 0 0 0 0 0.166667 0 0 0 0 0 0 0 0 0 0 0 0 0 0.166667 0 0 0 0.166667 0 0 0 0 0 0 0 0 0 0 0 0 0 0 0 0 0 0 0 0 0 0 0 0 0 0 0 
GCATAGAA 0.5 0.125 0.25 0.125 0.142857 0 0.142857 0.142857 0.142857 0 0 0 0.142857 0.142857 0 0 0.142857 0 0 0 0 0 0 0 0 0 0 0 0.166667 0 0 0 0.166667 0 0 0 0 0 0 0.166667 0 0 0 0 0 0 0 0 0 0 0 0 0.166667 0 0 0 0.166667 0 0 0 0 0 0 0 0 0 0 0 0 0 0.166667 0 0 0 0 0 0 0 0 0 0 0 0 0 
GCGAAGAA 0.5 0.125 0.375 0 0.285714 0 0.142857 0 0 0 0.142857 0 0.285714 0.142857 0 0 0 0 0 0 0 0 0.166667 0 0 0 0 0 0.166667 0 0 0 0 0 0 0 0 0 0 0 0 0 0 0 0.166667 0 0 0 0 0 0 0 0.333333 0 0 0 0 0 0.166667 0 0 0 0 0 0 0 0 0 0 0 0 0 0 0 0 0 0 0 0 0 0 0 0 0 
GGAAAGAA 0.625 0 0.375 0 0.428571 0 0.142857 0 0 0 0 0 0.285714 0 0.142857 0 0 0 0 0 0.166667 0 0.166667 0 0 0 0 0 0.166667 0 0 0 0 0 0 0 0 0 0 0 0 0 0 0 0 0 0 0 0 0 0 0 0.333333 0 0 0 0 0 0 0 0.166667 0 0 0 0 0 0 0 0 0 0 0 0 0 0 0 0 0 0 0 0 0 0 0 
GGAACACA 0.5 0.25 0.25 0 0.142857 0.285714 0 0 0.285714 0 0 0 0.142857 0 0.142857 0 0 0 0 0 0 0.166667 0 0 0.333333 0 0 0 0 0 0 0 0 0 0 0 0 0.166667 0 0 0 0 0 0 0 0 0 0 0 0 0 0 0.166667 0 0 0 0 0 0 0 0.166667 0 0 0 0 0 0 0 0 0 0 0 0 0 0 0 0 0 0 0 0 0 0 0 
GGAACACC 0.375 0.375 0.25 0 0.142857 0.285714 0 0 0.142857 0.142857 0 0 0.142857 0 0.142857 0 0 0 0 0 0 0.166667 0 0 0.166667 0.166667 0 0 0 0 0 0 0 0 0 0 0 0.166667 0 0 0 0 0 0 0 0 0 0 0 0 0 0 0.166667 0 0 0 0 0 0 0 0.166667 0 0 0 0 0 0 0 0 0 0 0 0 0 0 0 0 0 0 0 0 0 0 0 
GGAAGGAA 0.5 0 0.5 0 0.285714 0 0.142857 0 0 0 0 0 0.285714 0 0.285714 0 0 0 0 0 0 0 0.166667 0 0 0 0 0 0 0 0.166667 0 0 0 0 0 0 0 0 0 0 0 0 0 0 0 0 0 0 0 0 0 0.333333 0 0 0 0 0 0 0 0.333333 0 0 0 0 0 0 0 0 0 0 0 0 0 0 0 0 0 0 0 0 0 0 0 
GGAGAACA 0.5 0.125 0.375 0 0.142857 0.142857 0.142857 0 0.142857 0 0 0 0.285714 0 0.142857 0 0 0 0 0 0 0.166667 0 0 0.166667 0 0 0 0.166667 0 0 0 0 0 0 0 0 0 0 0 0 0 0 0 0 0 0 0 0 0 0 0 0.166667 0 0.166667 0 0 0 0 0 0.166667 0 0 0 0 0 0 0 0 0 0 0 0 0 0 0 0 0 0 0 0 0 0 0 
GGATAGAA 0.5 0 0.375 0.125 0.142857 0 0.142857 0.142857 0 0 0 0 0.285714 0 0.142857 0 0.142857 0 0 0 0 0 0 0 0 0 0 0 0.166667 0 0 0 0.166667 0 0 0 0 0 0 0 0 0 0 0 0 0 0 0 0 0 0 0 0.166667 0 0 0.166667 0 0 0 0 0.166667 0 0 0 0 0 0 0 0 0 0.166667 0 0 0 0 0 0 0 0 0 0 0 0 0 
GGGAACAC 0.375 0.25 0.375 0 0.142857 0.285714 0 0 0.142857 0 0 0 0.142857 0 0.285714 0 0 0 0 0 0 0.166667 0 0 0.166667 0 0 0 0 0 0 0 0 0 0 0 0 0.166667 0 0 0 0 0 0 0 0 0 0 0 0 0 0 0.166667 0 0 0 0 0 0 0 0.166667 0 0.166667 0 0 0 0 0 0 0 0 0 0 0 0 0 0 0 0 0 0 0 0 0 
GTAAAGAA 0.625 0 0.25 0.125 0.428571 0 0.142857 0 0 0 0 0 0.142857 0 0 0.142857 0.142857 0 0 0 0.166667 0 0.166667 0 0 0 0 0 0.166667 0 0 0 0 0 0 0 0 0 0 0 0 0 0 0 0 0 0 0 0 0 0 0 0.166667 0 0 0 0 0 0 0 0 0 0 0 0.166667 0 0 0 0.166667 0 0 0 0 0 0 0 0 0 0 0 0 0 0 0 
GTAGAACA 0.5 0.125 0.25 0.125 0.142857 0.142857 0.142857 0 0.142857 0 0 0 0.142857 0 0 0.142857 0.142857 0 0 0 0 0.166667 0 0 0.166667 0 0 0 0.166667 0 0 0 0 0 0 0 0 0 0 0 0 0 0 0 0 0 0 0 0 0 0 0 0.166667 0 0 0 0 0 0 0 0 0 0 0 0.166667 0 0 0 0 0 0.166667 0 0 0 0 0 0 0 0 0 0 0 0 0 
GTAGAATA 0.5 0 0.25 0.25 0.142857 0 0.142857 0.142857 0 0 0 0 0.142857 0 0 0.142857 0.285714 0 0 0 0 0 0 0.166667 0 0 0 0 0.166667 0 0 0 0.166667 0 0 0 0 0 0 0 0 0 0 0 0 0 0 0 0 0 0 0 0.166667 0 0 0 0 0 0 0 0 0 0 0 0.166667 0 0 0 0 0 0.166667 0 0 0 0 0 0 0 0 0 0 0 0 0 
GTATAGAA 0.5 0 0.25 0.25 0.142857 0 0.142857 0.142857 0 0 0 0 0.142857 0 0 0.142857 0.285714 0 0 0 0 0 0 0 0 0 0 0 0.166667 0 0 0 0.166667 0 0 0 0 0 0 0 0 0 0 0 0 0 0 0 0 0 0 0 0.166667 0 0 0 0 0 0 0 0 0 0 0 0.166667 0 0 0 0 0 0.166667 0.166667 0 0 0 0 0 0 0 0 0 0 0 0 
GTATTCTA 0.25 0.125 0.125 0.5 0 0 0 0.142857 0 0 0 0.142857 0 0 0 0.142857 0.285714 0.142857 0 0.142857 0 0 0 0 0 0 0 0 0 0 0 0 0 0 0 0.166667 0 0 0 0 0 0 0 0 0 0 0 0 0.166667 0 0 0 0 0 0 0 0 0 0 0 0 0 0 0 0.166667 0 0 0 0 0 0 0.166667 0 0 0 0.166667 0 0 0 0 0 0.166667 0 0 
GTGTTCCA 0.125 0.25 0.25 0.375 0 0 0 0 0.142857 0.142857 0 0 0 0 0 0.285714 0 0.142857 0.142857 0.142857 0 0 0 0 0 0 0 0 0 0 0 0 0 0 0 0 0 0 0 0 0.166667 0 0 0 0 0 0 0 0 0 0 0 0 0 0 0 0 0 0 0 0 0 0 0 0 0 0.166667 0.166667 0 0 0 0 0 0.166667 0 0 0 0 0 0.166667 0 0.166667 0 0 
GTGTTCGA 0.125 0.125 0.375 0.375 0 0 0 0 0 0 0.142857 0 0.142857 0 0 0.285714 0 0.142857 0.142857 0.142857 0 0 0 0 0 0 0 0 0 0 0 0 0 0 0 0 0 0 0 0 0 0 0 0 0.166667 0 0 0 0 0 0 0 0 0 0 0 0 0 0 0 0 0 0 0 0 0 0.166667 0.166667 0 0 0 0 0 0 0.166667 0 0 0 0 0.166667 0 0.166667 0 0 
GTGTTCTA 0.125 0.125 0.25 0.5 0 0 0 0 0 0 0 0.142857 0 0 0 0.285714 0.142857 0.142857 0.142857 0.142857 0 0 0 0 0 0 0 0 0 0 0 0 0 0 0 0 0 0 0 0 0 0 0 0 0 0 0 0 0.166667 0 0 0 0 0 0 0 0 0 0 0 0 0 0 0 0 0 0.166667 0.166667 0 0 0 0 0 0 0 0.166667 0 0 0 0.166667 0 0.166667 0 0 
GTTCCATA 0.25 0.25 0.125 0.375 0 0 0 0.142857 0.142857 0.142857 0 0 0 0 0 0.142857 0.142857 0.142857 0 0.142857 0 0 0 0 0 0 0 0 0 0 0 0 0.166667 0 0 0 0 0 0 0.166667 0.166667 0 0 0 0 0 0 0 0 0 0 0 0 0 0 0 0 0 0 0 0 0 0 0 0 0 0 0.166667 0 0 0 0 0 0.166667 0 0 0 0 0 0 0 0.166667 0 0 
GTTCCCTA 0.125 0.375 0.125 0.375 0 0 0 0 0 0.285714 0 0.142857 0 0 0 0.142857 0.142857 0.142857 0 0.142857 0 0 0 0 0 0 0 0 0 0 0 0 0 0 0 0 0 0 0 0 0 0.166667 0 0.166667 0 0 0 0 0.166667 0 0 0 0 0 0 0 0 0 0 0 0 0 0 0 0 0 0 0.166667 0 0 0 0 0 0.166667 0 0 0 0 0 0 0 0.166667 0 0 
GTTCCTTA 0.125 0.25 0.125 0.5 0 0 0 0 0 0.142857 0 0.142857 0 0 0 0.142857 0.142857 0.142857 0 0.285714 0 0 0 0 0 0 0 0 0 0 0 0 0 0 0 0 0 0 0 0 0 0 0 0.166667 0 0 0 0 0 0 0 0.166667 0 0 0 0 0 0 0 0 0 0 0 0 0 0 0 0.166667 0 0 0 0 0 0.166667 0 0 0 0 0 0 0.166667 0.166667 0 0 
GTTCGATA 0.25 0.125 0.25 0.375 0 0 0 0.142857 0 0 0.142857 0 0.142857 0 0 0.142857 0.142857 0.142857 0 0.142857 0 0 0 0 0 0 0 0 0 0 0 0 0.166667 0 0 0 0 0 0 0 0 0 0 0 0.166667 0 0 0 0 0 0 0 0 0 0 0.166667 0 0 0 0 0 0 0 0 0 0 0 0.166667 0 0 0 0 0 0 0.166667 0 0 0 0 0 0 0.166667 0 0 
GTTCGGTA 0.125 0.125 0.375 0.375 0 0 0 0 0 0 0.142857 0 0 0 0.142857 0.285714 0.142857 0.142857 0 0.142857 0 0 0 0 0 0 0 0 0 0 0 0 0 0 0 0 0 0 0 0 0 0 0 0 0 0 0.166667 0 0 0 0 0 0 0 0 0 0 0 0 0 0 0 0 0.166667 0.166667 0 0 0.166667 0 0 0 0 0 0 0.166667 0 0 0 0 0 0 0.166667 0 0 
GTTCTAAA 0.375 0.125 0.125 0.375 0.285714 0 0 0 0 0 0 0.142857 0 0 0 0.142857 0.142857 0.142857 0 0.142857 0.166667 0 0 0 0 0 0 0 0 0 0 0 0 0 0 0 0 0 0 0 0 0 0 0 0 0 0 0 0.166667 0 0 0 0 0 0 0 0 0 0 0 0 0 0 0 0 0 0 0.166667 0.166667 0 0 0 0 0 0 0.166667 0 0 0 0 0 0.166667 0 0 
GTTCTACA 0.25 0.25 0.125 0.375 0 0.142857 0 0 0.142857 0 0 0.142857 0 0 0 0.142857 0.142857 0.142857 0 0.142857 0 0 0 0 0.166667 0 0 0 0 0 0 0 0 0 0 0 0 0 0 0 0 0 0 0 0 0 0 0 0.166667 0 0 0 0 0 0 0 0 0 0 0 0 0 0 0 0 0 0 0.166667 0 0.166667 0 0 0 0 0 0.166667 0 0 0 0 0 0.166667 0 0 
GTTCTATA 0.25 0.125 0.125 0.5 0 0 0 0.142857 0 0 0 0.142857 0 0 0 0.142857 0.285714 0.142857 0 0.142857 0 0 0 0 0 0 0 0 0 0 0 0 0.166667 0 0 0 0 0 0 0 0 0 0 0 0 0 0 0 0.166667 0 0 0 0 0 0 0 0 0 0 0 0 0 0 0 0 0 0 0.166667 0 0 0 0.166667 0 0 0 0.166667 0 0 0 0 0 0.166667 0 0 
GTTCTCTA 0.125 0.25 0.125 0.5 0 0 0 0 0 0 0 0.285714 0 0 0 0.142857 0.142857 0.285714 0 0.142857 0 0 0 0 0 0 0 0 0 0 0 0 0 0 0 0 0 0 0 0 0 0 0 0 0 0 0 0 0.166667 0.166667 0 0 0 0 0 0 0 0 0 0 0 0 0 0 0 0 0 0.166667 0 0 0 0 0 0 0 0.333333 0 0 0 0 0 0.166667 0 0 
GTTCTGTA 0.125 0.125 0.25 0.5 0 0 0 0 0 0 0 0.142857 0 0 0 0.285714 0.142857 0.142857 0.142857 0.142857 0 0 0 0 0 0 0 0 0 0 0 0 0 0 0 0 0 0 0 0 0 0 0 0 0 0 0 0 0 0 0.166667 0 0 0 0 0 0 0 0 0 0 0 0 0 0.166667 0 0 0.166667 0 0 0 0 0 0 0 0.166667 0 0 0 0.166667 0 0.166667 0 0 
GTTCTTCA 0.125 0.25 0.125 0.5 0 0 0 0 0.142857 0 0 0.142857 0 0 0 0.142857 0 0.285714 0 0.285714 0 0 0 0 0 0 0 0 0 0 0 0 0 0 0 0 0 0 0 0 0 0 0 0 0 0 0 0 0 0 0 0.166667 0 0 0 0 0 0 0 0 0 0 0 0 0 0 0 0.166667 0 0 0 0 0.166667 0 0 0.166667 0 0 0 0 0 0.333333 0 0 
GTTCTTTA 0.125 0.125 0.125 0.625 0 0 0 0 0 0 0 0.142857 0 0 0 0.142857 0.142857 0.142857 0 0.428571 0 0 0 0 0 0 0 0 0 0 0 0 0 0 0 0 0 0 0 0 0 0 0 0 0 0 0 0 0 0 0 0.166667 0 0 0 0 0 0 0 0 0 0 0 0 0 0 0 0.166667 0 0 0 0 0 0 0 0.166667 0 0 0 0 0.166667 0.166667 0 0.166667 
TAAAAGAA 0.75 0 0.125 0.125 0.571429 0 0.142857 0 0 0 0 0 0.142857 0 0 0 0.142857 0 0 0 0.333333 0 0.166667 0 0 0 0 0 0.166667 0 0 0 0 0 0 0 0 0 0 0 0 0 0 0 0 0 0 0 0 0 0 0 0.166667 0 0 0 0 0 0 0 0 0 0 0 0 0 0 0 0.166667 0 0 0 0 0 0 0 0 0 0 0 0 0 0 0 
TAATAGAA 0.625 0 0.125 0.25 0.285714 0 0.142857 0.142857 0 0 0 0 0.142857 0 0 0 0.285714 0 0 0 0 0 0 0.166667 0 0 0 0 0.166667 0 0 0 0.166667 0 0 0 0 0 0 0 0 0 0 0 0 0 0 0 0 0 0 0 0.166667 0 0 0 0 0 0 0 0 0 0 0 0 0 0 0 0.166667 0 0.166667 0 0 0 0 0 0 0 0 0 0 0 0 0 
TAGAACAA 0.625 0.125 0.125 0.125 0.285714 0.142857 0.142857 0 0.142857 0 0 0 0.142857 0 0 0 0.142857 0 0 0 0 0.166667 0 0 0.166667 0 0 0 0.166667 0 0 0 0 0 0 0 0.166667 0 0 0 0 0 0 0 0 0 0 0 0 0 0 0 0.166667 0 0 0 0 0 0 0 0 0 0 0 0 0 0 0 0 0 0.166667 0 0 0 0 0 0 0 0 0 0 0 0 0 
TAGAAGAA 0.625 0 0.25 0.125 0.285714 0 0.285714 0 0 0 0 0 0.285714 0 0 0 0.142857 0 0 0 0 0 0.166667 0 0 0 0 0 0.333333 0 0 0 0 0 0 0 0 0 0 0 0 0 0 0 0 0 0 0 0 0 0 0 0.333333 0 0 0 0 0 0 0 0 0 0 0 0 0 0 0 0 0 0.166667 0 0 0 0 0 0 0 0 0 0 0 0 0 
TATAGAAA 0.625 0 0.125 0.25 0.285714 0 0.142857 0.142857 0 0 0 0 0.142857 0 0 0 0.285714 0 0 0 0.166667 0 0 0 0 0 0 0 0.166667 0 0 0 0.166667 0 0 0 0 0 0 0 0 0 0 0 0 0 0 0 0 0 0 0 0.166667 0 0 0 0 0 0 0 0 0 0 0 0 0 0 0 0 0 0.166667 0.166667 0 0 0 0 0 0 0 0 0 0 0 0 
TCACCGAA 0.375 0.375 0.125 0.125 0.142857 0.142857 0 0 0.142857 0.142857 0.142857 0 0.142857 0 0 0 0 0.142857 0 0 0 0 0 0 0 0.166667 0 0 0 0 0 0 0 0 0 0 0 0.166667 0 0 0 0 0.166667 0 0.166667 0 0 0 0 0 0 0 0.166667 0 0 0 0 0 0 0 0 0 0 0 0 0 0 0 0 0 0 0 0.166667 0 0 0 0 0 0 0 0 0 0 0 
TCAGGGAA 0.375 0.125 0.375 0.125 0.142857 0 0.142857 0 0.142857 0 0 0 0.142857 0 0.285714 0 0 0.142857 0 0 0 0 0 0 0 0 0 0 0 0 0.166667 0 0 0 0 0 0 0 0.166667 0 0 0 0 0 0 0 0 0 0 0 0 0 0.166667 0 0 0 0 0 0 0 0.166667 0 0.166667 0 0 0 0 0 0 0 0 0 0.166667 0 0 0 0 0 0 0 0 0 0 0 
TCATAGAA 0.5 0.125 0.125 0.25 0.142857 0 0.142857 0.142857 0.142857 0 0 0 0.142857 0 0 0 0.142857 0.142857 0 0 0 0 0 0 0 0 0 0 0.166667 0 0 0 0.166667 0 0 0 0 0 0 0.166667 0 0 0 0 0 0 0 0 0 0 0 0 0.166667 0 0 0 0 0 0 0 0 0 0 0 0 0 0 0 0 0 0.166667 0 0.166667 0 0 0 0 0 0 0 0 0 0 0 
TCATCGAA 0.375 0.25 0.125 0.25 0.142857 0 0 0.142857 0.142857 0 0.142857 0 0.142857 0 0 0 0 0.285714 0 0 0 0 0 0 0 0 0 0 0 0 0 0 0 0.166667 0 0 0 0 0 0.166667 0 0 0 0 0.166667 0 0 0 0 0 0 0 0.166667 0 0 0 0 0 0 0 0 0 0 0 0 0 0 0 0 0 0 0 0.166667 0 0.166667 0 0 0 0 0 0 0 0 0 
TCATGGAA 0.375 0.125 0.25 0.25 0.142857 0 0 0.142857 0.142857 0 0 0 0.142857 0 0.142857 0 0 0.142857 0.142857 0 0 0 0 0 0 0 0 0 0 0 0 0 0 0 0.166667 0 0 0 0 0.166667 0 0 0 0 0 0 0 0 0 0 0 0 0.166667 0 0 0 0 0 0 0 0.166667 0 0 0 0 0 0 0 0 0 0 0 0.166667 0 0 0 0 0 0.166667 0 0 0 0 0 
TCGTAGAA 0.375 0.125 0.25 0.25 0.142857 0 0.142857 0 0 0 0.142857 0 0.142857 0 0 0.142857 0.142857 0.142857 0 0 0 0 0 0 0 0 0 0 0.166667 0 0 0 0 0 0 0 0 0 0 0 0 0 0 0 0 0 0 0.166667 0 0 0 0 0.166667 0 0 0 0 0 0 0 0 0 0 0 0.166667 0 0 0 0 0 0.166667 0 0 0 0.166667 0 0 0 0 0 0 0 0 0 
TGAAGGAA 0.5 0 0.375 0.125 0.285714 0 0.142857 0 0 0 0 0 0.285714 0 0.142857 0 0 0 0.142857 0 0 0 0.166667 0 0 0 0 0 0 0 0.166667 0 0 0 0 0 0 0 0 0 0 0 0 0 0 0 0 0 0 0 0 0 0.333333 0 0 0 0 0 0 0 0.166667 0 0 0 0 0 0 0 0 0 0 0 0 0 0 0 0.166667 0 0 0 0 0 0 0 
TGATAGAA 0.5 0 0.25 0.25 0.142857 0 0.142857 0.142857 0 0 0 0 0.285714 0 0 0 0.142857 0 0.142857 0 0 0 0 0 0 0 0 0 0.166667 0 0 0 0.166667 0 0 0 0 0 0 0 0 0 0 0 0 0 0 0 0 0 0 0 0.166667 0 0 0.166667 0 0 0 0 0 0 0 0 0 0 0 0 0 0 0.166667 0 0 0 0 0 0.166667 0 0 0 0 0 0 0 
TTACAGAA 0.5 0.125 0.125 0.25 0.142857 0.142857 0.142857 0 0.142857 0 0 0 0.142857 0 0 0 0.142857 0 0 0.142857 0 0 0 0 0.166667 0 0 0 0.166667 0 0 0 0 0 0 0 0 0 0.166667 0 0 0 0 0 0 0 0 0 0 0 0 0 0.166667 0 0 0 0 0 0 0 0 0 0 0 0 0 0 0 0 0.166667 0 0 0 0 0 0 0 0 0 0 0.166667 0 0 0 
TTATAGAA 0.5 0 0.125 0.375 0.142857 0 0.142857 0.142857 0 0 0 0 0.142857 0 0 0 0.285714 0 0 0.142857 0 0 0 0 0 0 0 0 0.166667 0 0 0 0.166667 0 0 0 0 0 0 0 0 0 0 0 0 0 0 0 0 0 0 0 0.166667 0 0 0 0 0 0 0 0 0 0 0 0 0 0 0 0 0 0.166667 0.166667 0 0 0 0 0 0 0 0 0.166667 0 0 0 
TTATCGAA 0.375 0.125 0.125 0.375 0.142857 0 0 0.142857 0 0 0.142857 0 0.142857 0 0 0 0.142857 0.142857 0 0.142857 0 0 0 0 0 0 0 0 0 0 0 0 0 0.166667 0 0 0 0 0 0 0 0 0 0 0.166667 0 0 0 0 0 0 0 0.166667 0 0 0 0 0 0 0 0 0 0 0 0 0 0 0 0 0 0 0.166667 0 0 0.166667 0 0 0 0 0 0.166667 0 0 0 
TTATGGAA 0.375 0 0.25 0.375 0.142857 0 0 0.142857 0 0 0 0 0.142857 0 0.142857 0 0.142857 0 0.142857 0.142857 0 0 0 0 0 0 0 0 0 0 0 0 0 0 0.166667 0 0 0 0 0 0 0 0 0 0 0 0 0 0 0 0 0 0.166667 0 0 0 0 0 0 0 0.166667 0 0 0 0 0 0 0 0 0 0 0.166667 0 0 0 0 0 0 0.166667 0 0.166667 0 0 0 
TTCTACAA 0.375 0.25 0 0.375 0.142857 0.142857 0 0 0.142857 0 0 0.142857 0 0 0 0 0.142857 0.142857 0 0.142857 0 0 0 0 0.166667 0 0 0 0 0 0 0 0 0 0 0 0.166667 0 0 0 0 0 0 0 0 0 0 0 0.166667 0 0 0 0 0 0 0 0 0 0 0 0 0 0 0 0 0 0 0 0 0.166667 0 0 0 0 0 0.166667 0 0 0 0 0 0.166667 0 0 
AAAACTTC 0.5 0.25 0 0.25 0.428571 0.142857 0 0 0 0 0 0.142857 0 0 0 0 0 0.142857 0 0.142857 0.333333 0.166667 0 0 0 0 0 0.166667 0 0 0 0 0 0 0 0 0 0 0 0 0 0 0 0 0 0 0 0 0 0 0 0.166667 0 0 0 0 0 0 0 0 0 0 0 0 0 0 0 0 0 0 0 0 0 0 0 0 0 0 0 0 0 0.166667 0 0 
AAAAGAAG 0.75 0 0.25 0 0.571429 0 0.285714 0 0 0 0 0 0.142857 0 0 0 0 0 0 0 0.333333 0 0.333333 0 0 0 0 0 0.166667 0 0 0 0 0 0 0 0 0 0 0 0 0 0 0 0 0 0 0 0 0 0 0 0.166667 0 0 0 0 0 0 0 0 0 0 0 0 0 0 0 0 0 0 0 0 0 0 0 0 0 0 0 0 0 0 0 
AAACTTCT 0.375 0.25 0 0.375 0.285714 0.142857 0 0 0 0 0 0.285714 0 0 0 0 0 0.142857 0 0.142857 0.166667 0.166667 0 0 0 0 0 0.166667 0 0 0 0 0 0 0 0 0 0 0 0 0 0 0 0 0 0 0 0 0 0 0 0.166667 0 0 0 0 0 0 0 0 0 0 0 0 0 0 0 0 0 0 0 0 0 0 0 0.166667 0 0 0 0 0 0.166667 0 0 
AAAGAAGA 0.75 0 0.25 0 0.428571 0 0.285714 0 0 0 0 0 0.285714 0 0 0 0 0 0 0 0.166667 0 0.333333 0 0 0 0 0 0.333333 0 0 0 0 0 0 0 0 0 0 0 0 0 0 0 0 0 0 0 0 0 0 0 0.166667 0 0 0 0 0 0 0 0 0 0 0 0 0 0 0 0 0 0 0 0 0 0 0 0 0 0 0 0 0 0 0 
AAAGAAGC 0.625 0.125 0.25 0 0.428571 0 0.285714 0 0 0 0 0 0.142857 0.142857 0 0 0 0 0 0 0.166667 0 0.333333 0 0 0 0 0 0.166667 0.166667 0 0 0 0 0 0 0 0 0 0 0 0 0 0 0 0 0 0 0 0 0 0 0.166667 0 0 0 0 0 0 0 0 0 0 0 0 0 0 0 0 0 0 0 0 0 0 0 0 0 0 0 0 0 0 0 
AAAGGAAG 0.625 0 0.375 0 0.428571 0 0.285714 0 0 0 0 0 0.142857 0 0.142857 0 0 0 0 0 0.166667 0 0.333333 0 0 0 0 0 0 0 0.166667 0 0 0 0 0 0 0 0 0 0 0 0 0 0 0 0 0 0 0 0 0 0.166667 0 0 0 0 0 0 0 0.166667 0 0 0 0 0 0 0 0 0 0 0 0 0 0 0 0 0 0 0 0 0 0 0 
AAATCTTC 0.375 0.25 0 0.375 0.285714 0 0 0.142857 0 0 0 0.142857 0 0 0 0 0 0.285714 0 0.142857 0.166667 0 0 0.166667 0 0 0 0 0 0 0 0 0 0.166667 0 0 0 0 0 0 0 0 0 0 0 0 0 0 0 0 0 0.166667 0 0 0 0 0 0 0 0 0 0 0 0 0 0 0 0 0 0 0 0 0 0 0 0.166667 0 0 0 0 0 0.166667 0 0 
AAGAAGAA 0.75 0 0.25 0 0.428571 0 0.285714 0 0 0 0 0 0.285714 0 0 0 0 0 0 0 0 0 0.333333 0 0 0 0 0 0.333333 0 0 0 0 0 0 0 0 0 0 0 0 0 0 0 0 0 0 0 0 0 0 0 0.333333 0 0 0 0 0 0 0 0 0 0 0 0 0 0 0 0 0 0 0 0 0 0 0 0 0 0 0 0 0 0 0 
AAGAAGAT 0.625 0 0.25 0.125 0.285714 0 0.285714 0.142857 0 0 0 0 0.285714 0 0 0 0 0 0 0 0 0 0.333333 0 0 0 0 0 0.333333 0 0 0 0 0 0 0 0 0 0 0 0 0 0 0 0 0 0 0 0 0 0 0 0.166667 0 0 0.166667 0 0 0 0 0 0 0 0 0 0 0 0 0 0 0 0 0 0 0 0 0 0 0 0 0 0 0 0 
AAGAAGGA 0.625 0 0.375 0 0.285714 0 0.285714 0 0 0 0 0 0.285714 0 0.142857 0 0 0 0 0 0 0 0.333333 0 0 0 0 0 0.166667 0 0.166667 0 0 0 0 0 0 0 0 0 0 0 0 0 0 0 0 0 0 0 0 0 0.166667 0 0 0 0 0 0 0 0.166667 0 0 0 0 0 0 0 0 0 0 0 0 0 0 0 0 0 0 0 0 0 0 0 
AAGCTTCT 0.25 0.25 0.125 0.375 0.142857 0 0.142857 0 0 0 0 0.285714 0 0.142857 0 0 0 0.142857 0 0.142857 0 0 0.166667 0 0 0 0 0 0 0.166667 0 0 0 0 0 0 0 0 0 0 0 0 0 0 0 0 0 0 0 0 0 0.166667 0 0 0 0 0 0 0 0.166667 0 0 0 0 0 0 0 0 0 0 0 0 0 0 0 0.166667 0 0 0 0 0 0.166667 0 0 
AAGGAAGA 0.625 0 0.375 0 0.285714 0 0.285714 0 0 0 0 0 0.285714 0 0.142857 0 0 0 0 0 0 0 0.333333 0 0 0 0 0 0.166667 0 0.166667 0 0 0 0 0 0 0 0 0 0 0 0 0 0 0 0 0 0 0 0 0 0.166667 0 0 0 0 0 0 0 0.166667 0 0 0 0 0 0 0 0 0 0 0 0 0 0 0 0 0 0 0 0 0 0 0 
AATAGAAG 0.625 0 0.25 0.125 0.285714 0 0.285714 0.142857 0 0 0 0 0.142857 0 0 0 0.142857 0 0 0 0 0 0.166667 0.166667 0 0 0 0 0.166667 0 0 0 0.166667 0 0 0 0 0 0 0 0 0 0 0 0 0 0 0 0 0 0 0 0.166667 0 0 0 0 0 0 0 0 0 0 0 0 0 0 0 0 0 0.166667 0 0 0 0 0 0 0 0 0 0 0 0 0 
AATATTCC 0.375 0.25 0 0.375 0.142857 0 0 0.285714 0 0.142857 0 0 0 0 0 0 0.142857 0.142857 0 0.142857 0 0 0 0.166667 0 0 0 0 0 0 0 0 0.166667 0 0 0.166667 0 0 0 0 0 0 0 0 0 0 0 0 0 0 0 0 0 0 0 0 0 0 0 0 0 0 0 0 0 0 0 0 0 0 0 0.166667 0 0.166667 0 0 0 0 0 0 0 0.166667 0 0 
AATCGAAG 0.5 0.125 0.25 0.125 0.285714 0 0.142857 0.142857 0 0 0.142857 0 0.142857 0 0 0 0 0.142857 0 0 0 0 0.166667 0.166667 0 0 0 0 0 0 0 0 0 0.166667 0 0 0 0 0 0 0 0 0 0 0.166667 0 0 0 0 0 0 0 0.166667 0 0 0 0 0 0 0 0 0 0 0 0 0 0 0 0 0 0 0 0 0 0.166667 0 0 0 0 0 0 0 0 0 
AATCTTCG 0.25 0.25 0.125 0.375 0.142857 0 0 0.142857 0 0 0.142857 0.142857 0 0 0 0 0 0.285714 0 0.142857 0 0 0 0.166667 0 0 0 0 0 0 0 0 0 0.166667 0 0 0 0 0 0 0 0 0 0 0 0 0 0 0 0 0 0.166667 0 0 0 0 0 0 0 0 0 0 0 0 0 0 0 0 0 0 0 0 0 0 0.166667 0.166667 0 0 0 0 0 0.166667 0 0 
AATTCTTC 0.25 0.25 0 0.5 0.142857 0 0 0.142857 0 0 0 0.142857 0 0 0 0 0 0.285714 0 0.285714 0 0 0 0.166667 0 0 0 0 0 0 0 0 0 0 0 0.166667 0 0 0 0 0 0 0 0 0 0 0 0 0 0 0 0.166667 0 0 0 0 0 0 0 0 0 0 0 0 0 0 0 0 0 0 0 0 0 0 0 0.166667 0 0 0 0 0 0.333333 0 0 
ACCGAAGA 0.5 0.25 0.25 0 0.142857 0.142857 0.142857 0 0 0.142857 0.142857 0 0.285714 0 0 0 0 0 0 0 0 0 0.166667 0 0 0.166667 0 0 0.166667 0 0 0 0 0 0 0 0 0 0 0 0 0 0.166667 0 0.166667 0 0 0 0 0 0 0 0.166667 0 0 0 0 0 0 0 0 0 0 0 0 0 0 0 0 0 0 0 0 0 0 0 0 0 0 0 0 0 0 0 
ACTTCCAT 0.25 0.375 0 0.375 0 0.142857 0 0.142857 0.142857 0.142857 0 0.142857 0 0 0 0 0 0.142857 0 0.142857 0 0 0 0 0 0 0 0.166667 0 0 0 0 0 0 0 0 0 0 0 0.166667 0.166667 0 0 0 0 0 0 0 0 0 0 0.166667 0 0 0 0 0 0 0 0 0 0 0 0 0 0 0 0 0 0 0 0 0 0.166667 0 0 0 0 0 0 0 0.166667 0 0 
AGAAGAAA 0.75 0 0.25 0 0.428571 0 0.285714 0 0 0 0 0 0.285714 0 0 0 0 0 0 0 0.166667 0 0.166667 0 0 0 0 0 0.333333 0 0 0 0 0 0 0 0 0 0 0 0 0 0 0 0 0 0 0 0 0 0 0 0.333333 0 0 0 0 0 0 0 0 0 0 0 0 0 0 0 0 0 0 0 0 0 0 0 0 0 0 0 0 0 0 0 
AGAAGAAG 0.625 0 0.375 0 0.285714 0 0.428571 0 0 0 0 0 0.285714 0 0 0 0 0 0 0 0 0 0.333333 0 0 0 0 0 0.333333 0 0 0 0 0 0 0 0 0 0 0 0 0 0 0 0 0 0 0 0 0 0 0 0.333333 0 0 0 0 0 0 0 0 0 0 0 0 0 0 0 0 0 0 0 0 0 0 0 0 0 0 0 0 0 0 0 
AGAAGAAT 0.625 0 0.25 0.125 0.285714 0 0.285714 0.142857 0 0 0 0 0.285714 0 0 0 0 0 0 0 0 0 0.166667 0.166667 0 0 0 0 0.333333 0 0 0 0 0 0 0 0 0 0 0 0 0 0 0 0 0 0 0 0 0 0 0 0.333333 0 0 0 0 0 0 0 0 0 0 0 0 0 0 0 0 0 0 0 0 0 0 0 0 0 0 0 0 0 0 0 
AGAAGGAA 0.625 0 0.375 0 0.285714 0 0.285714 0 0 0 0 0 0.285714 0 0.142857 0 0 0 0 0 0 0 0.166667 0 0 0 0 0 0.166667 0 0.166667 0 0 0 0 0 0 0 0 0 0 0 0 0 0 0 0 0 0 0 0 0 0.333333 0 0 0 0 0 0 0 0.166667 0 0 0 0 0 0 0 0 0 0 0 0 0 0 0 0 0 0 0 0 0 0 0 
AGAGAAGA 0.625 0 0.375 0 0.142857 0 0.428571 0 0 0 0 0 0.428571 0 0 0 0 0 0 0 0 0 0.166667 0 0 0 0 0 0.5 0 0 0 0 0 0 0 0 0 0 0 0 0 0 0 0 0 0 0 0 0 0 0 0.166667 0 0.166667 0 0 0 0 0 0 0 0 0 0 0 0 0 0 0 0 0 0 0 0 0 0 0 0 0 0 0 0 0 
AGCTTCTA 0.25 0.25 0.125 0.375 0 0 0.142857 0 0 0 0 0.285714 0 0.142857 0 0 0.142857 0.142857 0 0.142857 0 0 0 0 0 0 0 0 0 0.166667 0 0 0 0 0 0 0 0 0 0 0 0 0 0 0 0 0 0 0.166667 0 0 0.166667 0 0 0 0 0 0 0 0.166667 0 0 0 0 0 0 0 0 0 0 0 0 0 0 0 0.166667 0 0 0 0 0 0.166667 0 0 
ATAGAAGA 0.625 0 0.25 0.125 0.142857 0 0.285714 0.142857 0 0 0 0 0.285714 0 0 0 0.142857 0 0 0 0 0 0.166667 0 0 0 0 0 0.333333 0 0 0 0.166667 0 0 0 0 0 0 0 0 0 0 0 0 0 0 0 0 0 0 0 0.166667 0 0 0 0 0 0 0 0 0 0 0 0 0 0 0 0 0 0.166667 0 0 0 0 0 0 0 0 0 0 0 0 0 
ATAGAAGC 0.5 0.125 0.25 0.125 0.142857 0 0.285714 0.142857 0 0 0 0 0.142857 0.142857 0 0 0.142857 0 0 0 0 0 0.166667 0 0 0 0 0 0.166667 0.166667 0 0 0.166667 0 0 0 0 0 0 0 0 0 0 0 0 0 0 0 0 0 0 0 0.166667 0 0 0 0 0 0 0 0 0 0 0 0 0 0 0 0 0 0.166667 0 0 0 0 0 0 0 0 0 0 0 0 0 
ATAGAAGG 0.5 0 0.375 0.125 0.142857 0 0.285714 0.142857 0 0 0 0 0.142857 0 0.142857 0 0.142857 0 0 0 0 0 0.166667 0 0 0 0 0 0.166667 0 0.166667 0 0.166667 0 0 0 0 0 0 0 0 0 0 0 0 0 0 0 0 0 0 0 0.166667 0 0 0 0 0 0 0 0 0 0 0 0 0 0 0 0 0 0.166667 0 0 0 0 0 0 0 0 0 0 0 0 0 
ATCGAAGA 0.5 0.125 0.25 0.125 0.142857 0 0.142857 0.142857 0 0 0.142857 0 0.285714 0 0 0 0 0.142857 0 0 0 0 0.166667 0 0 0 0 0 0.166667 0 0 0 0 0.166667 0 0 0 0 0 0 0 0 0 0 0.166667 0 0 0 0 0 0 0 0.166667 0 0 0 0 0 0 0 0 0 0 0 0 0 0 0 0 0 0 0 0 0 0.166667 0 0 0 0 0 0 0 0 0 
ATCTTCTA 0.25 0.25 0 0.5 0 0 0 0.142857 0 0 0 0.285714 0 0 0 0 0.142857 0.285714 0 0.142857 0 0 0 0 0 0 0 0 0 0 0 0 0 0.166667 0 0 0 0 0 0 0 0 0 0 0 0 0 0 0.166667 0 0 0.166667 0 0 0 0 0 0 0 0 0 0 0 0 0 0 0 0 0 0 0 0 0 0 0 0.333333 0 0 0 0 0 0.166667 0 0 
ATGGAAGA 0.5 0 0.375 0.125 0.142857 0 0.142857 0.142857 0 0 0 0 0.285714 0 0.142857 0 0 0 0.142857 0 0 0 0.166667 0 0 0 0 0 0.166667 0 0 0 0 0 0.166667 0 0 0 0 0 0 0 0 0 0 0 0 0 0 0 0 0 0.166667 0 0 0 0 0 0 0 0.166667 0 0 0 0 0 0 0 0 0 0 0 0 0 0 0 0 0 0.166667 0 0 0 0 0 
ATGGAAGG 0.375 0 0.5 0.125 0.142857 0 0.142857 0.142857 0 0 0 0 0.142857 0 0.285714 0 0 0 0.142857 0 0 0 0.166667 0 0 0 0 0 0 0 0.166667 0 0 0 0.166667 0 0 0 0 0 0 0 0 0 0 0 0 0 0 0 0 0 0.166667 0 0 0 0 0 0 0 0.166667 0 0 0 0 0 0 0 0 0 0 0 0 0 0 0 0 0 0.166667 0 0 0 0 0 
ATTCGAAG 0.375 0.125 0.25 0.25 0.142857 0 0.142857 0.142857 0 0 0.142857 0 0.142857 0 0 0 0 0.142857 0 0.142857 0 0 0.166667 0 0 0 0 0 0 0 0 0 0 0 0 0.166667 0 0 0 0 0 0 0 0 0.166667 0 0 0 0 0 0 0 0.166667 0 0 0 0 0 0 0 0 0 0 0 0 0 0 0 0 0 0 0 0 0 0.166667 0 0 0 0 0 0 0.166667 0 0 
ATTTCGAA 0.375 0.125 0.125 0.375 0.142857 0 0 0.142857 0 0 0.142857 0 0.142857 0 0 0 0 0.142857 0 0.285714 0 0 0 0 0 0 0 0 0 0 0 0 0 0 0 0.166667 0 0 0 0 0 0 0 0 0.166667 0 0 0 0 0 0 0 0.166667 0 0 0 0 0 0 0 0 0 0 0 0 0 0 0 0 0 0 0 0 0 0.166667 0 0 0 0 0 0 0.166667 0 0.166667 
ATTTCTTC 0.125 0.25 0 0.625 0 0 0 0.142857 0 0 0 0.142857 0 0 0 0 0 0.285714 0 0.428571 0 0 0 0 0 0 0 0 0 0 0 0 0 0 0 0.166667 0 0 0 0 0 0 0 0 0 0 0 0 0 0 0 0.166667 0 0 0 0 0 0 0 0 0 0 0 0 0 0 0 0 0 0 0 0 0 0 0 0.166667 0 0 0 0 0 0.333333 0 0.166667 
CACCGAAG 0.375 0.375 0.25 0 0.142857 0.142857 0.142857 0 0.142857 0.142857 0.142857 0 0.142857 0 0 0 0 0 0 0 0 0 0.166667 0 0 0.166667 0 0 0 0 0 0 0 0 0 0 0 0.166667 0 0 0 0 0.166667 0 0.166667 0 0 0 0 0 0 0 0.166667 0 0 0 0 0 0 0 0 0 0 0 0 0 0 0 0 0 0 0 0 0 0 0 0 0 0 0 0 0 0 0 
CAGAAGAA 0.625 0.125 0.25 0 0.285714 0 0.285714 0 0.142857 0 0 0 0.285714 0 0 0 0 0 0 0 0 0 0.166667 0 0 0 0 0 0.333333 0 0 0 0 0 0 0 0 0 0.166667 0 0 0 0 0 0 0 0 0 0 0 0 0 0.333333 0 0 0 0 0 0 0 0 0 0 0 0 0 0 0 0 0 0 0 0 0 0 0 0 0 0 0 0 0 0 0 
CATAGAAG 0.5 0.125 0.25 0.125 0.142857 0 0.285714 0.142857 0.142857 0 0 0 0.142857 0 0 0 0.142857 0 0 0 0 0 0.166667 0 0 0 0 0 0.166667 0 0 0 0.166667 0 0 0 0 0 0 0.166667 0 0 0 0 0 0 0 0 0 0 0 0 0.166667 0 0 0 0 0 0 0 0 0 0 0 0 0 0 0 0 0 0.166667 0 0 0 0 0 0 0 0 0 0 0 0 0 
CATGGAAG 0.375 0.125 0.375 0.125 0.142857 0 0.142857 0.142857 0.142857 0 0 0 0.142857 0 0.142857 0 0 0 0.142857 0 0 0 0.166667 0 0 0 0 0 0 0 0 0 0 0 0.166667 0 0 0 0 0.166667 0 0 0 0 0 0 0 0 0 0 0 0 0.166667 0 0 0 0 0 0 0 0.166667 0 0 0 0 0 0 0 0 0 0 0 0 0 0 0 0 0 0.166667 0 0 0 0 0 
CCGAAGAA 0.5 0.25 0.25 0 0.285714 0 0.142857 0 0 0.142857 0.142857 0 0.285714 0 0 0 0 0 0 0 0 0 0.166667 0 0 0 0 0 0.166667 0 0 0 0 0 0 0 0 0 0 0 0 0 0.166667 0 0.166667 0 0 0 0 0 0 0 0.333333 0 0 0 0 0 0 0 0 0 0 0 0 0 0 0 0 0 0 0 0 0 0 0 0 0 0 0 0 0 0 0 
CCTTCGAA 0.25 0.375 0.125 0.25 0.142857 0 0 0 0 0.142857 0.142857 0.142857 0.142857 0 0 0 0 0.142857 0 0.142857 0 0 0 0 0 0 0 0 0 0 0 0 0 0 0 0 0 0 0 0 0 0 0 0.166667 0.166667 0 0 0 0 0 0 0.166667 0.166667 0 0 0 0 0 0 0 0 0 0 0 0 0 0 0 0 0 0 0 0 0 0.166667 0 0 0 0 0 0 0.166667 0 0 
CGAAGAAA 0.625 0.125 0.25 0 0.428571 0 0.142857 0 0 0 0.142857 0 0.285714 0 0 0 0 0 0 0 0.166667 0 0.166667 0 0 0 0 0 0.166667 0 0 0 0 0 0 0 0 0 0 0 0 0 0 0 0.166667 0 0 0 0 0 0 0 0.333333 0 0 0 0 0 0 0 0 0 0 0 0 0 0 0 0 0 0 0 0 0 0 0 0 0 0 0 0 0 0 0 
CGAAGAAG 0.5 0.125 0.375 0 0.285714 0 0.285714 0 0 0 0.142857 0 0.285714 0 0 0 0 0 0 0 0 0 0.333333 0 0 0 0 0 0.166667 0 0 0 0 0 0 0 0 0 0 0 0 0 0 0 0.166667 0 0 0 0 0 0 0 0.333333 0 0 0 0 0 0 0 0 0 0 0 0 0 0 0 0 0 0 0 0 0 0 0 0 0 0 0 0 0 0 0 
CGAAGGAA 0.5 0.125 0.375 0 0.285714 0 0.142857 0 0 0 0.142857 0 0.285714 0 0.142857 0 0 0 0 0 0 0 0.166667 0 0 0 0 0 0 0 0.166667 0 0 0 0 0 0 0 0 0 0 0 0 0 0.166667 0 0 0 0 0 0 0 0.333333 0 0 0 0 0 0 0 0.166667 0 0 0 0 0 0 0 0 0 0 0 0 0 0 0 0 0 0 0 0 0 0 0 
CGTAGAAG 0.375 0.125 0.375 0.125 0.142857 0 0.285714 0 0 0 0.142857 0 0.142857 0 0 0.142857 0.142857 0 0 0 0 0 0.166667 0 0 0 0 0 0.166667 0 0 0 0 0 0 0 0 0 0 0 0 0 0 0 0 0 0 0.166667 0 0 0 0 0.166667 0 0 0 0 0 0 0 0 0 0 0 0.166667 0 0 0 0 0 0.166667 0 0 0 0 0 0 0 0 0 0 0 0 0 
CTTCCATA 0.25 0.375 0 0.375 0 0 0 0.142857 0.142857 0.142857 0 0.142857 0 0 0 0 0.142857 0.142857 0 0.142857 0 0 0 0 0 0 0 0 0 0 0 0 0.166667 0 0 0 0 0 0 0.166667 0.166667 0 0 0 0 0 0 0 0 0 0 0.166667 0 0 0 0 0 0 0 0 0 0 0 0 0 0 0 0 0 0 0 0 0 0.166667 0 0 0 0 0 0 0 0.166667 0 0 
CTTCCTTC 0 0.5 0 0.5 0 0 0 0 0 0.142857 0 0.285714 0 0 0 0 0 0.285714 0 0.285714 0 0 0 0 0 0 0 0 0 0 0 0 0 0 0 0 0 0 0 0 0 0 0 0.166667 0 0 0 0 0 0 0 0.333333 0 0 0 0 0 0 0 0 0 0 0 0 0 0 0 0 0 0 0 0 0 0.166667 0 0 0 0 0 0 0 0.333333 0 0 
CTTCGAAA 0.375 0.25 0.125 0.25 0.285714 0 0 0 0 0 0.142857 0.142857 0.142857 0 0 0 0 0.142857 0 0.142857 0.166667 0 0 0 0 0 0 0 0 0 0 0 0 0 0 0 0 0 0 0 0 0 0 0 0.166667 0 0 0 0 0 0 0.166667 0.166667 0 0 0 0 0 0 0 0 0 0 0 0 0 0 0 0 0 0 0 0 0 0.166667 0 0 0 0 0 0 0.166667 0 0 
CTTCGAAG 0.25 0.25 0.25 0.25 0.142857 0 0.142857 0 0 0 0.142857 0.142857 0.142857 0 0 0 0 0.142857 0 0.142857 0 0 0.166667 0 0 0 0 0 0 0 0 0 0 0 0 0 0 0 0 0 0 0 0 0 0.166667 0 0 0 0 0 0 0.166667 0.166667 0 0 0 0 0 0 0 0 0 0 0 0 0 0 0 0 0 0 0 0 0 0.166667 0 0 0 0 0 0 0.166667 0 0 
CTTCGATA 0.25 0.25 0.125 0.375 0 0 0 0.142857 0 0 0.142857 0.142857 0.142857 0 0 0 0.142857 0.142857 0 0.142857 0 0 0 0 0 0 0 0 0 0 0 0 0.166667 0 0 0 0 0 0 0 0 0 0 0 0.166667 0 0 0 0 0 0 0.166667 0 0 0 0.166667 0 0 0 0 0 0 0 0 0 0 0 0 0 0 0 0 0 0 0.166667 0 0 0 0 0 0 0.166667 0 0 
CTTCTAAA 0.375 0.25 0 0.375 0.285714 0 0 0 0 0 0 0.285714 0 0 0 0 0.142857 0.142857 0 0.142857 0.166667 0 0 0 0 0 0 0 0 0 0 0 0 0 0 0 0 0 0 0 0 0 0 0 0 0 0 0 0.166667 0 0 0.166667 0 0 0 0 0 0 0 0 0 0 0 0 0 0 0 0 0.166667 0 0 0 0 0 0 0.166667 0 0 0 0 0 0.166667 0 0 
CTTCTATA 0.25 0.25 0 0.5 0 0 0 0.142857 0 0 0 0.285714 0 0 0 0 0.285714 0.142857 0 0.142857 0 0 0 0 0 0 0 0 0 0 0 0 0.166667 0 0 0 0 0 0 0 0 0 0 0 0 0 0 0 0.166667 0 0 0.166667 0 0 0 0 0 0 0 0 0 0 0 0 0 0 0 0 0 0 0 0.166667 0 0 0 0.166667 0 0 0 0 0 0.166667 0 0 
CTTCTGTA 0.125 0.25 0.125 0.5 0 0 0 0 0 0 0 0.285714 0 0 0 0.142857 0.142857 0.142857 0.142857 0.142857 0 0 0 0 0 0 0 0 0 0 0 0 0 0 0 0 0 0 0 0 0 0 0 0 0 0 0 0 0 0 0.166667 0.166667 0 0 0 0 0 0 0 0 0 0 0 0 0.166667 0 0 0 0 0 0 0 0 0 0 0.166667 0 0 0 0.166667 0 0.166667 0 0 
CTTCTTAA 0.25 0.25 0 0.5 0.142857 0 0 0 0 0 0 0.285714 0 0 0 0 0.142857 0.142857 0 0.285714 0 0 0 0 0 0 0 0 0 0 0 0 0 0 0 0 0 0 0 0 0 0 0 0 0 0 0 0 0 0 0 0.333333 0 0 0 0 0 0 0 0 0 0 0 0 0 0 0 0 0.166667 0 0 0 0 0 0 0.166667 0 0 0 0 0.166667 0.166667 0 0 
CTTCTTTC 0 0.375 0 0.625 0 0 0 0 0 0 0 0.285714 0 0 0 0 0 0.285714 0 0.428571 0 0 0 0 0 0 0 0 0 0 0 0 0 0 0 0 0 0 0 0 0 0 0 0 0 0 0 0 0 0 0 0.333333 0 0 0 0 0 0 0 0 0 0 0 0 0 0 0 0 0 0 0 0 0 0 0 0.166667 0 0 0 0 0 0.333333 0 0.166667 
GAAGAACA 0.625 0.125 0.25 0 0.285714 0.142857 0.142857 0 0.142857 0 0 0 0.285714 0 0 0 0 0 0 0 0 0.166667 0.166667 0 0.166667 0 0 0 0.166667 0 0 0 0 0 0 0 0 0 0 0 0 0 0 0 0 0 0 0 0 0 0 0 0.333333 0 0 0 0 0 0 0 0 0 0 0 0 0 0 0 0 0 0 0 0 0 0 0 0 0 0 0 0 0 0 0 
GAAGAAGA 0.625 0 0.375 0 0.285714 0 0.285714 0 0 0 0 0 0.428571 0 0 0 0 0 0 0 0 0 0.333333 0 0 0 0 0 0.333333 0 0 0 0 0 0 0 0 0 0 0 0 0 0 0 0 0 0 0 0 0 0 0 0.333333 0 0 0 0 0 0 0 0 0 0 0 0 0 0 0 0 0 0 0 0 0 0 0 0 0 0 0 0 0 0 0 
GAAGAAGC 0.5 0.125 0.375 0 0.285714 0 0.285714 0 0 0 0 0 0.285714 0.142857 0 0 0 0 0 0 0 0 0.333333 0 0 0 0 0 0.166667 0.166667 0 0 0 0 0 0 0 0 0 0 0 0 0 0 0 0 0 0 0 0 0 0 0.333333 0 0 0 0 0 0 0 0 0 0 0 0 0 0 0 0 0 0 0 0 0 0 0 0 0 0 0 0 0 0 0 
GAAGCTTC 0.25 0.25 0.25 0.25 0.142857 0 0.142857 0 0 0 0 0.142857 0.142857 0.142857 0 0 0 0.142857 0 0.142857 0 0 0.166667 0 0 0 0 0 0 0.166667 0 0 0 0 0 0 0 0 0 0 0 0 0 0 0 0 0 0 0 0 0 0.166667 0.166667 0 0 0 0 0 0 0.166667 0 0 0 0 0 0 0 0 0 0 0 0 0 0 0 0 0 0 0 0 0 0.166667 0 0 
GAAGGAAA 0.625 0 0.375 0 0.428571 0 0.142857 0 0 0 0 0 0.285714 0 0.142857 0 0 0 0 0 0.166667 0 0.166667 0 0 0 0 0 0 0 0.166667 0 0 0 0 0 0 0 0 0 0 0 0 0 0 0 0 0 0 0 0 0 0.333333 0 0 0 0 0 0 0 0.166667 0 0 0 0 0 0 0 0 0 0 0 0 0 0 0 0 0 0 0 0 0 0 0 
GAGAAGAA 0.625 0 0.375 0 0.285714 0 0.285714 0 0 0 0 0 0.428571 0 0 0 0 0 0 0 0 0 0.166667 0 0 0 0 0 0.333333 0 0 0 0 0 0 0 0 0 0 0 0 0 0 0 0 0 0 0 0 0 0 0 0.333333 0 0.166667 0 0 0 0 0 0 0 0 0 0 0 0 0 0 0 0 0 0 0 0 0 0 0 0 0 0 0 0 0 
GCGAAGAA 0.5 0.125 0.375 0 0.285714 0 0.142857 0 0 0 0.142857 0 0.285714 0.142857 0 0 0 0 0 0 0 0 0.166667 0 0 0 0 0 0.166667 0 0 0 0 0 0 0 0 0 0 0 0 0 0 0 0.166667 0 0 0 0 0 0 0 0.333333 0 0 0 0 0 0.166667 0 0 0 0 0 0 0 0 0 0 0 0 0 0 0 0 0 0 0 0 0 0 0 0 0 
GGAAGAAA 0.625 0 0.375 0 0.428571 0 0.142857 0 0 0 0 0 0.285714 0 0.142857 0 0 0 0 0 0.166667 0 0.166667 0 0 0 0 0 0.166667 0 0 0 0 0 0 0 0 0 0 0 0 0 0 0 0 0 0 0 0 0 0 0 0.333333 0 0 0 0 0 0 0 0.166667 0 0 0 0 0 0 0 0 0 0 0 0 0 0 0 0 0 0 0 0 0 0 0 
GGAAGAAC 0.5 0.125 0.375 0 0.285714 0.142857 0.142857 0 0 0 0 0 0.285714 0 0.142857 0 0 0 0 0 0 0.166667 0.166667 0 0 0 0 0 0.166667 0 0 0 0 0 0 0 0 0 0 0 0 0 0 0 0 0 0 0 0 0 0 0 0.333333 0 0 0 0 0 0 0 0.166667 0 0 0 0 0 0 0 0 0 0 0 0 0 0 0 0 0 0 0 0 0 0 0 
GTCTTCTA 0.125 0.25 0.125 0.5 0 0 0 0 0 0 0 0.285714 0 0 0 0.142857 0.142857 0.285714 0 0.142857 0 0 0 0 0 0 0 0 0 0 0 0 0 0 0 0 0 0 0 0 0 0 0 0 0 0 0 0 0.166667 0 0 0.166667 0 0 0 0 0 0 0 0 0 0 0 0 0 0.166667 0 0 0 0 0 0 0 0 0 0.333333 0 0 0 0 0 0.166667 0 0 
GTGGAAGA 0.375 0 0.5 0.125 0.142857 0 0.142857 0 0 0 0 0 0.285714 0 0.142857 0.142857 0 0 0.142857 0 0 0 0.166667 0 0 0 0 0 0.166667 0 0 0 0 0 0 0 0 0 0 0 0 0 0 0 0 0 0 0 0 0 0 0 0.166667 0 0 0 0 0 0 0 0.166667 0 0 0 0 0 0.166667 0 0 0 0 0 0 0 0 0 0 0 0.166667 0 0 0 0 0 
TAGAAGAA 0.625 0 0.25 0.125 0.285714 0 0.285714 0 0 0 0 0 0.285714 0 0 0 0.142857 0 0 0 0 0 0.166667 0 0 0 0 0 0.333333 0 0 0 0 0 0 0 0 0 0 0 0 0 0 0 0 0 0 0 0 0 0 0 0.333333 0 0 0 0 0 0 0 0 0 0 0 0 0 0 0 0 0 0.166667 0 0 0 0 0 0 0 0 0 0 0 0 0 
TCCTTCGA 0.125 0.375 0.125 0.375 0 0 0 0 0 0.142857 0.142857 0.142857 0.142857 0 0 0 0 0.285714 0 0.142857 0 0 0 0 0 0 0 0 0 0 0 0 0 0 0 0 0 0 0 0 0 0 0 0.166667 0.166667 0 0 0 0 0 0 0.166667 0 0 0 0 0 0 0 0 0 0 0 0 0 0 0 0 0 0 0 0 0 0.166667 0.166667 0 0 0 0 0 0 0.166667 0 0 
TCGAAGAA 0.5 0.125 0.25 0.125 0.285714 0 0.142857 0 0 0 0.142857 0 0.285714 0 0 0 0 0.142857 0 0 0 0 0.166667 0 0 0 0 0 0.166667 0 0 0 0 0 0 0 0 0 0 0 0 0 0 0 0.166667 0 0 0 0 0 0 0 0.333333 0 0 0 0 0 0 0 0 0 0 0 0 0 0 0 0 0 0 0 0 0 0.166667 0 0 0 0 0 0 0 0 0 
TCTTCTAA 0.25 0.25 0 0.5 0.142857 0 0 0 0 0 0 0.285714 0 0 0 0 0.142857 0.285714 0 0.142857 0 0 0 0 0 0 0 0 0 0 0 0 0 0 0 0 0 0 0 0 0 0 0 0 0 0 0 0 0.166667 0 0 0.166667 0 0 0 0 0 0 0 0 0 0 0 0 0 0 0 0 0.166667 0 0 0 0 0 0 0.333333 0 0 0 0 0 0.166667 0 0 
TGGAAGAA 0.5 0 0.375 0.125 0.285714 0 0.142857 0 0 0 0 0 0.285714 0 0.142857 0 0 0 0.142857 0 0 0 0.166667 0 0 0 0 0 0.166667 0 0 0 0 0 0 0 0 0 0 0 0 0 0 0 0 0 0 0 0 0 0 0 0.333333 0 0 0 0 0 0 0 0.166667 0 0 0 0 0 0 0 0 0 0 0 0 0 0 0 0 0 0.166667 0 0 0 0 0 
TTCTAGAA 0.375 0.125 0.125 0.375 0.142857 0 0.142857 0 0 0 0 0.142857 0.142857 0 0 0 0.142857 0.142857 0 0.142857 0 0 0 0 0 0 0 0 0.166667 0 0 0 0 0 0 0 0 0 0 0 0 0 0 0 0 0 0 0 0.166667 0 0 0 0.166667 0 0 0 0 0 0 0 0 0 0 0 0 0 0 0 0 0 0.166667 0 0 0 0 0.166667 0 0 0 0 0 0.166667 0 0 
AAATAGCC 0.5 0.25 0.125 0.125 0.285714 0 0.142857 0.142857 0 0.142857 0 0 0 0.142857 0 0 0.142857 0 0 0 0.166667 0 0 0.166667 0 0 0 0 0 0.166667 0 0 0.166667 0 0 0 0 0 0 0 0 0 0 0 0 0 0 0 0 0 0 0 0 0 0 0 0 0.166667 0 0 0 0 0 0 0 0 0 0 0 0 0.166667 0 0 0 0 0 0 0 0 0 0 0 0 0 
AAATGGCC 0.375 0.25 0.25 0.125 0.285714 0 0 0.142857 0 0.142857 0 0 0 0.142857 0.142857 0 0 0 0.142857 0 0.166667 0 0 0.166667 0 0 0 0 0 0 0 0 0 0 0.166667 0 0 0 0 0 0 0 0 0 0 0 0 0 0 0 0 0 0 0 0 0 0 0.166667 0 0 0 0.166667 0 0 0 0 0 0 0 0 0 0 0 0 0 0 0 0 0.166667 0 0 0 0 0 
AATCGCCA 0.375 0.375 0.125 0.125 0.142857 0 0 0.142857 0.142857 0.142857 0.142857 0 0 0.142857 0 0 0 0.142857 0 0 0 0 0 0.166667 0 0 0 0 0 0 0 0 0 0.166667 0 0 0 0 0 0 0.166667 0 0 0 0 0.166667 0 0 0 0 0 0 0 0 0 0 0 0.166667 0 0 0 0 0 0 0 0 0 0 0 0 0 0 0 0 0.166667 0 0 0 0 0 0 0 0 0 
AATGGCCA 0.375 0.25 0.25 0.125 0.142857 0 0 0.142857 0.142857 0.142857 0 0 0 0.142857 0.142857 0 0 0 0.142857 0 0 0 0 0.166667 0 0 0 0 0 0 0 0 0 0 0.166667 0 0 0 0 0 0.166667 0 0 0 0 0 0 0 0 0 0 0 0 0 0 0 0 0.166667 0 0 0 0.166667 0 0 0 0 0 0 0 0 0 0 0 0 0 0 0 0 0.166667 0 0 0 0 0 
AATGGCCC 0.25 0.375 0.25 0.125 0.142857 0 0 0.142857 0 0.285714 0 0 0 0.142857 0.142857 0 0 0 0.142857 0 0 0 0 0.166667 0 0 0 0 0 0 0 0 0 0 0.166667 0 0 0 0 0 0 0.166667 0 0 0 0 0 0 0 0 0 0 0 0 0 0 0 0.166667 0 0 0 0.166667 0 0 0 0 0 0 0 0 0 0 0 0 0 0 0 0 0.166667 0 0 0 0 0 
AATGGCCG 0.25 0.25 0.375 0.125 0.142857 0 0 0.142857 0 0.142857 0.142857 0 0 0.142857 0.142857 0 0 0 0.142857 0 0 0 0 0.166667 0 0 0 0 0 0 0 0 0 0 0.166667 0 0 0 0 0 0 0 0.166667 0 0 0 0 0 0 0 0 0 0 0 0 0 0 0.166667 0 0 0 0.166667 0 0 0 0 0 0 0 0 0 0 0 0 0 0 0 0 0.166667 0 0 0 0 0 
AGCCGGCC 0.125 0.5 0.375 0 0 0 0.142857 0 0 0.285714 0.142857 0 0 0.285714 0.142857 0 0 0 0 0 0 0 0 0 0 0 0 0 0 0.166667 0 0 0 0 0 0 0 0 0 0 0 0 0.166667 0 0 0 0.166667 0 0 0 0 0 0 0 0 0 0 0.333333 0 0 0 0.166667 0 0 0 0 0 0 0 0 0 0 0 0 0 0 0 0 0 0 0 0 0 0 
ATGGCCAA 0.375 0.25 0.25 0.125 0.142857 0 0 0.142857 0.142857 0.142857 0 0 0 0.142857 0.142857 0 0 0 0.142857 0 0 0 0 0 0 0 0 0 0 0 0 0 0 0 0.166667 0 0.166667 0 0 0 0.166667 0 0 0 0 0 0 0 0 0 0 0 0 0 0 0 0 0.166667 0 0 0 0.166667 0 0 0 0 0 0 0 0 0 0 0 0 0 0 0 0 0.166667 0 0 0 0 0 
ATGGCCAG 0.25 0.25 0.375 0.125 0 0 0.142857 0.142857 0.142857 0.142857 0 0 0 0.142857 0.142857 0 0 0 0.142857 0 0 0 0 0 0 0 0 0 0 0 0 0 0 0 0.166667 0 0 0 0.166667 0 0.166667 0 0 0 0 0 0 0 0 0 0 0 0 0 0 0 0 0.166667 0 0 0 0.166667 0 0 0 0 0 0 0 0 0 0 0 0 0 0 0 0 0.166667 0 0 0 0 0 
ATGGCCAT 0.25 0.25 0.25 0.25 0 0 0 0.285714 0.142857 0.142857 0 0 0 0.142857 0.142857 0 0 0 0.142857 0 0 0 0 0 0 0 0 0 0 0 0 0 0 0 0.166667 0 0 0 0 0.166667 0.166667 0 0 0 0 0 0 0 0 0 0 0 0 0 0 0 0 0.166667 0 0 0 0.166667 0 0 0 0 0 0 0 0 0 0 0 0 0 0 0 0 0.166667 0 0 0 0 0 
ATGGCCCA 0.25 0.375 0.25 0.125 0 0 0 0.142857 0.142857 0.285714 0 0 0 0.142857 0.142857 0 0 0 0.142857 0 0 0 0 0 0 0 0 0 0 0 0 0 0 0 0.166667 0 0 0 0 0 0.166667 0.166667 0 0 0 0 0 0 0 0 0 0 0 0 0 0 0 0.166667 0 0 0 0.166667 0 0 0 0 0 0 0 0 0 0 0 0 0 0 0 0 0.166667 0 0 0 0 0 
ATGGCCCG 0.125 0.375 0.375 0.125 0 0 0 0.142857 0 0.285714 0.142857 0 0 0.142857 0.142857 0 0 0 0.142857 0 0 0 0 0 0 0 0 0 0 0 0 0 0 0 0.166667 0 0 0 0 0 0 0.166667 0.166667 0 0 0 0 0 0 0 0 0 0 0 0 0 0 0.166667 0 0 0 0.166667 0 0 0 0 0 0 0 0 0 0 0 0 0 0 0 0 0.166667 0 0 0 0 0 
ATGGCCGG 0.125 0.25 0.5 0.125 0 0 0 0.142857 0 0.142857 0.142857 0 0 0.142857 0.285714 0 0 0 0.142857 0 0 0 0 0 0 0 0 0 0 0 0 0 0 0 0.166667 0 0 0 0 0 0 0 0.166667 0 0 0 0.166667 0 0 0 0 0 0 0 0 0 0 0.166667 0 0 0 0.166667 0 0 0 0 0 0 0 0 0 0 0 0 0 0 0 0 0.166667 0 0 0 0 0 
CATGGCCA 0.25 0.375 0.25 0.125 0 0 0 0.142857 0.285714 0.142857 0 0 0 0.142857 0.142857 0 0 0 0.142857 0 0 0 0 0 0 0 0 0 0 0 0 0 0 0 0.166667 0 0 0 0 0.166667 0.166667 0 0 0 0 0 0 0 0 0 0 0 0 0 0 0 0 0.166667 0 0 0 0.166667 0 0 0 0 0 0 0 0 0 0 0 0 0 0 0 0 0.166667 0 0 0 0 0 
CATGGCCG 0.125 0.375 0.375 0.125 0 0 0 0.142857 0.142857 0.142857 0.142857 0 0 0.142857 0.142857 0 0 0 0.142857 0 0 0 0 0 0 0 0 0 0 0 0 0 0 0 0.166667 0 0 0 0 0.166667 0 0 0.166667 0 0 0 0 0 0 0 0 0 0 0 0 0 0 0.166667 0 0 0 0.166667 0 0 0 0 0 0 0 0 0 0 0 0 0 0 0 0 0.166667 0 0 0 0 0 
CGGCCAGC 0.125 0.5 0.375 0 0 0 0.142857 0 0.142857 0.142857 0.142857 0 0 0.285714 0.142857 0 0 0 0 0 0 0 0 0 0 0 0 0 0 0.166667 0 0 0 0 0 0 0 0 0.166667 0 0.166667 0 0 0 0 0 0.166667 0 0 0 0 0 0 0 0 0 0 0.166667 0 0 0 0.166667 0 0 0 0 0 0 0 0 0 0 0 0 0 0 0 0 0 0 0 0 0 0 
GATGGCCA 0.25 0.25 0.375 0.125 0 0 0 0.142857 0.142857 0.142857 0 0 0.142857 0.142857 0.142857 0 0 0 0.142857 0 0 0 0 0 0 0 0 0 0 0 0 0 0 0 0.166667 0 0 0 0 0 0.166667 0 0 0 0 0 0 0 0 0 0 0 0 0 0 0.166667 0 0.166667 0 0 0 0.166667 0 0 0 0 0 0 0 0 0 0 0 0 0 0 0 0 0.166667 0 0 0 0 0 
GCCGGCCA 0.125 0.5 0.375 0 0 0 0 0 0.142857 0.285714 0.142857 0 0 0.285714 0.142857 0 0 0 0 0 0 0 0 0 0 0 0 0 0 0 0 0 0 0 0 0 0 0 0 0 0.166667 0 0.166667 0 0 0 0.166667 0 0 0 0 0 0 0 0 0 0 0.333333 0 0 0 0.166667 0 0 0 0 0 0 0 0 0 0 0 0 0 0 0 0 0 0 0 0 0 0 
GCCGGCCC 0 0.625 0.375 0 0 0 0 0 0 0.428571 0.142857 0 0 0.285714 0.142857 0 0 0 0 0 0 0 0 0 0 0 0 0 0 0 0 0 0 0 0 0 0 0 0 0 0 0.166667 0.166667 0 0 0 0.166667 0 0 0 0 0 0 0 0 0 0 0.333333 0 0 0 0.166667 0 0 0 0 0 0 0 0 0 0 0 0 0 0 0 0 0 0 0 0 0 0 
GGCCAAAA 0.5 0.25 0.25 0 0.428571 0 0 0 0.142857 0.142857 0 0 0 0.142857 0.142857 0 0 0 0 0 0.333333 0 0 0 0 0 0 0 0 0 0 0 0 0 0 0 0.166667 0 0 0 0.166667 0 0 0 0 0 0 0 0 0 0 0 0 0 0 0 0 0.166667 0 0 0 0.166667 0 0 0 0 0 0 0 0 0 0 0 0 0 0 0 0 0 0 0 0 0 0 
GGCCAGAC 0.25 0.375 0.375 0 0 0.142857 0.142857 0 0.142857 0.142857 0 0 0.142857 0.142857 0.142857 0 0 0 0 0 0 0 0 0 0 0 0 0 0.166667 0 0 0 0 0 0 0 0 0 0.166667 0 0.166667 0 0 0 0 0 0 0 0 0 0 0 0 0.166667 0 0 0 0.166667 0 0 0 0.166667 0 0 0 0 0 0 0 0 0 0 0 0 0 0 0 0 0 0 0 0 0 0 
GGCCAGCC 0.125 0.5 0.375 0 0 0 0.142857 0 0.142857 0.285714 0 0 0 0.285714 0.142857 0 0 0 0 0 0 0 0 0 0 0 0 0 0 0.166667 0 0 0 0 0 0 0 0 0.166667 0 0.166667 0 0 0 0 0 0 0 0 0 0 0 0 0 0 0 0 0.333333 0 0 0 0.166667 0 0 0 0 0 0 0 0 0 0 0 0 0 0 0 0 0 0 0 0 0 0 
GGCCATAA 0.375 0.25 0.25 0.125 0.142857 0 0 0.142857 0.142857 0.142857 0 0 0 0.142857 0.142857 0 0.142857 0 0 0 0 0 0 0 0 0 0 0 0 0 0 0 0.166667 0 0 0 0 0 0 0.166667 0.166667 0 0 0 0 0 0 0 0 0 0 0 0 0 0 0 0 0.166667 0 0 0 0.166667 0 0 0 0 0 0 0.166667 0 0 0 0 0 0 0 0 0 0 0 0 0 0 0 
GGCCATGA 0.25 0.25 0.375 0.125 0 0 0 0.142857 0.142857 0.142857 0 0 0.142857 0.142857 0.142857 0 0 0 0.142857 0 0 0 0 0 0 0 0 0 0 0 0 0 0 0 0.166667 0 0 0 0 0.166667 0.166667 0 0 0 0 0 0 0 0 0 0 0 0 0 0 0 0 0.166667 0 0 0 0.166667 0 0 0 0 0 0 0 0 0 0 0 0 0 0 0.166667 0 0 0 0 0 0 0 
GGCCATTA 0.25 0.25 0.25 0.25 0 0 0 0.142857 0.142857 0.142857 0 0 0 0.142857 0.142857 0 0.142857 0 0 0.142857 0 0 0 0 0 0 0 0 0 0 0 0 0 0 0 0.166667 0 0 0 0.166667 0.166667 0 0 0 0 0 0 0 0 0 0 0 0 0 0 0 0 0.166667 0 0 0 0.166667 0 0 0 0 0 0 0 0 0 0 0 0 0 0 0 0 0 0 0.166667 0 0 0 
GGCCGGCC 0 0.5 0.5 0 0 0 0 0 0 0.285714 0.142857 0 0 0.285714 0.285714 0 0 0 0 0 0 0 0 0 0 0 0 0 0 0 0 0 0 0 0 0 0 0 0 0 0 0 0.166667 0 0 0 0.166667 0 0 0 0 0 0 0 0 0 0 0.333333 0 0 0 0.333333 0 0 0 0 0 0 0 0 0 0 0 0 0 0 0 0 0 0 0 0 0 0 
GGCGAAAA 0.5 0.125 0.375 0 0.428571 0 0 0 0 0 0.142857 0 0.142857 0.142857 0.142857 0 0 0 0 0 0.333333 0 0 0 0 0 0 0 0 0 0 0 0 0 0 0 0 0 0 0 0 0 0 0 0.166667 0 0 0 0 0 0 0 0.166667 0 0 0 0 0 0.166667 0 0 0.166667 0 0 0 0 0 0 0 0 0 0 0 0 0 0 0 0 0 0 0 0 0 0 
GGCGCGCC 0 0.5 0.5 0 0 0 0 0 0 0.142857 0.285714 0 0 0.428571 0.142857 0 0 0 0 0 0 0 0 0 0 0 0 0 0 0 0 0 0 0 0 0 0 0 0 0 0 0 0 0 0 0.333333 0 0 0 0 0 0 0 0 0 0 0 0.166667 0.333333 0 0 0.166667 0 0 0 0 0 0 0 0 0 0 0 0 0 0 0 0 0 0 0 0 0 0 
GGGCCATA 0.25 0.25 0.375 0.125 0 0 0 0.142857 0.142857 0.142857 0 0 0 0.142857 0.285714 0 0.142857 0 0 0 0 0 0 0 0 0 0 0 0 0 0 0 0.166667 0 0 0 0 0 0 0.166667 0.166667 0 0 0 0 0 0 0 0 0 0 0 0 0 0 0 0 0.166667 0 0 0 0.166667 0.166667 0 0 0 0 0 0 0 0 0 0 0 0 0 0 0 0 0 0 0 0 0 
TATGGCCA 0.25 0.25 0.25 0.25 0 0 0 0.142857 0.142857 0.142857 0 0 0 0.142857 0.142857 0 0.142857 0 0.142857 0 0 0 0 0 0 0 0 0 0 0 0 0 0 0 0.166667 0 0 0 0 0 0.166667 0 0 0 0 0 0 0 0 0 0 0 0 0 0 0 0 0.166667 0 0 0 0.166667 0 0 0 0 0 0 0 0 0 0.166667 0 0 0 0 0 0 0.166667 0 0 0 0 0 
TCTGGCCA 0.125 0.375 0.25 0.25 0 0 0 0 0.142857 0.142857 0 0.142857 0 0.142857 0.142857 0 0 0.142857 0.142857 0 0 0 0 0 0 0 0 0 0 0 0 0 0 0 0 0 0 0 0 0 0.166667 0 0 0 0 0 0 0 0 0 0.166667 0 0 0 0 0 0 0.166667 0 0 0 0.166667 0 0 0 0 0 0 0 0 0 0 0 0 0 0.166667 0 0 0.166667 0 0 0 0 0 
TGGCCAAA 0.375 0.25 0.25 0.125 0.285714 0 0 0 0.142857 0.142857 0 0 0 0.142857 0.142857 0 0 0 0.142857 0 0.166667 0 0 0 0 0 0 0 0 0 0 0 0 0 0 0 0.166667 0 0 0 0.166667 0 0 0 0 0 0 0 0 0 0 0 0 0 0 0 0 0.166667 0 0 0 0.166667 0 0 0 0 0 0 0 0 0 0 0 0 0 0 0 0 0.166667 0 0 0 0 0 
