AAAAGAAC 0.5 0.166667 0.166667 0 0 0 0 0 0.166667 0 0 0 0 0 0 0 0.6 0 0.2 0 0 0 0 0 0 0.2 0 0 0 0 0 0 0.5 0.25 0.25 0 0 0 0 0 0 0 0 0 0 0 0 0 0.666667 0.333333 0 0 0 0 0 0 0 0 0 0 0 0 0 0 
AAAAGAAG 0.5 0 0.333333 0 0 0 0 0 0.166667 0 0 0 0 0 0 0 0.6 0 0.2 0 0 0 0 0 0 0 0.2 0 0 0 0 0 0.5 0 0.5 0 0 0 0 0 0 0 0 0 0 0 0 0 0.666667 0 0.333333 0 0 0 0 0 0 0 0 0 0 0 0 0 
AAAAGAAT 0.5 0 0.166667 0.166667 0 0 0 0 0.166667 0 0 0 0 0 0 0 0.6 0 0.2 0 0 0 0 0 0 0 0 0.2 0 0 0 0 0.5 0 0.25 0.25 0 0 0 0 0 0 0 0 0 0 0 0 0.666667 0 0 0.333333 0 0 0 0 0 0 0 0 0 0 0 0 
AAAAGGAA 0.333333 0 0.333333 0 0 0 0 0 0.333333 0 0 0 0 0 0 0 0.4 0 0.4 0 0 0 0 0 0.2 0 0 0 0 0 0 0 0.5 0 0.5 0 0 0 0 0 0 0 0 0 0 0 0 0 0.666667 0 0.333333 0 0 0 0 0 0 0 0 0 0 0 0 0 
AAAGAACA 0.5 0.166667 0.166667 0 0 0 0 0 0.166667 0 0 0 0 0 0 0 0.6 0 0.2 0 0 0 0 0 0 0.2 0 0 0 0 0 0 0.5 0.25 0 0 0 0 0 0 0.25 0 0 0 0 0 0 0 0.666667 0.333333 0 0 0 0 0 0 0 0 0 0 0 0 0 0 
AAAGAACC 0.333333 0.333333 0.166667 0 0 0 0 0 0.166667 0 0 0 0 0 0 0 0.4 0.2 0.2 0 0 0 0 0 0 0.2 0 0 0 0 0 0 0.5 0.25 0 0 0 0 0 0 0 0.25 0 0 0 0 0 0 0.333333 0.666667 0 0 0 0 0 0 0 0 0 0 0 0 0 0 
AAAGAACG 0.333333 0.166667 0.333333 0 0 0 0 0 0.166667 0 0 0 0 0 0 0 0.4 0 0.4 0 0 0 0 0 0 0.2 0 0 0 0 0 0 0.5 0.25 0 0 0 0 0 0 0 0 0.25 0 0 0 0 0 0.333333 0.333333 0.333333 0 0 0 0 0 0 0 0 0 0 0 0 0 
AAAGAAGC 0.333333 0.166667 0.333333 0 0 0 0 0 0.166667 0 0 0 0 0 0 0 0.4 0.2 0.2 0 0 0 0 0 0 0 0.2 0 0 0 0 0 0.5 0 0.25 0 0 0 0 0 0 0.25 0 0 0 0 0 0 0.333333 0.333333 0.333333 0 0 0 0 0 0 0 0 0 0 0 0 0 
AAAGAATA 0.5 0 0.166667 0.166667 0 0 0 0 0.166667 0 0 0 0 0 0 0 0.6 0 0.2 0 0 0 0 0 0 0 0 0.2 0 0 0 0 0.5 0 0 0.25 0 0 0 0 0.25 0 0 0 0 0 0 0 0.666667 0 0 0.333333 0 0 0 0 0 0 0 0 0 0 0 0 
AAAGAATC 0.333333 0.166667 0.166667 0.166667 0 0 0 0 0.166667 0 0 0 0 0 0 0 0.4 0.2 0.2 0 0 0 0 0 0 0 0 0.2 0 0 0 0 0.5 0 0 0.25 0 0 0 0 0 0.25 0 0 0 0 0 0 0.333333 0.333333 0 0.333333 0 0 0 0 0 0 0 0 0 0 0 0 
AAAGAATG 0.333333 0 0.333333 0.166667 0 0 0 0 0.166667 0 0 0 0 0 0 0 0.4 0 0.4 0 0 0 0 0 0 0 0 0.2 0 0 0 0 0.5 0 0 0.25 0 0 0 0 0 0 0.25 0 0 0 0 0 0.333333 0 0.333333 0.333333 0 0 0 0 0 0 0 0 0 0 0 0 
AAAGGAAC 0.166667 0.166667 0.333333 0 0 0 0 0 0.333333 0 0 0 0 0 0 0 0.2 0 0.4 0 0 0 0 0 0.2 0.2 0 0 0 0 0 0 0.5 0 0.25 0 0 0 0 0 0 0.25 0 0 0 0 0 0 0.666667 0.333333 0 0 0 0 0 0 0 0 0 0 0 0 0 0 
AAAGGAAT 0.166667 0 0.333333 0.166667 0 0 0 0 0.333333 0 0 0 0 0 0 0 0.2 0 0.4 0 0 0 0 0 0.2 0 0 0.2 0 0 0 0 0.5 0 0.25 0 0 0 0 0 0 0 0 0.25 0 0 0 0 0.666667 0 0 0.333333 0 0 0 0 0 0 0 0 0 0 0 0 
AAATAGAA 0.5 0 0 0.166667 0 0 0 0 0.166667 0 0 0 0 0 0.166667 0 0.4 0 0.2 0.2 0 0 0 0 0 0 0 0 0.2 0 0 0 0.5 0 0.25 0 0 0 0 0 0 0 0 0 0.25 0 0 0 0.666667 0 0.333333 0 0 0 0 0 0 0 0 0 0 0 0 0 
AACAGAAC 0.333333 0.333333 0 0 0 0 0.166667 0 0.166667 0 0 0 0 0 0 0 0.4 0 0.2 0 0.2 0 0 0 0 0.2 0 0 0 0 0 0 0.25 0.25 0.25 0 0.25 0 0 0 0 0 0 0 0 0 0 0 0.666667 0 0 0 0 0.333333 0 0 0 0 0 0 0 0 0 0 
AACATTCT 0.166667 0.166667 0 0.166667 0 0 0 0.166667 0 0 0 0 0 0.166667 0 0.166667 0.2 0.2 0 0.2 0 0 0 0.2 0 0 0 0 0 0 0 0.2 0 0 0 0.75 0 0.25 0 0 0 0 0 0 0 0 0 0 0 0.333333 0 0.333333 0 0 0 0.333333 0 0 0 0 0 0 0 0 
AACGAACA 0.166667 0.333333 0.166667 0 0.166667 0 0 0 0.166667 0 0 0 0 0 0 0 0.4 0 0.2 0 0.2 0 0 0 0 0.2 0 0 0 0 0 0 0.5 0 0 0 0 0.25 0 0 0.25 0 0 0 0 0 0 0 0.333333 0.333333 0 0 0.333333 0 0 0 0 0 0 0 0 0 0 0 
AACGTTCT 0 0.166667 0.166667 0 0 0 0 0.166667 0 0 0 0.166667 0 0.166667 0 0.166667 0 0 0.2 0.2 0 0 0 0.2 0 0.2 0 0 0 0 0 0.2 0 0 0 0.5 0 0.25 0 0 0 0 0 0.25 0 0 0 0 0 0.333333 0 0.333333 0 0 0 0.333333 0 0 0 0 0 0 0 0 
AAGAACAC 0.333333 0.166667 0.166667 0 0 0.166667 0 0 0.166667 0 0 0 0 0 0 0 0.6 0.2 0 0 0 0 0 0 0 0.2 0 0 0 0 0 0 0.25 0.5 0 0 0 0 0 0 0.25 0 0 0 0 0 0 0 0.333333 0.333333 0 0 0 0 0 0 0 0.333333 0 0 0 0 0 0 
AAGAACAT 0.333333 0.166667 0.166667 0 0 0 0 0.166667 0.166667 0 0 0 0 0 0 0 0.6 0 0 0.2 0 0 0 0 0 0.2 0 0 0 0 0 0 0.25 0.25 0 0.25 0 0 0 0 0.25 0 0 0 0 0 0 0 0.333333 0.333333 0 0 0 0 0 0 0 0 0 0.333333 0 0 0 0 
AAGAACGA 0.166667 0.166667 0.333333 0 0.166667 0 0 0 0.166667 0 0 0 0 0 0 0 0.6 0 0.2 0 0 0 0 0 0 0.2 0 0 0 0 0 0 0.5 0.25 0 0 0 0 0 0 0 0 0.25 0 0 0 0 0 0 0.333333 0.333333 0 0 0 0 0 0.333333 0 0 0 0 0 0 0 
AAGAACGT 0.166667 0.166667 0.333333 0 0 0 0 0.166667 0.166667 0 0 0 0 0 0 0 0.4 0 0.2 0.2 0 0 0 0 0 0.2 0 0 0 0 0 0 0.25 0.25 0 0.25 0 0 0 0 0 0 0.25 0 0 0 0 0 0 0.333333 0.333333 0 0 0 0 0 0 0 0 0.333333 0 0 0 0 
AAGAAGAA 0.333333 0 0.333333 0 0 0 0 0 0.333333 0 0 0 0 0 0 0 0.8 0 0 0 0 0 0 0 0 0 0.2 0 0 0 0 0 0.5 0 0.25 0 0 0 0 0 0.25 0 0 0 0 0 0 0 0.333333 0 0.333333 0 0 0 0 0 0.333333 0 0 0 0 0 0 0 
AAGAGAAC 0.333333 0.166667 0.166667 0 0 0 0 0 0.166667 0 0.166667 0 0 0 0 0 0.4 0 0.2 0 0 0 0 0 0.2 0.2 0 0 0 0 0 0 0.25 0.25 0.25 0 0 0 0 0 0.25 0 0 0 0 0 0 0 0.666667 0 0 0 0 0 0 0 0 0.333333 0 0 0 0 0 0 
AAGGAACA 0.166667 0.166667 0.333333 0 0 0 0 0 0.333333 0 0 0 0 0 0 0 0.4 0 0.2 0 0 0 0 0 0.2 0.2 0 0 0 0 0 0 0.5 0 0 0 0 0 0 0 0.25 0.25 0 0 0 0 0 0 0.333333 0.333333 0 0 0 0 0 0 0.333333 0 0 0 0 0 0 0 
AAGGAACG 0 0.166667 0.5 0 0 0 0 0 0.333333 0 0 0 0 0 0 0 0.2 0 0.4 0 0 0 0 0 0.2 0.2 0 0 0 0 0 0 0.5 0 0 0 0 0 0 0 0 0.25 0.25 0 0 0 0 0 0.333333 0.333333 0 0 0 0 0 0 0 0 0.333333 0 0 0 0 0 
AAGGAATA 0.166667 0 0.333333 0.166667 0 0 0 0 0.333333 0 0 0 0 0 0 0 0.4 0 0.2 0 0 0 0 0 0.2 0 0 0.2 0 0 0 0 0.5 0 0 0 0 0 0 0 0.25 0 0 0.25 0 0 0 0 0.333333 0 0 0.333333 0 0 0 0 0.333333 0 0 0 0 0 0 0 
AAGGAATG 0 0 0.5 0.166667 0 0 0 0 0.333333 0 0 0 0 0 0 0 0.2 0 0.4 0 0 0 0 0 0.2 0 0 0.2 0 0 0 0 0.5 0 0 0 0 0 0 0 0 0 0.25 0.25 0 0 0 0 0.333333 0 0 0.333333 0 0 0 0 0 0 0.333333 0 0 0 0 0 
AATAGAAA 0.5 0 0 0.166667 0 0 0 0 0.166667 0 0 0 0 0 0.166667 0 0.4 0 0.2 0 0 0 0 0 0.2 0 0 0 0.2 0 0 0 0.5 0 0.25 0 0 0 0 0 0 0 0 0 0.25 0 0 0 0.666667 0 0 0 0 0 0 0 0 0 0 0 0.333333 0 0 0 
AATAGAAC 0.333333 0.166667 0 0.166667 0 0 0 0 0.166667 0 0 0 0 0 0.166667 0 0.4 0 0.2 0 0 0 0 0 0 0.2 0 0 0.2 0 0 0 0.25 0.25 0.25 0 0 0 0 0 0 0 0 0 0.25 0 0 0 0.666667 0 0 0 0 0 0 0 0 0 0 0 0 0.333333 0 0 
AATAGAAG 0.333333 0 0.166667 0.166667 0 0 0 0 0.166667 0 0 0 0 0 0.166667 0 0.4 0 0.2 0 0 0 0 0 0 0 0.2 0 0.2 0 0 0 0.25 0 0.5 0 0 0 0 0 0 0 0 0 0.25 0 0 0 0.666667 0 0 0 0 0 0 0 0 0 0 0 0 0 0.333333 0 
AATAGAAT 0.333333 0 0 0.333333 0 0 0 0 0.166667 0 0 0 0 0 0.166667 0 0.4 0 0.2 0 0 0 0 0 0 0 0 0.2 0.2 0 0 0 0.25 0 0.25 0.25 0 0 0 0 0 0 0 0 0.25 0 0 0 0.666667 0 0 0 0 0 0 0 0 0 0 0 0 0 0 0.333333 
AATCGAAC 0 0.333333 0 0.166667 0.166667 0 0 0 0.166667 0 0 0 0 0 0.166667 0 0 0.2 0.2 0 0.2 0 0 0 0 0.2 0 0 0.2 0 0 0 0.25 0 0.25 0 0 0.25 0 0 0 0 0 0 0.25 0 0 0 0.666667 0 0 0 0 0 0 0 0 0 0 0 0 0.333333 0 0 
AATCGAAG 0 0.166667 0.166667 0.166667 0.166667 0 0 0 0.166667 0 0 0 0 0 0.166667 0 0 0.2 0.2 0 0.2 0 0 0 0 0 0.2 0 0.2 0 0 0 0.25 0 0.25 0 0 0 0.25 0 0 0 0 0 0.25 0 0 0 0.666667 0 0 0 0 0 0 0 0 0 0 0 0 0 0.333333 0 
AATGGAAC 0 0.166667 0.166667 0.166667 0 0 0 0 0.333333 0 0 0 0 0 0.166667 0 0 0 0.4 0 0 0 0 0 0.2 0.2 0 0 0.2 0 0 0 0.25 0 0.25 0 0 0 0 0 0 0.25 0 0 0.25 0 0 0 0.666667 0 0 0 0 0 0 0 0 0 0 0 0 0.333333 0 0 
AATGTTCC 0 0 0.166667 0.166667 0 0 0 0 0 0 0 0.166667 0 0.333333 0 0.166667 0 0 0.2 0.2 0 0 0 0 0 0.2 0 0 0 0.2 0 0.2 0 0 0 0.5 0 0 0 0 0 0.25 0 0 0 0.25 0 0 0 0.333333 0 0.333333 0 0 0 0 0 0 0 0 0 0.333333 0 0 
AATGTTCT 0 0 0.166667 0.166667 0 0 0 0 0 0 0 0.166667 0 0.166667 0 0.333333 0 0 0.2 0.2 0 0 0 0 0 0.2 0 0 0 0 0 0.4 0 0 0 0.5 0 0 0 0 0 0 0 0.25 0 0.25 0 0 0 0.333333 0 0.333333 0 0 0 0 0 0 0 0 0 0 0 0.333333 
AATTCTAT 0 0 0 0.333333 0.166667 0 0 0 0 0 0 0 0 0.166667 0 0.333333 0 0.2 0 0.2 0 0 0 0.2 0 0 0 0 0.2 0 0 0.2 0 0.25 0 0.25 0 0 0 0 0 0 0 0 0.25 0 0 0.25 0.333333 0 0 0.333333 0 0 0 0 0 0 0 0 0 0 0 0.333333 
AATTGTTC 0 0 0 0.333333 0 0 0 0 0 0 0 0.166667 0 0.166667 0.166667 0.166667 0 0 0.2 0.2 0 0 0 0 0 0.2 0 0 0 0 0 0.4 0 0 0.25 0.25 0 0 0 0 0 0 0 0 0 0.25 0 0.25 0 0 0 0.666667 0 0 0 0 0 0 0 0 0 0.333333 0 0 
ACACAGAA 0.5 0 0 0 0 0.166667 0.166667 0 0.166667 0 0 0 0 0 0 0 0.2 0.2 0.2 0 0.4 0 0 0 0 0 0 0 0 0 0 0 0.5 0 0 0 0.25 0 0.25 0 0 0 0 0 0 0 0 0 0.333333 0 0.333333 0 0.333333 0 0 0 0 0 0 0 0 0 0 0 
ACAGAACA 0.5 0.166667 0 0 0 0 0.166667 0 0.166667 0 0 0 0 0 0 0 0.4 0 0.2 0 0.2 0 0 0 0 0.2 0 0 0 0 0 0 0.25 0.25 0 0 0.25 0 0 0 0.25 0 0 0 0 0 0 0 0.666667 0 0 0 0 0.333333 0 0 0 0 0 0 0 0 0 0 
ACAGAACG 0.333333 0.166667 0.166667 0 0 0 0.166667 0 0.166667 0 0 0 0 0 0 0 0.2 0 0.4 0 0.2 0 0 0 0 0.2 0 0 0 0 0 0 0.25 0.25 0 0 0.25 0 0 0 0 0 0.25 0 0 0 0 0 0.333333 0 0.333333 0 0 0.333333 0 0 0 0 0 0 0 0 0 0 
ACAGAAGC 0.333333 0.166667 0.166667 0 0 0 0.166667 0 0.166667 0 0 0 0 0 0 0 0.2 0.2 0.2 0 0.2 0 0 0 0 0 0.2 0 0 0 0 0 0.25 0 0.25 0 0.25 0 0 0 0 0.25 0 0 0 0 0 0 0.333333 0.333333 0 0 0 0 0.333333 0 0 0 0 0 0 0 0 0 
ACAGAAGG 0.333333 0 0.333333 0 0 0 0.166667 0 0.166667 0 0 0 0 0 0 0 0.2 0 0.4 0 0.2 0 0 0 0 0 0.2 0 0 0 0 0 0.25 0 0.25 0 0.25 0 0 0 0 0 0.25 0 0 0 0 0 0.333333 0 0.333333 0 0 0 0.333333 0 0 0 0 0 0 0 0 0 
ACAGAATA 0.5 0 0 0.166667 0 0 0.166667 0 0.166667 0 0 0 0 0 0 0 0.4 0 0.2 0 0.2 0 0 0 0 0 0 0.2 0 0 0 0 0.25 0 0 0.25 0.25 0 0 0 0.25 0 0 0 0 0 0 0 0.666667 0 0 0 0 0 0 0.333333 0 0 0 0 0 0 0 0 
ACATAGAA 0.5 0 0 0 0 0 0 0.166667 0.166667 0 0 0 0 0 0.166667 0 0.2 0 0.2 0.2 0.2 0 0 0 0 0 0 0 0.2 0 0 0 0.5 0 0 0 0 0 0.25 0 0 0 0 0 0.25 0 0 0 0.333333 0 0.333333 0 0.333333 0 0 0 0 0 0 0 0 0 0 0 
ACATTCTA 0.166667 0 0 0.166667 0.166667 0 0 0.166667 0 0 0 0 0 0.166667 0 0.166667 0 0.2 0 0.2 0 0 0 0.2 0 0 0 0 0.2 0 0 0.2 0 0 0 0.5 0 0.25 0 0 0 0 0 0 0.25 0 0 0 0.333333 0.333333 0 0 0 0 0 0.333333 0 0 0 0 0 0 0 0 
ACCGAACA 0.166667 0.333333 0 0 0.166667 0 0.166667 0 0.166667 0 0 0 0 0 0 0 0.2 0 0.2 0 0.4 0 0 0 0 0.2 0 0 0 0 0 0 0.25 0 0 0 0.25 0.25 0 0 0.25 0 0 0 0 0 0 0 0.333333 0 0 0 0.333333 0.333333 0 0 0 0 0 0 0 0 0 0 
ACCGAACG 0 0.333333 0.166667 0 0.166667 0 0.166667 0 0.166667 0 0 0 0 0 0 0 0 0 0.4 0 0.4 0 0 0 0 0.2 0 0 0 0 0 0 0.25 0 0 0 0.25 0.25 0 0 0 0 0.25 0 0 0 0 0 0.333333 0 0 0 0 0.333333 0.333333 0 0 0 0 0 0 0 0 0 
ACCGAAGA 0.166667 0.166667 0.166667 0 0.166667 0 0.166667 0 0.166667 0 0 0 0 0 0 0 0.2 0 0.2 0 0.4 0 0 0 0 0 0.2 0 0 0 0 0 0.25 0 0 0 0.25 0 0.25 0 0.25 0 0 0 0 0 0 0 0.333333 0 0 0 0.333333 0 0.333333 0 0 0 0 0 0 0 0 0 
ACCGAAGC 0 0.333333 0.166667 0 0.166667 0 0.166667 0 0.166667 0 0 0 0 0 0 0 0 0.2 0.2 0 0.4 0 0 0 0 0 0.2 0 0 0 0 0 0.25 0 0 0 0.25 0 0.25 0 0 0.25 0 0 0 0 0 0 0.333333 0 0 0 0 0.333333 0.333333 0 0 0 0 0 0 0 0 0 
ACCGAATA 0.166667 0.166667 0 0.166667 0.166667 0 0.166667 0 0.166667 0 0 0 0 0 0 0 0.2 0 0.2 0 0.4 0 0 0 0 0 0 0.2 0 0 0 0 0.25 0 0 0 0.25 0 0 0.25 0.25 0 0 0 0 0 0 0 0.333333 0 0 0 0.333333 0 0 0.333333 0 0 0 0 0 0 0 0 
ACGTAGAA 0.166667 0 0.166667 0 0 0 0 0.166667 0.333333 0 0 0 0 0 0.166667 0 0.2 0 0 0.2 0.2 0 0 0 0 0 0.2 0 0.2 0 0 0 0.25 0 0 0 0 0 0.25 0 0.25 0 0 0 0.25 0 0 0 0 0 0.333333 0 0.333333 0 0 0 0.333333 0 0 0 0 0 0 0 
ACGTTCTA 0 0 0.166667 0 0.166667 0 0 0.166667 0 0 0 0.166667 0 0.166667 0 0.166667 0 0 0 0.2 0 0 0 0.2 0 0.2 0 0 0.2 0 0 0.2 0 0 0 0.25 0 0.25 0 0 0 0 0 0.25 0.25 0 0 0 0 0.333333 0 0 0 0 0 0.333333 0.333333 0 0 0 0 0 0 0 
AGAAAGAA 0.5 0 0.166667 0 0 0 0 0 0.333333 0 0 0 0 0 0 0 0.6 0 0.2 0 0 0 0 0 0.2 0 0 0 0 0 0 0 0.75 0 0 0 0 0 0 0 0 0 0.25 0 0 0 0 0 0.333333 0 0.333333 0 0 0 0 0 0.333333 0 0 0 0 0 0 0 
AGAACAAA 0.5 0.166667 0 0 0.166667 0 0 0 0.166667 0 0 0 0 0 0 0 0.6 0 0 0 0.2 0 0 0 0 0.2 0 0 0 0 0 0 0.5 0.25 0 0 0 0 0 0 0.25 0 0 0 0 0 0 0 0.666667 0 0 0 0 0 0 0 0.333333 0 0 0 0 0 0 0 
AGAACAAT 0.333333 0.166667 0 0.166667 0.166667 0 0 0 0.166667 0 0 0 0 0 0 0 0.6 0 0 0 0 0 0 0.2 0 0.2 0 0 0 0 0 0 0.25 0.25 0 0.25 0 0 0 0 0.25 0 0 0 0 0 0 0 0.333333 0 0 0.333333 0 0 0 0 0.333333 0 0 0 0 0 0 0 
AGAACACA 0.5 0.166667 0 0 0 0.166667 0 0 0.166667 0 0 0 0 0 0 0 0.4 0.2 0 0 0.2 0 0 0 0 0.2 0 0 0 0 0 0 0.25 0.5 0 0 0 0 0 0 0.25 0 0 0 0 0 0 0 0.666667 0 0 0 0 0 0 0 0 0.333333 0 0 0 0 0 0 
AGAACACC 0.333333 0.333333 0 0 0 0.166667 0 0 0.166667 0 0 0 0 0 0 0 0.4 0.2 0 0 0 0.2 0 0 0 0.2 0 0 0 0 0 0 0 0.75 0 0 0 0 0 0 0.25 0 0 0 0 0 0 0 0.333333 0.333333 0 0 0 0 0 0 0 0.333333 0 0 0 0 0 0 
AGAACACG 0.333333 0.166667 0.166667 0 0 0.166667 0 0 0.166667 0 0 0 0 0 0 0 0.4 0.2 0 0 0 0 0.2 0 0 0.2 0 0 0 0 0 0 0 0.5 0.25 0 0 0 0 0 0.25 0 0 0 0 0 0 0 0.333333 0 0.333333 0 0 0 0 0 0 0.333333 0 0 0 0 0 0 
AGAACACT 0.333333 0.166667 0 0.166667 0 0.166667 0 0 0.166667 0 0 0 0 0 0 0 0.4 0.2 0 0 0 0 0 0.2 0 0.2 0 0 0 0 0 0 0 0.5 0 0.25 0 0 0 0 0.25 0 0 0 0 0 0 0 0.333333 0 0 0.333333 0 0 0 0 0 0.333333 0 0 0 0 0 0 
AGAACATA 0.5 0.166667 0 0 0 0 0 0.166667 0.166667 0 0 0 0 0 0 0 0.4 0 0 0.2 0.2 0 0 0 0 0.2 0 0 0 0 0 0 0.25 0.25 0 0.25 0 0 0 0 0.25 0 0 0 0 0 0 0 0.666667 0 0 0 0 0 0 0 0 0 0 0.333333 0 0 0 0 
AGAACATC 0.333333 0.333333 0 0 0 0 0 0.166667 0.166667 0 0 0 0 0 0 0 0.4 0 0 0.2 0 0.2 0 0 0 0.2 0 0 0 0 0 0 0 0.5 0 0.25 0 0 0 0 0.25 0 0 0 0 0 0 0 0.333333 0.333333 0 0 0 0 0 0 0 0 0 0.333333 0 0 0 0 
AGAACATG 0.333333 0.166667 0.166667 0 0 0 0 0.166667 0.166667 0 0 0 0 0 0 0 0.4 0 0 0.2 0 0 0.2 0 0 0.2 0 0 0 0 0 0 0 0.25 0.25 0.25 0 0 0 0 0.25 0 0 0 0 0 0 0 0.333333 0 0.333333 0 0 0 0 0 0 0 0 0.333333 0 0 0 0 
AGAACGAA 0.166667 0.166667 0.166667 0 0.166667 0 0 0 0.333333 0 0 0 0 0 0 0 0.4 0 0.2 0 0.2 0 0 0 0 0.2 0 0 0 0 0 0 0.5 0.25 0 0 0 0 0 0 0 0 0.25 0 0 0 0 0 0.333333 0 0.333333 0 0 0 0 0 0.333333 0 0 0 0 0 0 0 
AGAACGCG 0.166667 0.166667 0.166667 0 0 0.166667 0 0 0.166667 0 0.166667 0 0 0 0 0 0.2 0.2 0.2 0 0 0 0.2 0 0 0.2 0 0 0 0 0 0 0 0.5 0.25 0 0 0 0 0 0 0 0.25 0 0 0 0 0 0 0 0.666667 0 0 0 0 0 0 0.333333 0 0 0 0 0 0 
AGAACGTC 0.166667 0.166667 0.166667 0 0 0 0 0.166667 0.166667 0.166667 0 0 0 0 0 0 0.2 0 0.2 0.2 0 0.2 0 0 0 0.2 0 0 0 0 0 0 0 0.5 0 0.25 0 0 0 0 0 0 0.25 0 0 0 0 0 0 0.333333 0.333333 0 0 0 0 0 0 0 0 0.333333 0 0 0 0 
AGAAGAAC 0.333333 0.166667 0.166667 0 0 0 0 0 0.333333 0 0 0 0 0 0 0 0.6 0 0 0 0 0 0 0 0 0.2 0.2 0 0 0 0 0 0.25 0.25 0.25 0 0 0 0 0 0.25 0 0 0 0 0 0 0 0.333333 0.333333 0 0 0 0 0 0 0.333333 0 0 0 0 0 0 0 
AGAAGAAT 0.333333 0 0.166667 0.166667 0 0 0 0 0.333333 0 0 0 0 0 0 0 0.6 0 0 0 0 0 0 0 0 0 0.2 0.2 0 0 0 0 0.25 0 0.25 0.25 0 0 0 0 0.25 0 0 0 0 0 0 0 0.333333 0 0 0.333333 0 0 0 0 0.333333 0 0 0 0 0 0 0 
AGAAGGAA 0.166667 0 0.333333 0 0 0 0 0 0.5 0 0 0 0 0 0 0 0.4 0 0.2 0 0 0 0 0 0.2 0 0.2 0 0 0 0 0 0.5 0 0.25 0 0 0 0 0 0 0 0.25 0 0 0 0 0 0.333333 0 0.333333 0 0 0 0 0 0.333333 0 0 0 0 0 0 0 
AGACAGAA 0.5 0 0 0 0 0 0.166667 0 0.166667 0.166667 0 0 0 0 0 0 0.2 0.2 0.2 0 0.2 0 0 0 0.2 0 0 0 0 0 0 0 0.5 0 0 0 0.25 0 0 0 0 0 0.25 0 0 0 0 0 0.333333 0 0.333333 0 0 0 0 0 0.333333 0 0 0 0 0 0 0 
AGAGAACA 0.5 0.166667 0 0 0 0 0 0 0.166667 0 0.166667 0 0 0 0 0 0.4 0 0.2 0 0 0 0 0 0.2 0.2 0 0 0 0 0 0 0.25 0.25 0 0 0 0 0 0 0.5 0 0 0 0 0 0 0 0.666667 0 0 0 0 0 0 0 0 0.333333 0 0 0 0 0 0 
AGAGAACG 0.333333 0.166667 0.166667 0 0 0 0 0 0.166667 0 0.166667 0 0 0 0 0 0.2 0 0.4 0 0 0 0 0 0.2 0.2 0 0 0 0 0 0 0.25 0.25 0 0 0 0 0 0 0.25 0 0.25 0 0 0 0 0 0.333333 0 0.333333 0 0 0 0 0 0 0.333333 0 0 0 0 0 0 
AGAGAAGC 0.333333 0.166667 0.166667 0 0 0 0 0 0.166667 0 0.166667 0 0 0 0 0 0.2 0.2 0.2 0 0 0 0 0 0.2 0 0.2 0 0 0 0 0 0.25 0 0.25 0 0 0 0 0 0.25 0.25 0 0 0 0 0 0 0.333333 0.333333 0 0 0 0 0 0 0 0 0.333333 0 0 0 0 0 
AGAGAAGG 0.333333 0 0.333333 0 0 0 0 0 0.166667 0 0.166667 0 0 0 0 0 0.2 0 0.4 0 0 0 0 0 0.2 0 0.2 0 0 0 0 0 0.25 0 0.25 0 0 0 0 0 0.25 0 0.25 0 0 0 0 0 0.333333 0 0.333333 0 0 0 0 0 0 0 0.333333 0 0 0 0 0 
AGAGAATA 0.5 0 0 0.166667 0 0 0 0 0.166667 0 0.166667 0 0 0 0 0 0.4 0 0.2 0 0 0 0 0 0.2 0 0 0.2 0 0 0 0 0.25 0 0 0.25 0 0 0 0 0.5 0 0 0 0 0 0 0 0.666667 0 0 0 0 0 0 0 0 0 0 0.333333 0 0 0 0 
AGAGAATC 0.333333 0.166667 0 0.166667 0 0 0 0 0.166667 0 0.166667 0 0 0 0 0 0.2 0.2 0.2 0 0 0 0 0 0.2 0 0 0.2 0 0 0 0 0.25 0 0 0.25 0 0 0 0 0.25 0.25 0 0 0 0 0 0 0.333333 0.333333 0 0 0 0 0 0 0 0 0 0.333333 0 0 0 0 
AGAGAGAA 0.5 0 0 0 0 0 0 0 0.166667 0 0.333333 0 0 0 0 0 0.2 0 0.4 0 0 0 0 0 0.4 0 0 0 0 0 0 0 0.5 0 0 0 0 0 0 0 0.25 0 0.25 0 0 0 0 0 0.333333 0 0.333333 0 0 0 0 0 0.333333 0 0 0 0 0 0 0 
AGATAGAA 0.5 0 0 0 0 0 0 0 0.166667 0 0 0.166667 0 0 0.166667 0 0.2 0 0.2 0.2 0 0 0 0 0.2 0 0 0 0.2 0 0 0 0.5 0 0 0 0 0 0 0 0 0 0.25 0 0.25 0 0 0 0.333333 0 0.333333 0 0 0 0 0 0.333333 0 0 0 0 0 0 0 
AGATTCTA 0.166667 0 0 0.166667 0.166667 0 0 0 0 0 0 0.166667 0 0.166667 0 0.166667 0 0.2 0 0.2 0 0 0 0 0 0 0 0.2 0.2 0 0 0.2 0 0 0 0.5 0 0 0 0 0 0.25 0 0 0.25 0 0 0 0.333333 0.333333 0 0 0 0 0 0 0 0 0 0.333333 0 0 0 0 
AGCGAACA 0.166667 0.333333 0 0 0.166667 0 0 0 0.166667 0 0.166667 0 0 0 0 0 0.2 0 0.2 0 0.2 0 0 0 0.2 0.2 0 0 0 0 0 0 0.25 0 0 0 0 0.25 0 0 0.5 0 0 0 0 0 0 0 0.333333 0 0 0 0.333333 0 0 0 0 0.333333 0 0 0 0 0 0 
AGGAACAC 0.166667 0.166667 0.166667 0 0 0.166667 0 0 0.333333 0 0 0 0 0 0 0 0.4 0.2 0 0 0 0 0 0 0.2 0.2 0 0 0 0 0 0 0.25 0.25 0 0 0 0 0 0 0.25 0.25 0 0 0 0 0 0 0 0.333333 0 0 0 0 0 0 0.333333 0.333333 0 0 0 0 0 0 
AGGGAACA 0.166667 0.166667 0.166667 0 0 0 0 0 0.333333 0 0.166667 0 0 0 0 0 0.2 0 0.2 0 0 0 0 0 0.4 0.2 0 0 0 0 0 0 0.25 0 0 0 0 0 0 0 0.5 0.25 0 0 0 0 0 0 0.333333 0 0 0 0 0 0 0 0.333333 0.333333 0 0 0 0 0 0 
AGGGAACG 0 0.166667 0.333333 0 0 0 0 0 0.333333 0 0.166667 0 0 0 0 0 0 0 0.4 0 0 0 0 0 0.4 0.2 0 0 0 0 0 0 0.25 0 0 0 0 0 0 0 0.25 0.25 0.25 0 0 0 0 0 0.333333 0 0 0 0 0 0 0 0 0.333333 0.333333 0 0 0 0 0 
AGGGAATA 0.166667 0 0.166667 0.166667 0 0 0 0 0.333333 0 0.166667 0 0 0 0 0 0.2 0 0.2 0 0 0 0 0 0.4 0 0 0.2 0 0 0 0 0.25 0 0 0 0 0 0 0 0.5 0 0 0.25 0 0 0 0 0.333333 0 0 0 0 0 0 0 0.333333 0 0 0.333333 0 0 0 0 
AGTGTTCC 0 0 0 0.166667 0 0 0 0 0 0 0.166667 0.166667 0 0.333333 0 0.166667 0 0 0.2 0 0 0 0 0 0 0.2 0 0.2 0 0.2 0 0.2 0 0 0 0.25 0 0 0 0 0 0.25 0 0.25 0 0.25 0 0 0 0 0 0.333333 0 0 0 0 0 0.333333 0 0 0 0.333333 0 0 
AGTTCTAT 0 0 0 0.166667 0.166667 0 0 0 0 0 0 0.166667 0 0.166667 0 0.333333 0 0 0 0.2 0 0 0 0.2 0 0.2 0 0 0.2 0 0 0.2 0 0.25 0 0 0 0 0 0 0 0 0 0.25 0.25 0 0 0.25 0 0 0 0.333333 0 0 0 0 0.333333 0 0 0 0 0 0 0.333333 
ATAAAGAA 0.5 0 0.166667 0 0 0 0 0 0.166667 0 0 0 0.166667 0 0 0 0.6 0 0.2 0 0 0 0 0 0 0 0 0 0.2 0 0 0 0.75 0 0 0 0 0 0 0 0 0 0 0 0 0 0.25 0 0.333333 0 0.333333 0 0 0 0 0 0 0 0 0 0.333333 0 0 0 
ATACAGAA 0.5 0 0 0 0 0 0.166667 0 0.166667 0 0 0 0 0.166667 0 0 0.2 0.2 0.2 0 0.2 0 0 0 0 0 0 0 0.2 0 0 0 0.5 0 0 0 0.25 0 0 0 0 0 0 0 0 0 0.25 0 0.333333 0 0.333333 0 0 0 0 0 0 0 0 0 0.333333 0 0 0 
ATAGAAAA 0.666667 0 0 0 0 0 0 0 0.166667 0 0 0 0 0 0.166667 0 0.4 0 0.2 0 0 0 0 0 0.2 0 0 0 0.2 0 0 0 0.5 0 0 0 0 0 0 0 0.25 0 0 0 0.25 0 0 0 0.666667 0 0 0 0 0 0 0 0 0 0 0 0.333333 0 0 0 
ATAGAAAC 0.5 0.166667 0 0 0 0 0 0 0.166667 0 0 0 0 0 0.166667 0 0.2 0.2 0.2 0 0 0 0 0 0.2 0 0 0 0.2 0 0 0 0.5 0 0 0 0 0 0 0 0 0.25 0 0 0.25 0 0 0 0.333333 0.333333 0 0 0 0 0 0 0 0 0 0 0.333333 0 0 0 
ATAGAAAT 0.5 0 0 0.166667 0 0 0 0 0.166667 0 0 0 0 0 0.166667 0 0.2 0 0.2 0.2 0 0 0 0 0.2 0 0 0 0.2 0 0 0 0.5 0 0 0 0 0 0 0 0 0 0 0.25 0.25 0 0 0 0.333333 0 0 0.333333 0 0 0 0 0 0 0 0 0.333333 0 0 0 
ATAGAACA 0.5 0.166667 0 0 0 0 0 0 0.166667 0 0 0 0 0 0.166667 0 0.4 0 0.2 0 0 0 0 0 0 0.2 0 0 0.2 0 0 0 0.25 0.25 0 0 0 0 0 0 0.25 0 0 0 0.25 0 0 0 0.666667 0 0 0 0 0 0 0 0 0 0 0 0 0.333333 0 0 
ATAGAACC 0.333333 0.333333 0 0 0 0 0 0 0.166667 0 0 0 0 0 0.166667 0 0.2 0.2 0.2 0 0 0 0 0 0 0.2 0 0 0.2 0 0 0 0.25 0.25 0 0 0 0 0 0 0 0.25 0 0 0.25 0 0 0 0.333333 0.333333 0 0 0 0 0 0 0 0 0 0 0 0.333333 0 0 
ATAGAACG 0.333333 0.166667 0.166667 0 0 0 0 0 0.166667 0 0 0 0 0 0.166667 0 0.2 0 0.4 0 0 0 0 0 0 0.2 0 0 0.2 0 0 0 0.25 0.25 0 0 0 0 0 0 0 0 0.25 0 0.25 0 0 0 0.333333 0 0.333333 0 0 0 0 0 0 0 0 0 0 0.333333 0 0 
ATAGAAGA 0.5 0 0.166667 0 0 0 0 0 0.166667 0 0 0 0 0 0.166667 0 0.4 0 0.2 0 0 0 0 0 0 0 0.2 0 0.2 0 0 0 0.25 0 0.25 0 0 0 0 0 0.25 0 0 0 0.25 0 0 0 0.666667 0 0 0 0 0 0 0 0 0 0 0 0 0 0.333333 0 
ATAGAAGC 0.333333 0.166667 0.166667 0 0 0 0 0 0.166667 0 0 0 0 0 0.166667 0 0.2 0.2 0.2 0 0 0 0 0 0 0 0.2 0 0.2 0 0 0 0.25 0 0.25 0 0 0 0 0 0 0.25 0 0 0.25 0 0 0 0.333333 0.333333 0 0 0 0 0 0 0 0 0 0 0 0 0.333333 0 
ATAGAAGG 0.333333 0 0.333333 0 0 0 0 0 0.166667 0 0 0 0 0 0.166667 0 0.2 0 0.4 0 0 0 0 0 0 0 0.2 0 0.2 0 0 0 0.25 0 0.25 0 0 0 0 0 0 0 0.25 0 0.25 0 0 0 0.333333 0 0.333333 0 0 0 0 0 0 0 0 0 0 0 0.333333 0 
ATAGAATA 0.5 0 0 0.166667 0 0 0 0 0.166667 0 0 0 0 0 0.166667 0 0.4 0 0.2 0 0 0 0 0 0 0 0 0.2 0.2 0 0 0 0.25 0 0 0.25 0 0 0 0 0.25 0 0 0 0.25 0 0 0 0.666667 0 0 0 0 0 0 0 0 0 0 0 0 0 0 0.333333 
ATAGAATC 0.333333 0.166667 0 0.166667 0 0 0 0 0.166667 0 0 0 0 0 0.166667 0 0.2 0.2 0.2 0 0 0 0 0 0 0 0 0.2 0.2 0 0 0 0.25 0 0 0.25 0 0 0 0 0 0.25 0 0 0.25 0 0 0 0.333333 0.333333 0 0 0 0 0 0 0 0 0 0 0 0 0 0.333333 
ATAGAATG 0.333333 0 0.166667 0.166667 0 0 0 0 0.166667 0 0 0 0 0 0.166667 0 0.2 0 0.4 0 0 0 0 0 0 0 0 0.2 0.2 0 0 0 0.25 0 0 0.25 0 0 0 0 0 0 0.25 0 0.25 0 0 0 0.333333 0 0.333333 0 0 0 0 0 0 0 0 0 0 0 0 0.333333 
ATAGAGAA 0.5 0 0 0 0 0 0 0 0.166667 0 0.166667 0 0 0 0.166667 0 0.2 0 0.4 0 0 0 0 0 0.2 0 0 0 0.2 0 0 0 0.5 0 0 0 0 0 0 0 0.25 0 0 0 0 0 0.25 0 0.333333 0 0.333333 0 0 0 0 0 0 0 0 0 0.333333 0 0 0 
ATATAGAA 0.5 0 0 0 0 0 0 0 0.166667 0 0 0 0 0 0.166667 0.166667 0.2 0 0.2 0.2 0 0 0 0 0 0 0 0 0.4 0 0 0 0.5 0 0 0 0 0 0 0 0 0 0 0 0.25 0 0.25 0 0.333333 0 0.333333 0 0 0 0 0 0 0 0 0 0.333333 0 0 0 
ATCGAACA 0.166667 0.333333 0 0 0.166667 0 0 0 0.166667 0 0 0 0 0 0.166667 0 0.2 0 0.2 0 0.2 0 0 0 0 0.2 0 0 0.2 0 0 0 0.25 0 0 0 0 0.25 0 0 0.25 0 0 0 0.25 0 0 0 0.333333 0 0 0 0.333333 0 0 0 0 0 0 0 0 0.333333 0 0 
ATCGAACC 0 0.5 0 0 0.166667 0 0 0 0.166667 0 0 0 0 0 0.166667 0 0 0.2 0.2 0 0.2 0 0 0 0 0.2 0 0 0.2 0 0 0 0.25 0 0 0 0 0.25 0 0 0 0.25 0 0 0.25 0 0 0 0.333333 0 0 0 0 0.333333 0 0 0 0 0 0 0 0.333333 0 0 
ATCGAACG 0 0.333333 0.166667 0 0.166667 0 0 0 0.166667 0 0 0 0 0 0.166667 0 0 0 0.4 0 0.2 0 0 0 0 0.2 0 0 0.2 0 0 0 0.25 0 0 0 0 0.25 0 0 0 0 0.25 0 0.25 0 0 0 0.333333 0 0 0 0 0 0.333333 0 0 0 0 0 0 0.333333 0 0 
ATCGAAGC 0 0.333333 0.166667 0 0.166667 0 0 0 0.166667 0 0 0 0 0 0.166667 0 0 0.2 0.2 0 0.2 0 0 0 0 0 0.2 0 0.2 0 0 0 0.25 0 0 0 0 0 0.25 0 0 0.25 0 0 0.25 0 0 0 0.333333 0 0 0 0 0.333333 0 0 0 0 0 0 0 0 0.333333 0 
ATCGAAGG 0 0.166667 0.333333 0 0.166667 0 0 0 0.166667 0 0 0 0 0 0.166667 0 0 0 0.4 0 0.2 0 0 0 0 0 0.2 0 0.2 0 0 0 0.25 0 0 0 0 0 0.25 0 0 0 0.25 0 0.25 0 0 0 0.333333 0 0 0 0 0 0.333333 0 0 0 0 0 0 0 0.333333 0 
ATCGAATA 0.166667 0.166667 0 0.166667 0.166667 0 0 0 0.166667 0 0 0 0 0 0.166667 0 0.2 0 0.2 0 0.2 0 0 0 0 0 0 0.2 0.2 0 0 0 0.25 0 0 0 0 0 0 0.25 0.25 0 0 0 0.25 0 0 0 0.333333 0 0 0 0.333333 0 0 0 0 0 0 0 0 0 0 0.333333 
ATCGAATC 0 0.333333 0 0.166667 0.166667 0 0 0 0.166667 0 0 0 0 0 0.166667 0 0 0.2 0.2 0 0.2 0 0 0 0 0 0 0.2 0.2 0 0 0 0.25 0 0 0 0 0 0 0.25 0 0.25 0 0 0.25 0 0 0 0.333333 0 0 0 0 0.333333 0 0 0 0 0 0 0 0 0 0.333333 
ATGGAACA 0.166667 0.166667 0.166667 0 0 0 0 0 0.333333 0 0 0 0 0 0.166667 0 0.2 0 0.2 0 0 0 0 0 0.2 0.2 0 0 0.2 0 0 0 0.25 0 0 0 0 0 0 0 0.25 0.25 0 0 0.25 0 0 0 0.333333 0 0 0 0 0 0 0 0.333333 0 0 0 0 0.333333 0 0 
ATGGAACC 0 0.333333 0.166667 0 0 0 0 0 0.333333 0 0 0 0 0 0.166667 0 0 0.2 0.2 0 0 0 0 0 0.2 0.2 0 0 0.2 0 0 0 0.25 0 0 0 0 0 0 0 0 0.5 0 0 0.25 0 0 0 0.333333 0 0 0 0 0 0 0 0 0.333333 0 0 0 0.333333 0 0 
ATGGAACG 0 0.166667 0.333333 0 0 0 0 0 0.333333 0 0 0 0 0 0.166667 0 0 0 0.4 0 0 0 0 0 0.2 0.2 0 0 0.2 0 0 0 0.25 0 0 0 0 0 0 0 0 0.25 0.25 0 0.25 0 0 0 0.333333 0 0 0 0 0 0 0 0 0 0.333333 0 0 0.333333 0 0 
ATGGAAGG 0 0 0.5 0 0 0 0 0 0.333333 0 0 0 0 0 0.166667 0 0 0 0.4 0 0 0 0 0 0.2 0 0.2 0 0.2 0 0 0 0.25 0 0 0 0 0 0 0 0 0 0.5 0 0.25 0 0 0 0.333333 0 0 0 0 0 0 0 0 0 0.333333 0 0 0 0.333333 0 
ATGGAATA 0.166667 0 0.166667 0.166667 0 0 0 0 0.333333 0 0 0 0 0 0.166667 0 0.2 0 0.2 0 0 0 0 0 0.2 0 0 0.2 0.2 0 0 0 0.25 0 0 0 0 0 0 0 0.25 0 0 0.25 0.25 0 0 0 0.333333 0 0 0 0 0 0 0 0.333333 0 0 0 0 0 0 0.333333 
ATGGAATC 0 0.166667 0.166667 0.166667 0 0 0 0 0.333333 0 0 0 0 0 0.166667 0 0 0.2 0.2 0 0 0 0 0 0.2 0 0 0.2 0.2 0 0 0 0.25 0 0 0 0 0 0 0 0 0.25 0 0.25 0.25 0 0 0 0.333333 0 0 0 0 0 0 0 0 0.333333 0 0 0 0 0 0.333333 
ATGTTCTA 0 0 0.166667 0 0.166667 0 0 0 0 0 0 0.166667 0 0.166667 0 0.333333 0 0 0 0.2 0 0 0 0 0 0.2 0 0 0.2 0 0 0.4 0 0 0 0.25 0 0 0 0 0 0 0 0.25 0.25 0.25 0 0 0 0.333333 0 0 0 0 0 0 0.333333 0 0 0 0 0 0 0.333333 
ATGTTCTG 0 0 0.166667 0 0 0 0.166667 0 0 0 0 0.166667 0 0.166667 0 0.333333 0 0 0 0.2 0 0 0 0 0 0.2 0 0 0 0 0.2 0.4 0 0 0 0.25 0 0 0 0 0 0 0 0.25 0 0.25 0.25 0 0 0.333333 0 0 0 0 0 0 0 0 0.333333 0 0 0 0 0.333333 
ATTCCATA 0.166667 0 0 0.166667 0.166667 0 0 0.166667 0 0 0 0 0 0.333333 0 0 0 0.2 0 0 0.2 0 0 0.2 0 0 0 0 0.2 0.2 0 0 0 0.25 0 0 0.25 0 0 0 0 0 0 0 0.25 0 0 0.25 0.333333 0 0 0 0 0 0 0 0 0 0 0 0.333333 0 0 0.333333 
ATTCCTTC 0 0 0 0.166667 0 0 0 0.333333 0 0 0 0 0 0.5 0 0 0 0.2 0 0 0 0.2 0 0.2 0 0 0 0 0 0.2 0 0.2 0 0.25 0 0 0 0.25 0 0 0 0 0 0 0 0 0 0.5 0 0 0 0.333333 0 0 0 0 0 0 0 0 0 0.333333 0 0.333333 
ATTCGATA 0.166667 0 0 0.166667 0.166667 0 0 0 0 0 0 0.166667 0 0.166667 0.166667 0 0 0.2 0 0 0 0 0 0.2 0.2 0 0 0 0.2 0 0.2 0 0 0 0.25 0 0.25 0 0 0 0 0 0 0 0.25 0 0 0.25 0.333333 0 0 0 0 0 0 0 0 0 0 0 0.333333 0 0 0.333333 
ATTCGATG 0 0 0.166667 0.166667 0.166667 0 0 0 0 0 0 0.166667 0 0.166667 0.166667 0 0 0.2 0 0 0 0 0 0.2 0 0 0.2 0 0.2 0 0.2 0 0 0 0.25 0 0 0 0.25 0 0 0 0 0 0.25 0 0 0.25 0.333333 0 0 0 0 0 0 0 0 0 0 0 0 0 0.333333 0.333333 
ATTCGGTA 0 0 0 0.166667 0 0 0.166667 0 0.166667 0 0 0.166667 0 0.166667 0.166667 0 0 0.2 0 0 0 0 0 0.2 0.2 0 0 0 0 0 0.4 0 0 0 0.25 0 0.25 0 0 0 0 0 0 0 0 0 0.25 0.25 0 0 0.333333 0 0 0 0 0 0 0 0 0 0.333333 0 0 0.333333 
ATTCGGTG 0 0 0 0.166667 0 0 0.166667 0 0 0 0.166667 0.166667 0 0.166667 0.166667 0 0 0.2 0 0 0 0 0 0.2 0 0 0.2 0 0 0 0.4 0 0 0 0.25 0 0 0 0.25 0 0 0 0 0 0 0 0.25 0.25 0 0 0.333333 0 0 0 0 0 0 0 0 0 0 0 0.333333 0.333333 
ATTCGTTC 0 0 0 0.166667 0 0 0 0.166667 0 0 0 0.166667 0 0.333333 0.166667 0 0 0.2 0 0 0 0 0 0.2 0 0.2 0 0 0 0 0.2 0.2 0 0 0.25 0 0 0.25 0 0 0 0 0 0 0 0 0 0.5 0 0 0 0.333333 0 0 0 0 0 0 0 0 0 0.333333 0 0.333333 
ATTCTACG 0 0 0.166667 0.166667 0.166667 0 0 0 0 0 0 0 0 0.333333 0 0.166667 0 0.2 0 0 0 0.2 0 0 0 0 0 0 0.2 0 0.2 0.2 0 0 0 0.25 0 0 0.25 0 0 0 0 0 0.25 0.25 0 0 0.333333 0 0 0 0 0 0 0 0 0 0 0 0 0.333333 0.333333 0 
ATTCTATA 0.166667 0 0 0.166667 0.166667 0 0 0 0 0 0 0 0 0.166667 0 0.333333 0 0.2 0 0 0 0 0 0.2 0 0 0 0 0.4 0 0 0.2 0 0 0 0.25 0.25 0 0 0 0 0 0 0 0.25 0 0 0.25 0.333333 0 0 0 0 0 0 0 0 0 0 0 0.333333 0 0 0.333333 
ATTCTATC 0 0.166667 0 0.166667 0.166667 0 0 0 0 0 0 0 0 0.166667 0 0.333333 0 0.2 0 0 0 0 0 0.2 0 0 0 0 0.2 0.2 0 0.2 0 0 0 0.25 0 0.25 0 0 0 0 0 0 0.25 0 0 0.25 0.333333 0 0 0 0 0 0 0 0 0 0 0 0 0.333333 0 0.333333 
ATTCTATG 0 0 0.166667 0.166667 0.166667 0 0 0 0 0 0 0 0 0.166667 0 0.333333 0 0.2 0 0 0 0 0 0.2 0 0 0 0 0.2 0 0.2 0.2 0 0 0 0.25 0 0 0.25 0 0 0 0 0 0.25 0 0 0.25 0.333333 0 0 0 0 0 0 0 0 0 0 0 0 0 0.333333 0.333333 
ATTCTCTA 0 0 0 0.166667 0.166667 0.166667 0 0 0 0 0 0 0 0.166667 0 0.333333 0 0.2 0 0 0 0 0 0.2 0 0 0 0 0.2 0.2 0 0.2 0 0 0 0.25 0.25 0 0 0 0 0 0 0 0 0.25 0 0.25 0 0.333333 0 0 0 0 0 0 0 0 0 0 0.333333 0 0 0.333333 
ATTCTGTG 0 0 0 0.166667 0 0 0.166667 0 0 0 0.166667 0 0 0.166667 0 0.333333 0 0.2 0 0 0 0 0 0.2 0 0 0 0 0 0 0.4 0.2 0 0 0 0.25 0 0 0.25 0 0 0 0 0 0 0 0.25 0.25 0 0 0.333333 0 0 0 0 0 0 0 0 0 0 0 0.333333 0.333333 
ATTCTTTA 0 0 0 0.166667 0 0 0 0.166667 0 0 0 0 0.166667 0.166667 0 0.333333 0 0.2 0 0 0 0 0 0.2 0 0 0 0 0.2 0 0 0.4 0 0 0 0.25 0.25 0 0 0 0 0 0 0 0 0 0 0.5 0 0 0 0.333333 0 0 0 0 0 0 0 0 0.333333 0 0 0.333333 
ATTCTTTC 0 0 0 0.166667 0 0 0 0.166667 0 0 0 0 0 0.333333 0 0.333333 0 0.2 0 0 0 0 0 0.2 0 0 0 0 0 0.2 0 0.4 0 0 0 0.25 0 0.25 0 0 0 0 0 0 0 0 0 0.5 0 0 0 0.333333 0 0 0 0 0 0 0 0 0 0.333333 0 0.333333 
ATTGTTCG 0 0 0 0.166667 0 0 0 0 0 0 0 0.166667 0 0.166667 0.333333 0.166667 0 0 0.2 0 0 0 0 0 0 0.2 0 0 0 0 0.2 0.4 0 0 0 0.25 0 0 0 0 0 0 0.25 0 0 0.25 0 0.25 0 0 0 0.333333 0 0 0 0 0 0 0 0 0 0.333333 0.333333 0 
CAAAGAAC 0.333333 0.166667 0.166667 0 0.166667 0 0 0 0.166667 0 0 0 0 0 0 0 0.4 0 0.2 0 0.2 0 0 0 0 0.2 0 0 0 0 0 0 0.5 0.25 0 0 0 0 0.25 0 0 0 0 0 0 0 0 0 0.333333 0.333333 0 0 0.333333 0 0 0 0 0 0 0 0 0 0 0 
CAAGGAAC 0 0.166667 0.333333 0 0.166667 0 0 0 0.333333 0 0 0 0 0 0 0 0.2 0 0.2 0 0 0 0.2 0 0.2 0.2 0 0 0 0 0 0 0.5 0 0 0 0 0 0.25 0 0 0.25 0 0 0 0 0 0 0.333333 0.333333 0 0 0.333333 0 0 0 0 0 0 0 0 0 0 0 
CAATAGAA 0.333333 0 0 0.166667 0.166667 0 0 0 0.166667 0 0 0 0 0 0.166667 0 0.4 0 0.2 0 0 0 0 0.2 0 0 0 0 0.2 0 0 0 0.25 0 0.25 0 0.25 0 0 0 0 0 0 0 0.25 0 0 0 0.666667 0 0 0 0 0 0.333333 0 0 0 0 0 0 0 0 0 
CACAGAAC 0.333333 0.166667 0 0 0 0.166667 0.166667 0 0.166667 0 0 0 0 0 0 0 0.2 0 0.2 0 0.4 0 0 0 0 0.2 0 0 0 0 0 0 0.25 0.25 0 0 0.25 0 0.25 0 0 0 0 0 0 0 0 0 0.333333 0 0 0 0.333333 0.333333 0 0 0 0 0 0 0 0 0 0 
CACAGAAG 0.333333 0 0.166667 0 0 0.166667 0.166667 0 0.166667 0 0 0 0 0 0 0 0.2 0 0.2 0 0.4 0 0 0 0 0 0.2 0 0 0 0 0 0.25 0 0.25 0 0.25 0 0.25 0 0 0 0 0 0 0 0 0 0.333333 0 0 0 0.333333 0 0.333333 0 0 0 0 0 0 0 0 0 
CACCGAAC 0 0.333333 0 0 0.166667 0.166667 0.166667 0 0.166667 0 0 0 0 0 0 0 0 0 0.2 0 0.4 0.2 0 0 0 0.2 0 0 0 0 0 0 0.25 0 0 0 0.25 0.25 0.25 0 0 0 0 0 0 0 0 0 0.333333 0 0 0 0.333333 0.333333 0 0 0 0 0 0 0 0 0 0 
CACCGAAG 0 0.166667 0.166667 0 0.166667 0.166667 0.166667 0 0.166667 0 0 0 0 0 0 0 0 0 0.2 0 0.4 0.2 0 0 0 0 0.2 0 0 0 0 0 0.25 0 0 0 0.25 0 0.5 0 0 0 0 0 0 0 0 0 0.333333 0 0 0 0.333333 0 0.333333 0 0 0 0 0 0 0 0 0 
CAGAACAA 0.333333 0.166667 0 0 0.166667 0 0.166667 0 0.166667 0 0 0 0 0 0 0 0.6 0 0 0 0.2 0 0 0 0 0.2 0 0 0 0 0 0 0.25 0.25 0 0 0.25 0 0 0 0.25 0 0 0 0 0 0 0 0.333333 0 0 0 0 0.333333 0 0 0.333333 0 0 0 0 0 0 0 
CAGAACAC 0.333333 0.166667 0 0 0 0.166667 0.166667 0 0.166667 0 0 0 0 0 0 0 0.4 0.2 0 0 0.2 0 0 0 0 0.2 0 0 0 0 0 0 0 0.5 0 0 0.25 0 0 0 0.25 0 0 0 0 0 0 0 0.333333 0 0 0 0 0.333333 0 0 0 0.333333 0 0 0 0 0 0 
CAGAGAAC 0.333333 0.166667 0 0 0 0 0.166667 0 0.166667 0 0.166667 0 0 0 0 0 0.2 0 0.2 0 0.2 0 0 0 0.2 0.2 0 0 0 0 0 0 0.25 0.25 0 0 0 0 0.25 0 0.25 0 0 0 0 0 0 0 0.333333 0 0 0 0.333333 0 0 0 0 0.333333 0 0 0 0 0 0 
CAGGGAAC 0 0.166667 0.166667 0 0 0 0.166667 0 0.333333 0 0.166667 0 0 0 0 0 0 0 0.2 0 0 0 0.2 0 0.4 0.2 0 0 0 0 0 0 0.25 0 0 0 0 0 0.25 0 0.25 0.25 0 0 0 0 0 0 0.333333 0 0 0 0.333333 0 0 0 0 0.333333 0 0 0 0 0 0 
CATAGAAA 0.5 0 0 0 0 0 0 0.166667 0.166667 0 0 0 0 0 0.166667 0 0.2 0 0.2 0 0.2 0 0 0 0.2 0 0 0 0.2 0 0 0 0.5 0 0 0 0 0 0.25 0 0 0 0 0 0.25 0 0 0 0.333333 0 0 0 0.333333 0 0 0 0 0 0 0 0.333333 0 0 0 
CATAGAAC 0.333333 0.166667 0 0 0 0 0 0.166667 0.166667 0 0 0 0 0 0.166667 0 0.2 0 0.2 0 0.2 0 0 0 0 0.2 0 0 0.2 0 0 0 0.25 0.25 0 0 0 0 0.25 0 0 0 0 0 0.25 0 0 0 0.333333 0 0 0 0.333333 0 0 0 0 0 0 0 0 0.333333 0 0 
CATAGAAG 0.333333 0 0.166667 0 0 0 0 0.166667 0.166667 0 0 0 0 0 0.166667 0 0.2 0 0.2 0 0.2 0 0 0 0 0 0.2 0 0.2 0 0 0 0.25 0 0.25 0 0 0 0.25 0 0 0 0 0 0.25 0 0 0 0.333333 0 0 0 0.333333 0 0 0 0 0 0 0 0 0 0.333333 0 
CATCGAAC 0 0.333333 0 0 0.166667 0 0 0.166667 0.166667 0 0 0 0 0 0.166667 0 0 0 0.2 0 0.2 0.2 0 0 0 0.2 0 0 0.2 0 0 0 0.25 0 0 0 0 0.25 0.25 0 0 0 0 0 0.25 0 0 0 0.333333 0 0 0 0.333333 0 0 0 0 0 0 0 0 0.333333 0 0 
CATGGAAC 0 0.166667 0.166667 0 0 0 0 0.166667 0.333333 0 0 0 0 0 0.166667 0 0 0 0.2 0 0 0 0.2 0 0.2 0.2 0 0 0.2 0 0 0 0.25 0 0 0 0 0 0.25 0 0 0.25 0 0 0.25 0 0 0 0.333333 0 0 0 0.333333 0 0 0 0 0 0 0 0 0.333333 0 0 
CCACAGAA 0.333333 0 0 0 0.166667 0.166667 0.166667 0 0.166667 0 0 0 0 0 0 0 0.2 0 0.2 0 0.4 0.2 0 0 0 0 0 0 0 0 0 0 0.25 0 0 0 0.5 0 0.25 0 0 0 0 0 0 0 0 0 0.333333 0 0 0 0.333333 0 0.333333 0 0 0 0 0 0 0 0 0 
CCACCGAA 0 0.166667 0 0 0.333333 0.166667 0.166667 0 0.166667 0 0 0 0 0 0 0 0 0 0.2 0 0.4 0.4 0 0 0 0 0 0 0 0 0 0 0.25 0 0 0 0.25 0.25 0.25 0 0 0 0 0 0 0 0 0 0.333333 0 0 0 0.333333 0 0.333333 0 0 0 0 0 0 0 0 0 
CCATAGAA 0.333333 0 0 0 0.166667 0 0 0.166667 0.166667 0 0 0 0 0 0.166667 0 0.2 0 0.2 0 0.2 0 0 0.2 0 0 0 0 0.2 0 0 0 0.25 0 0 0 0.25 0 0.25 0 0 0 0 0 0.25 0 0 0 0.333333 0 0 0 0.333333 0 0.333333 0 0 0 0 0 0 0 0 0 
CCGTAGAA 0.166667 0 0 0 0 0 0.166667 0.166667 0.333333 0 0 0 0 0 0.166667 0 0.2 0 0 0 0.2 0 0 0.2 0 0 0.2 0 0.2 0 0 0 0 0 0 0 0.25 0 0.25 0 0.25 0 0 0 0.25 0 0 0 0 0 0 0 0.333333 0 0.333333 0 0.333333 0 0 0 0 0 0 0 
CGAAAGAA 0.333333 0 0.166667 0 0.166667 0 0 0 0.333333 0 0 0 0 0 0 0 0.4 0 0.2 0 0.2 0 0 0 0.2 0 0 0 0 0 0 0 0.5 0 0 0 0.25 0 0 0 0 0 0.25 0 0 0 0 0 0.333333 0 0 0 0 0 0.333333 0 0.333333 0 0 0 0 0 0 0 
CGAACACC 0.166667 0.333333 0 0 0.166667 0.166667 0 0 0.166667 0 0 0 0 0 0 0 0.2 0.2 0 0 0.2 0.2 0 0 0 0.2 0 0 0 0 0 0 0 0.5 0 0 0 0.25 0 0 0.25 0 0 0 0 0 0 0 0 0.333333 0 0 0.333333 0 0 0 0 0.333333 0 0 0 0 0 0 
CGAAGAAC 0.166667 0.166667 0.166667 0 0.166667 0 0 0 0.333333 0 0 0 0 0 0 0 0.4 0 0 0 0.2 0 0 0 0 0.2 0.2 0 0 0 0 0 0.25 0.25 0 0 0 0 0.25 0 0.25 0 0 0 0 0 0 0 0 0.333333 0 0 0.333333 0 0 0 0.333333 0 0 0 0 0 0 0 
CGAAGGAA 0 0 0.333333 0 0.166667 0 0 0 0.5 0 0 0 0 0 0 0 0.2 0 0.2 0 0.2 0 0 0 0.2 0 0.2 0 0 0 0 0 0.5 0 0 0 0 0 0.25 0 0 0 0.25 0 0 0 0 0 0.333333 0 0 0 0 0 0.333333 0 0.333333 0 0 0 0 0 0 0 
CGATAGAA 0.333333 0 0 0 0.166667 0 0 0 0.166667 0 0 0.166667 0 0 0.166667 0 0.2 0 0.2 0 0 0 0 0.2 0.2 0 0 0 0.2 0 0 0 0.25 0 0 0 0.25 0 0 0 0 0 0.25 0 0.25 0 0 0 0.333333 0 0 0 0 0 0.333333 0 0.333333 0 0 0 0 0 0 0 
CGCAGAAC 0.166667 0.166667 0 0 0 0.166667 0.166667 0 0.333333 0 0 0 0 0 0 0 0.2 0 0 0 0.4 0 0 0 0 0.2 0.2 0 0 0 0 0 0 0.25 0 0 0.25 0 0.25 0 0.25 0 0 0 0 0 0 0 0 0 0 0 0.333333 0.333333 0 0 0.333333 0 0 0 0 0 0 0 
CGGTGTTC 0 0 0 0 0 0 0.166667 0 0 0 0.166667 0.333333 0 0.166667 0 0.166667 0 0 0 0 0 0 0 0.2 0 0.2 0.2 0.2 0 0 0 0.2 0 0 0 0 0 0 0.25 0 0 0 0 0.5 0 0.25 0 0 0 0 0 0 0 0 0 0.333333 0 0.333333 0 0.333333 0 0 0 0 
CGTAGAAC 0.166667 0.166667 0 0 0 0 0 0.166667 0.333333 0 0 0 0 0 0.166667 0 0.2 0 0 0 0.2 0 0 0 0 0.2 0.2 0 0.2 0 0 0 0 0.25 0 0 0 0 0.25 0 0.25 0 0 0 0.25 0 0 0 0 0 0 0 0.333333 0 0 0 0.333333 0 0 0 0 0.333333 0 0 
CGTAGAAG 0.166667 0 0.166667 0 0 0 0 0.166667 0.333333 0 0 0 0 0 0.166667 0 0.2 0 0 0 0.2 0 0 0 0 0 0.4 0 0.2 0 0 0 0 0 0.25 0 0 0 0.25 0 0.25 0 0 0 0.25 0 0 0 0 0 0 0 0.333333 0 0 0 0.333333 0 0 0 0 0 0.333333 0 
CGTGGAAC 0 0.166667 0 0 0 0 0 0.166667 0.333333 0 0.166667 0 0 0 0.166667 0 0 0 0 0 0 0 0.2 0 0.2 0.2 0.2 0 0.2 0 0 0 0 0 0 0 0 0 0.25 0 0.25 0.25 0 0 0.25 0 0 0 0 0 0 0 0.333333 0 0 0 0.333333 0 0 0 0 0.333333 0 0 
CGTTCTAC 0 0 0 0 0.166667 0 0 0.166667 0 0 0 0.166667 0 0.333333 0 0.166667 0 0 0 0 0 0.2 0 0.2 0 0.2 0 0 0.2 0 0 0.2 0 0 0 0 0 0.25 0 0 0 0 0 0.25 0.25 0.25 0 0 0 0 0 0 0 0 0 0.333333 0.333333 0 0 0 0 0.333333 0 0 
CGTTCTGC 0 0 0 0 0 0 0.166667 0.166667 0 0 0 0.166667 0 0.333333 0 0.166667 0 0 0 0 0 0.2 0 0.2 0 0.2 0 0 0 0 0.2 0.2 0 0 0 0 0 0.25 0 0 0 0 0 0.25 0 0.25 0.25 0 0 0 0 0 0 0 0 0.333333 0 0 0.333333 0 0 0.333333 0 0 
CTAAAGAA 0.333333 0 0.166667 0 0.166667 0 0 0 0.166667 0 0 0 0.166667 0 0 0 0.4 0 0.2 0 0.2 0 0 0 0 0 0 0 0.2 0 0 0 0.5 0 0 0 0.25 0 0 0 0 0 0 0 0 0 0.25 0 0.333333 0 0 0 0 0 0.333333 0 0 0 0 0 0.333333 0 0 0 
CTACAGAA 0.333333 0 0 0 0.166667 0 0.166667 0 0.166667 0 0 0 0 0.166667 0 0 0.2 0 0.2 0 0.2 0.2 0 0 0 0 0 0 0.2 0 0 0 0.25 0 0 0 0.5 0 0 0 0 0 0 0 0 0 0.25 0 0.333333 0 0 0 0 0 0.333333 0 0 0 0 0 0.333333 0 0 0 
CTAGAGAA 0.333333 0 0 0 0.166667 0 0 0 0.166667 0 0.166667 0 0 0 0.166667 0 0.2 0 0.2 0 0 0 0.2 0 0.2 0 0 0 0.2 0 0 0 0.25 0 0 0 0.25 0 0 0 0.25 0 0 0 0 0 0.25 0 0.333333 0 0 0 0 0 0.333333 0 0 0 0 0 0.333333 0 0 0 
CTATAGAA 0.333333 0 0 0 0.166667 0 0 0 0.166667 0 0 0 0 0 0.166667 0.166667 0.2 0 0.2 0 0 0 0 0.2 0 0 0 0 0.4 0 0 0 0.25 0 0 0 0.25 0 0 0 0 0 0 0 0.25 0 0.25 0 0.333333 0 0 0 0 0 0.333333 0 0 0 0 0 0.333333 0 0 0 
CTATCGAA 0 0.166667 0 0 0.333333 0 0 0 0.166667 0 0 0 0 0 0.166667 0.166667 0 0 0.2 0 0.2 0 0 0.2 0 0 0 0 0.2 0.2 0 0 0.25 0 0 0 0 0.25 0 0 0 0 0 0 0.25 0 0.25 0 0.333333 0 0 0 0 0 0.333333 0 0 0 0 0 0.333333 0 0 0 
CTTCCTTC 0 0 0 0 0 0 0 0.5 0 0 0 0 0 0.5 0 0 0 0 0 0 0 0.4 0 0.2 0 0 0 0 0 0.2 0 0.2 0 0 0 0 0 0.5 0 0 0 0 0 0 0 0 0 0.5 0 0 0 0 0 0 0 0.333333 0 0 0 0 0 0.333333 0 0.333333 
CTTCGTTC 0 0 0 0 0 0 0 0.333333 0 0 0 0.166667 0 0.333333 0.166667 0 0 0 0 0 0 0.2 0 0.2 0 0.2 0 0 0 0 0.2 0.2 0 0 0 0 0 0.25 0.25 0 0 0 0 0 0 0 0 0.5 0 0 0 0 0 0 0 0.333333 0 0 0 0 0 0.333333 0 0.333333 
CTTCTATA 0.166667 0 0 0 0.166667 0 0 0.166667 0 0 0 0 0 0.166667 0 0.333333 0 0 0 0 0 0.2 0 0.2 0 0 0 0 0.4 0 0 0.2 0 0 0 0 0.25 0 0 0.25 0 0 0 0 0.25 0 0 0.25 0 0 0 0 0.333333 0 0 0 0 0 0 0 0.333333 0 0 0.333333 
CTTCTCTC 0 0 0 0 0 0.333333 0 0.166667 0 0 0 0 0 0.166667 0 0.333333 0 0 0 0 0 0.2 0 0.2 0 0 0 0 0 0.4 0 0.2 0 0 0 0 0 0.25 0 0.25 0 0 0 0 0 0.25 0 0.25 0 0 0 0 0 0.333333 0 0 0 0 0 0 0 0.333333 0 0.333333 
CTTCTGTA 0 0 0 0 0 0 0.166667 0.166667 0.166667 0 0 0 0 0.166667 0 0.333333 0 0 0 0 0 0.2 0 0.2 0 0 0 0 0.2 0 0.2 0.2 0 0 0 0 0.25 0 0 0.25 0 0 0 0 0 0 0.25 0.25 0 0 0 0 0 0 0.333333 0 0 0 0 0 0.333333 0 0 0.333333 
GAAAGAAC 0.333333 0.166667 0.166667 0 0 0 0 0 0.333333 0 0 0 0 0 0 0 0.4 0 0.2 0 0 0 0 0 0.2 0.2 0 0 0 0 0 0 0.5 0.25 0 0 0 0 0 0 0 0 0.25 0 0 0 0 0 0.333333 0.333333 0 0 0 0 0 0 0.333333 0 0 0 0 0 0 0 
GAACACAC 0.333333 0.166667 0 0 0 0.333333 0 0 0.166667 0 0 0 0 0 0 0 0.2 0.4 0 0 0.2 0 0 0 0 0.2 0 0 0 0 0 0 0.25 0.25 0 0 0 0.25 0 0 0.25 0 0 0 0 0 0 0 0.333333 0.333333 0 0 0 0 0 0 0 0.333333 0 0 0 0 0 0 
GAACACTC 0.166667 0.166667 0 0.166667 0 0.333333 0 0 0.166667 0 0 0 0 0 0 0 0.2 0.4 0 0 0 0 0 0.2 0 0.2 0 0 0 0 0 0 0 0.25 0 0.25 0 0.25 0 0 0.25 0 0 0 0 0 0 0 0 0.333333 0 0.333333 0 0 0 0 0 0.333333 0 0 0 0 0 0 
GAACAGAA 0.333333 0.166667 0 0 0 0 0.166667 0 0.333333 0 0 0 0 0 0 0 0.4 0 0.2 0 0.2 0 0 0 0 0.2 0 0 0 0 0 0 0.25 0 0.25 0 0.25 0 0 0 0.25 0 0 0 0 0 0 0 0.666667 0 0 0 0 0 0 0 0 0 0.333333 0 0 0 0 0 
GAACATTC 0.166667 0.166667 0 0.166667 0 0 0 0.166667 0.166667 0 0 0 0 0.166667 0 0 0.2 0.2 0 0.2 0 0 0 0.2 0 0.2 0 0 0 0 0 0 0 0 0 0.5 0 0.25 0 0 0.25 0 0 0 0 0 0 0 0 0.333333 0 0.333333 0 0 0 0 0 0 0 0.333333 0 0 0 0 
GAACGTTC 0 0.166667 0.166667 0 0 0 0 0.166667 0.166667 0 0 0.166667 0 0.166667 0 0 0 0 0.2 0.2 0 0 0 0.2 0 0.4 0 0 0 0 0 0 0 0 0 0.5 0 0.25 0 0 0 0 0.25 0 0 0 0 0 0 0.333333 0 0.333333 0 0 0 0 0 0 0 0.333333 0 0 0 0 
GAAGAACA 0.333333 0.166667 0.166667 0 0 0 0 0 0.333333 0 0 0 0 0 0 0 0.6 0 0 0 0 0 0 0 0 0.2 0.2 0 0 0 0 0 0.25 0.25 0 0 0 0 0 0 0.5 0 0 0 0 0 0 0 0.333333 0.333333 0 0 0 0 0 0 0.333333 0 0 0 0 0 0 0 
GAAGCTTC 0 0.166667 0.166667 0 0 0 0 0.166667 0.166667 0 0 0.166667 0 0.166667 0 0 0 0.2 0 0.2 0 0.2 0 0 0 0 0.2 0.2 0 0 0 0 0 0 0 0.5 0 0 0 0 0 0.5 0 0 0 0 0 0 0 0.333333 0 0.333333 0 0 0 0 0 0 0 0.333333 0 0 0 0 
GAAGGAAC 0 0.166667 0.333333 0 0 0 0 0 0.5 0 0 0 0 0 0 0 0.2 0 0.2 0 0 0 0 0 0.2 0.2 0.2 0 0 0 0 0 0.5 0 0 0 0 0 0 0 0 0.25 0.25 0 0 0 0 0 0.333333 0.333333 0 0 0 0 0 0 0.333333 0 0 0 0 0 0 0 
GAAGGGAA 0 0 0.333333 0 0 0 0 0 0.5 0 0.166667 0 0 0 0 0 0 0 0.4 0 0 0 0 0 0.4 0 0.2 0 0 0 0 0 0.25 0 0.25 0 0 0 0 0 0.25 0 0.25 0 0 0 0 0 0.666667 0 0 0 0 0 0 0 0 0 0.333333 0 0 0 0 0 
GAATAGAA 0.333333 0 0 0.166667 0 0 0 0 0.333333 0 0 0 0 0 0.166667 0 0.4 0 0.2 0 0 0 0 0 0 0 0 0.2 0.2 0 0 0 0.25 0 0.25 0 0 0 0 0 0.25 0 0 0 0.25 0 0 0 0.666667 0 0 0 0 0 0 0 0 0 0.333333 0 0 0 0 0 
GAATATTC 0.166667 0 0 0.333333 0 0 0 0 0.166667 0 0 0 0 0.166667 0 0.166667 0.2 0.2 0 0.2 0 0 0 0 0 0 0 0.2 0 0 0 0.2 0 0 0 0.5 0 0 0 0 0.25 0 0 0 0 0.25 0 0 0 0.333333 0 0.333333 0 0 0 0 0 0 0 0.333333 0 0 0 0 
GAATCGAA 0 0.166667 0 0.166667 0.166667 0 0 0 0.333333 0 0 0 0 0 0.166667 0 0 0.2 0.2 0 0.2 0 0 0 0 0 0 0.2 0.2 0 0 0 0.25 0 0.25 0 0 0 0 0 0 0.25 0 0 0.25 0 0 0 0.666667 0 0 0 0 0 0 0 0 0 0.333333 0 0 0 0 0 
GACAGAAC 0.333333 0.166667 0 0 0 0 0.166667 0 0.166667 0.166667 0 0 0 0 0 0 0.2 0 0.2 0 0.2 0 0 0 0.2 0.2 0 0 0 0 0 0 0.25 0.25 0 0 0.25 0 0 0 0 0 0.25 0 0 0 0 0 0.333333 0 0 0 0 0.333333 0 0 0.333333 0 0 0 0 0 0 0 
GAGAACAC 0.333333 0.166667 0 0 0 0.166667 0 0 0.166667 0 0.166667 0 0 0 0 0 0.4 0.2 0 0 0 0 0 0 0.2 0.2 0 0 0 0 0 0 0 0.5 0 0 0 0 0 0 0.5 0 0 0 0 0 0 0 0.333333 0 0 0 0 0 0 0 0 0.666667 0 0 0 0 0 0 
GAGAGAAC 0.333333 0.166667 0 0 0 0 0 0 0.166667 0 0.333333 0 0 0 0 0 0.2 0 0.2 0 0 0 0 0 0.4 0.2 0 0 0 0 0 0 0.25 0.25 0 0 0 0 0 0 0.25 0 0.25 0 0 0 0 0 0.333333 0 0 0 0 0 0 0 0.333333 0.333333 0 0 0 0 0 0 
GATAGAAA 0.5 0 0 0 0 0 0 0 0.166667 0 0 0.166667 0 0 0.166667 0 0.2 0 0.2 0 0 0 0 0 0.4 0 0 0 0.2 0 0 0 0.5 0 0 0 0 0 0 0 0 0 0.25 0 0.25 0 0 0 0.333333 0 0 0 0 0 0 0 0.333333 0 0 0 0.333333 0 0 0 
GATAGAAC 0.333333 0.166667 0 0 0 0 0 0 0.166667 0 0 0.166667 0 0 0.166667 0 0.2 0 0.2 0 0 0 0 0 0.2 0.2 0 0 0.2 0 0 0 0.25 0.25 0 0 0 0 0 0 0 0 0.25 0 0.25 0 0 0 0.333333 0 0 0 0 0 0 0 0.333333 0 0 0 0 0.333333 0 0 
GATCGAAC 0 0.333333 0 0 0.166667 0 0 0 0.166667 0 0 0.166667 0 0 0.166667 0 0 0 0.2 0 0.2 0 0 0 0 0.4 0 0 0.2 0 0 0 0.25 0 0 0 0 0.25 0 0 0 0 0.25 0 0.25 0 0 0 0.333333 0 0 0 0 0 0 0 0.333333 0 0 0 0 0.333333 0 0 
GATGGAAC 0 0.166667 0.166667 0 0 0 0 0 0.333333 0 0 0.166667 0 0 0.166667 0 0 0 0.2 0 0 0 0 0 0.2 0.2 0.2 0 0.2 0 0 0 0.25 0 0 0 0 0 0 0 0 0.25 0.25 0 0.25 0 0 0 0.333333 0 0 0 0 0 0 0 0.333333 0 0 0 0 0.333333 0 0 
GCAGAACA 0.333333 0.166667 0 0 0 0 0.166667 0 0.333333 0 0 0 0 0 0 0 0.4 0 0 0 0.2 0 0 0 0 0.2 0.2 0 0 0 0 0 0 0.25 0 0 0.25 0 0 0 0.5 0 0 0 0 0 0 0 0.333333 0 0 0 0 0.333333 0 0 0.333333 0 0 0 0 0 0 0 
GCATAGAA 0.333333 0 0 0 0 0 0 0.166667 0.333333 0 0 0 0 0 0.166667 0 0.2 0 0.2 0 0.2 0 0 0 0 0 0 0.2 0.2 0 0 0 0.25 0 0 0 0 0 0.25 0 0.25 0 0 0 0.25 0 0 0 0.333333 0 0 0 0.333333 0 0 0 0 0 0.333333 0 0 0 0 0 
GCGAAGAA 0.166667 0 0.166667 0 0.166667 0 0 0 0.333333 0 0.166667 0 0 0 0 0 0.4 0 0 0 0.2 0 0 0 0.2 0 0.2 0 0 0 0 0 0.25 0 0 0 0 0 0.25 0 0.5 0 0 0 0 0 0 0 0 0 0 0 0.333333 0 0 0 0.333333 0 0.333333 0 0 0 0 0 
GGAAAGAA 0.333333 0 0.166667 0 0 0 0 0 0.5 0 0 0 0 0 0 0 0.4 0 0.2 0 0 0 0 0 0.4 0 0 0 0 0 0 0 0.5 0 0 0 0 0 0 0 0.25 0 0.25 0 0 0 0 0 0.333333 0 0 0 0 0 0 0 0.333333 0 0.333333 0 0 0 0 0 
GGAACACA 0.333333 0.166667 0 0 0 0.166667 0 0 0.333333 0 0 0 0 0 0 0 0.2 0.2 0 0 0.2 0 0 0 0.2 0.2 0 0 0 0 0 0 0.25 0.25 0 0 0 0 0 0 0.25 0.25 0 0 0 0 0 0 0.333333 0 0 0 0 0 0 0 0.333333 0.333333 0 0 0 0 0 0 
GGAACACC 0.166667 0.333333 0 0 0 0.166667 0 0 0.333333 0 0 0 0 0 0 0 0.2 0.2 0 0 0 0.2 0 0 0.2 0.2 0 0 0 0 0 0 0 0.5 0 0 0 0 0 0 0.25 0.25 0 0 0 0 0 0 0 0.333333 0 0 0 0 0 0 0.333333 0.333333 0 0 0 0 0 0 
GGAAGGAA 0 0 0.333333 0 0 0 0 0 0.666667 0 0 0 0 0 0 0 0.2 0 0.2 0 0 0 0 0 0.4 0 0.2 0 0 0 0 0 0.5 0 0 0 0 0 0 0 0 0 0.5 0 0 0 0 0 0.333333 0 0 0 0 0 0 0 0.333333 0 0.333333 0 0 0 0 0 
GGAGAACA 0.333333 0.166667 0 0 0 0 0 0 0.333333 0 0.166667 0 0 0 0 0 0.4 0 0 0 0 0 0 0 0.2 0.2 0.2 0 0 0 0 0 0 0.25 0 0 0 0 0 0 0.75 0 0 0 0 0 0 0 0.333333 0 0 0 0 0 0 0 0.333333 0.333333 0 0 0 0 0 0 
GGATAGAA 0.333333 0 0 0 0 0 0 0 0.333333 0 0 0.166667 0 0 0.166667 0 0.2 0 0.2 0 0 0 0 0 0.2 0 0 0.2 0.2 0 0 0 0.25 0 0 0 0 0 0 0 0.25 0 0.25 0 0.25 0 0 0 0.333333 0 0 0 0 0 0 0 0.333333 0 0.333333 0 0 0 0 0 
GGGAACAC 0.166667 0.166667 0 0 0 0.166667 0 0 0.333333 0 0.166667 0 0 0 0 0 0.2 0.2 0 0 0 0 0 0 0.4 0.2 0 0 0 0 0 0 0 0.25 0 0 0 0 0 0 0.5 0.25 0 0 0 0 0 0 0 0 0 0 0 0 0 0 0.333333 0.666667 0 0 0 0 0 0 
GTAAAGAA 0.333333 0 0.166667 0 0 0 0 0 0.333333 0 0 0 0.166667 0 0 0 0.4 0 0.2 0 0 0 0 0 0.2 0 0 0 0.2 0 0 0 0.5 0 0 0 0 0 0 0 0.25 0 0 0 0 0 0.25 0 0.333333 0 0 0 0 0 0 0 0 0 0.333333 0 0.333333 0 0 0 
GTAGAACA 0.333333 0.166667 0 0 0 0 0 0 0.333333 0 0 0 0 0 0.166667 0 0.4 0 0 0 0 0 0 0 0 0.2 0.2 0 0.2 0 0 0 0 0.25 0 0 0 0 0 0 0.5 0 0 0 0.25 0 0 0 0.333333 0 0 0 0 0 0 0 0.333333 0 0 0 0 0.333333 0 0 
GTAGAATA 0.333333 0 0 0.166667 0 0 0 0 0.333333 0 0 0 0 0 0.166667 0 0.4 0 0 0 0 0 0 0 0 0 0.2 0.2 0.2 0 0 0 0 0 0 0.25 0 0 0 0 0.5 0 0 0 0.25 0 0 0 0.333333 0 0 0 0 0 0 0 0.333333 0 0 0 0 0 0 0.333333 
GTATAGAA 0.333333 0 0 0 0 0 0 0 0.333333 0 0 0 0 0 0.166667 0.166667 0.2 0 0.2 0 0 0 0 0 0 0 0 0.2 0.4 0 0 0 0.25 0 0 0 0 0 0 0 0.25 0 0 0 0.25 0 0.25 0 0.333333 0 0 0 0 0 0 0 0 0 0.333333 0 0.333333 0 0 0 
GTATTCTA 0 0 0 0.166667 0.166667 0 0 0 0.166667 0 0 0 0 0.166667 0 0.333333 0 0.2 0 0 0 0 0 0 0 0 0 0.2 0.2 0 0 0.4 0 0 0 0.25 0 0 0 0 0 0 0 0.25 0.25 0.25 0 0 0.333333 0 0 0 0 0 0 0 0 0.333333 0 0 0 0 0 0.333333 
GTGTTCCA 0 0 0 0 0.166667 0 0 0 0 0 0.166667 0.166667 0 0.333333 0 0.166667 0 0 0 0 0 0 0 0 0 0.2 0 0.2 0.2 0.2 0 0.2 0 0 0 0 0 0 0 0 0 0.25 0 0.25 0.25 0.25 0 0 0 0 0 0 0 0 0 0 0.333333 0.333333 0 0 0 0.333333 0 0 
GTGTTCGA 0 0 0 0 0.166667 0 0 0 0 0 0.166667 0.166667 0 0.166667 0.166667 0.166667 0 0 0 0 0 0 0 0 0 0.2 0 0.2 0.2 0 0.2 0.2 0 0 0 0 0 0 0 0 0 0 0.25 0.25 0.25 0.25 0 0 0 0 0 0 0 0 0 0 0.333333 0.333333 0 0 0 0 0.333333 0 
GTGTTCTA 0 0 0 0 0.166667 0 0 0 0 0 0.166667 0.166667 0 0.166667 0 0.333333 0 0 0 0 0 0 0 0 0 0.2 0 0.2 0.2 0 0 0.4 0 0 0 0 0 0 0 0 0 0 0 0.5 0.25 0.25 0 0 0 0 0 0 0 0 0 0 0.333333 0.333333 0 0 0 0 0 0.333333 
GTTCCATA 0.166667 0 0 0 0.166667 0 0 0.166667 0 0 0 0.166667 0 0.333333 0 0 0 0 0 0 0.2 0 0 0.2 0 0.2 0 0 0.2 0.2 0 0 0 0 0 0 0.25 0 0 0 0 0.25 0 0 0.25 0 0 0.25 0 0 0 0 0 0 0 0 0.333333 0 0 0 0.333333 0 0 0.333333 
GTTCCCTA 0 0 0 0 0.166667 0.166667 0 0.166667 0 0 0 0.166667 0 0.333333 0 0 0 0 0 0 0.2 0 0 0.2 0 0.2 0 0 0 0.4 0 0 0 0 0 0 0.25 0 0 0 0 0.25 0 0 0 0.25 0 0.25 0 0 0 0 0 0 0 0 0 0.333333 0 0 0.333333 0 0 0.333333 
GTTCCTTA 0 0 0 0 0 0 0 0.333333 0 0 0 0.166667 0.166667 0.333333 0 0 0 0 0 0 0.2 0 0 0.2 0 0.2 0 0 0 0.2 0 0.2 0 0 0 0 0.25 0 0 0 0 0.25 0 0 0 0 0 0.5 0 0 0 0 0 0 0 0 0 0 0 0.333333 0.333333 0 0 0.333333 
GTTCGATA 0.166667 0 0 0 0.166667 0 0 0 0 0 0 0.333333 0 0.166667 0.166667 0 0 0 0 0 0 0 0 0.2 0.2 0.2 0 0 0.2 0 0.2 0 0 0 0 0 0.25 0 0 0 0 0 0.25 0 0.25 0 0 0.25 0 0 0 0 0 0 0 0 0.333333 0 0 0 0.333333 0 0 0.333333 
GTTCGGTA 0 0 0 0 0 0 0.166667 0 0.166667 0 0 0.333333 0 0.166667 0.166667 0 0 0 0 0 0 0 0 0.2 0.2 0.2 0 0 0 0 0.4 0 0 0 0 0 0.25 0 0 0 0 0 0.25 0 0 0 0.25 0.25 0 0 0 0 0 0 0 0 0 0 0.333333 0 0.333333 0 0 0.333333 
GTTCTAAA 0.166667 0 0 0 0.166667 0 0 0 0 0 0 0.166667 0.166667 0.166667 0 0.166667 0 0 0 0 0.2 0 0 0 0 0.2 0 0 0.4 0 0 0.2 0 0 0 0 0.25 0 0 0 0 0 0 0.25 0.5 0 0 0 0 0 0 0 0 0 0 0 0.333333 0 0 0 0.666667 0 0 0 
GTTCTACA 0.166667 0 0 0 0.166667 0 0 0 0 0 0 0.166667 0 0.333333 0 0.166667 0 0 0 0 0 0.2 0 0 0 0.2 0 0 0.4 0 0 0.2 0 0 0 0 0.25 0 0 0 0 0 0 0.25 0.25 0.25 0 0 0 0 0 0 0 0 0 0 0.333333 0 0 0 0.333333 0.333333 0 0 
GTTCTATA 0.166667 0 0 0 0.166667 0 0 0 0 0 0 0.166667 0 0.166667 0 0.333333 0 0 0 0 0 0 0 0.2 0 0.2 0 0 0.4 0 0 0.2 0 0 0 0 0.25 0 0 0 0 0 0 0.25 0.25 0 0 0.25 0 0 0 0 0 0 0 0 0.333333 0 0 0 0.333333 0 0 0.333333 
GTTCTCTA 0 0 0 0 0.166667 0.166667 0 0 0 0 0 0.166667 0 0.166667 0 0.333333 0 0 0 0 0 0 0 0.2 0 0.2 0 0 0.2 0.2 0 0.2 0 0 0 0 0.25 0 0 0 0 0 0 0.25 0 0.25 0 0.25 0 0 0 0 0 0 0 0 0 0.333333 0 0 0.333333 0 0 0.333333 
GTTCTGTA 0 0 0 0 0 0 0.166667 0 0.166667 0 0 0.166667 0 0.166667 0 0.333333 0 0 0 0 0 0 0 0.2 0 0.2 0 0 0.2 0 0.2 0.2 0 0 0 0 0.25 0 0 0 0 0 0 0.25 0 0 0.25 0.25 0 0 0 0 0 0 0 0 0 0 0.333333 0 0.333333 0 0 0.333333 
GTTCTTCA 0 0 0 0 0 0 0 0.166667 0 0 0 0.166667 0.166667 0.333333 0 0.166667 0 0 0 0 0 0.2 0 0 0 0.2 0 0 0.2 0 0 0.4 0 0 0 0 0.25 0 0 0 0 0 0 0.25 0 0.25 0 0.25 0 0 0 0 0 0 0 0 0 0 0 0.333333 0.333333 0.333333 0 0 
GTTCTTTA 0 0 0 0 0 0 0 0.166667 0 0 0 0.166667 0.166667 0.166667 0 0.333333 0 0 0 0 0 0 0 0.2 0 0.2 0 0 0.2 0 0 0.4 0 0 0 0 0.25 0 0 0 0 0 0 0.25 0 0 0 0.5 0 0 0 0 0 0 0 0 0 0 0 0.333333 0.333333 0 0 0.333333 
TAAAAGAA 0.5 0 0.166667 0 0 0 0 0 0.166667 0 0 0 0.166667 0 0 0 0.6 0 0.2 0 0 0 0 0 0 0 0 0 0.2 0 0 0 0.5 0 0.25 0 0 0 0 0 0 0 0 0 0.25 0 0 0 0.666667 0 0 0 0 0 0 0 0 0 0 0 0 0 0.333333 0 
TAATAGAA 0.333333 0 0 0.166667 0 0 0 0 0.166667 0 0 0 0.166667 0 0.166667 0 0.4 0 0.2 0 0 0 0 0 0 0 0 0 0.2 0 0 0.2 0.25 0 0.25 0 0 0 0 0 0 0 0 0 0.5 0 0 0 0.666667 0 0 0 0 0 0 0 0 0 0 0 0 0 0.333333 0 
TAGAACAA 0.333333 0.166667 0 0 0.166667 0 0 0 0.166667 0 0 0 0 0 0.166667 0 0.6 0 0 0 0 0 0 0 0 0.2 0 0 0.2 0 0 0 0.25 0.25 0 0 0 0 0 0 0.25 0 0 0 0.25 0 0 0 0.333333 0 0 0 0 0 0 0 0.333333 0 0 0 0 0.333333 0 0 
TAGAAGAA 0.333333 0 0.166667 0 0 0 0 0 0.333333 0 0 0 0 0 0.166667 0 0.6 0 0 0 0 0 0 0 0 0 0.2 0 0.2 0 0 0 0.25 0 0.25 0 0 0 0 0 0.25 0 0 0 0.25 0 0 0 0.333333 0 0 0 0 0 0 0 0.333333 0 0 0 0 0 0.333333 0 
TATAGAAA 0.5 0 0 0 0 0 0 0 0.166667 0 0 0 0 0 0.166667 0.166667 0.2 0 0.2 0 0 0 0 0 0.2 0 0 0 0.4 0 0 0 0.5 0 0 0 0 0 0 0 0 0 0 0 0.25 0 0.25 0 0.333333 0 0 0 0 0 0 0 0 0 0 0 0.666667 0 0 0 
TCACCGAA 0 0.166667 0 0 0.166667 0.166667 0.166667 0 0.166667 0 0 0 0.166667 0 0 0 0 0 0.2 0 0.4 0.2 0 0 0 0 0 0 0 0.2 0 0 0.25 0 0 0 0.25 0 0.25 0 0 0 0 0 0 0.25 0 0 0.333333 0 0 0 0.333333 0 0 0 0 0 0 0 0 0 0.333333 0 
TCAGGGAA 0 0 0.166667 0 0 0 0.166667 0 0.333333 0 0.166667 0 0.166667 0 0 0 0 0 0.2 0 0 0 0.2 0 0.4 0 0 0 0 0 0.2 0 0.25 0 0 0 0 0 0.25 0 0.25 0 0 0 0 0 0.25 0 0.333333 0 0 0 0.333333 0 0 0 0 0 0 0 0 0 0.333333 0 
TCATAGAA 0.333333 0 0 0 0 0 0 0.166667 0.166667 0 0 0 0.166667 0 0.166667 0 0.2 0 0.2 0 0.2 0 0 0 0 0 0 0 0.2 0 0 0.2 0.25 0 0 0 0 0 0.25 0 0 0 0 0 0.5 0 0 0 0.333333 0 0 0 0.333333 0 0 0 0 0 0 0 0 0 0.333333 0 
TCATCGAA 0 0.166667 0 0 0.166667 0 0 0.166667 0.166667 0 0 0 0.166667 0 0.166667 0 0 0 0.2 0 0.2 0.2 0 0 0 0 0 0 0.2 0 0 0.2 0.25 0 0 0 0 0 0.25 0 0 0 0 0 0.25 0.25 0 0 0.333333 0 0 0 0.333333 0 0 0 0 0 0 0 0 0 0.333333 0 
TCATGGAA 0 0 0.166667 0 0 0 0 0.166667 0.333333 0 0 0 0.166667 0 0.166667 0 0 0 0.2 0 0 0 0.2 0 0.2 0 0 0 0.2 0 0 0.2 0.25 0 0 0 0 0 0.25 0 0 0 0 0 0.25 0 0.25 0 0.333333 0 0 0 0.333333 0 0 0 0 0 0 0 0 0 0.333333 0 
TCGTAGAA 0.166667 0 0 0 0 0 0 0.166667 0.333333 0 0 0 0 0 0.333333 0 0.2 0 0 0 0.2 0 0 0 0 0 0.2 0 0.2 0 0 0.2 0 0 0 0 0 0 0.25 0 0.25 0 0 0 0.5 0 0 0 0 0 0 0 0.333333 0 0 0 0.333333 0 0 0 0 0 0.333333 0 
TGAAGGAA 0 0 0.333333 0 0 0 0 0 0.5 0 0 0 0.166667 0 0 0 0.2 0 0.2 0 0 0 0 0 0.2 0 0.2 0 0.2 0 0 0 0.5 0 0 0 0 0 0 0 0 0 0.25 0 0 0 0.25 0 0.333333 0 0 0 0 0 0 0 0.333333 0 0 0 0 0 0.333333 0 
TGATAGAA 0.333333 0 0 0 0 0 0 0 0.166667 0 0 0.166667 0.166667 0 0.166667 0 0.2 0 0.2 0 0 0 0 0 0.2 0 0 0 0.2 0 0 0.2 0.25 0 0 0 0 0 0 0 0 0 0.25 0 0.5 0 0 0 0.333333 0 0 0 0 0 0 0 0.333333 0 0 0 0 0 0.333333 0 
TTACAGAA 0.333333 0 0 0 0 0 0.166667 0 0.166667 0 0 0 0.166667 0.166667 0 0 0.2 0 0.2 0 0.2 0 0 0 0 0 0 0 0.2 0.2 0 0 0.25 0 0 0 0.25 0 0 0 0 0 0 0 0.25 0 0.25 0 0.333333 0 0 0 0 0 0 0 0 0 0 0 0.333333 0 0.333333 0 
TTATAGAA 0.333333 0 0 0 0 0 0 0 0.166667 0 0 0 0.166667 0 0.166667 0.166667 0.2 0 0.2 0 0 0 0 0 0 0 0 0 0.4 0 0 0.2 0.25 0 0 0 0 0 0 0 0 0 0 0 0.5 0 0.25 0 0.333333 0 0 0 0 0 0 0 0 0 0 0 0.333333 0 0.333333 0 
TTATCGAA 0 0.166667 0 0 0.166667 0 0 0 0.166667 0 0 0 0.166667 0 0.166667 0.166667 0 0 0.2 0 0.2 0 0 0 0 0 0 0 0.2 0.2 0 0.2 0.25 0 0 0 0 0 0 0 0 0 0 0 0.25 0.25 0.25 0 0.333333 0 0 0 0 0 0 0 0 0 0 0 0.333333 0 0.333333 0 
TTATGGAA 0 0 0.166667 0 0 0 0 0 0.333333 0 0 0 0.166667 0 0.166667 0.166667 0 0 0.2 0 0 0 0 0 0.2 0 0 0 0.2 0 0.2 0.2 0.25 0 0 0 0 0 0 0 0 0 0 0 0.25 0 0.5 0 0.333333 0 0 0 0 0 0 0 0 0 0 0 0.333333 0 0.333333 0 
TTCTACAA 0.166667 0 0 0 0.333333 0 0 0 0 0 0 0 0 0.333333 0 0.166667 0.2 0 0 0 0 0.2 0 0 0 0 0 0 0.4 0 0 0.2 0 0 0 0 0.25 0 0 0 0 0 0 0 0.5 0.25 0 0 0 0 0 0 0.333333 0 0 0 0 0 0 0 0.333333 0.333333 0 0 
AAAACTTC 0.333333 0.166667 0 0.166667 0 0 0 0.166667 0 0 0 0 0 0.166667 0 0 0.2 0.2 0 0.4 0 0.2 0 0 0 0 0 0 0 0 0 0 0 0.5 0 0.5 0 0 0 0 0 0 0 0 0 0 0 0 0 0.333333 0 0.666667 0 0 0 0 0 0 0 0 0 0 0 0 
AAAAGAAG 0.5 0 0.333333 0 0 0 0 0 0.166667 0 0 0 0 0 0 0 0.6 0 0.2 0 0 0 0 0 0 0 0.2 0 0 0 0 0 0.5 0 0.5 0 0 0 0 0 0 0 0 0 0 0 0 0 0.666667 0 0.333333 0 0 0 0 0 0 0 0 0 0 0 0 0 
AAACTTCT 0.166667 0.166667 0 0.166667 0 0 0 0.166667 0 0 0 0 0 0.166667 0 0.166667 0 0.2 0 0.4 0 0.2 0 0 0 0 0 0 0 0 0 0.2 0 0.25 0 0.5 0 0 0 0.25 0 0 0 0 0 0 0 0 0 0.333333 0 0.666667 0 0 0 0 0 0 0 0 0 0 0 0 
AAAGAAGA 0.5 0 0.333333 0 0 0 0 0 0.166667 0 0 0 0 0 0 0 0.6 0 0.2 0 0 0 0 0 0 0 0.2 0 0 0 0 0 0.5 0 0.25 0 0 0 0 0 0.25 0 0 0 0 0 0 0 0.666667 0 0.333333 0 0 0 0 0 0 0 0 0 0 0 0 0 
AAAGAAGC 0.333333 0.166667 0.333333 0 0 0 0 0 0.166667 0 0 0 0 0 0 0 0.4 0.2 0.2 0 0 0 0 0 0 0 0.2 0 0 0 0 0 0.5 0 0.25 0 0 0 0 0 0 0.25 0 0 0 0 0 0 0.333333 0.333333 0.333333 0 0 0 0 0 0 0 0 0 0 0 0 0 
AAAGGAAG 0.166667 0 0.5 0 0 0 0 0 0.333333 0 0 0 0 0 0 0 0.2 0 0.4 0 0 0 0 0 0.2 0 0.2 0 0 0 0 0 0.5 0 0.25 0 0 0 0 0 0 0 0.25 0 0 0 0 0 0.666667 0 0.333333 0 0 0 0 0 0 0 0 0 0 0 0 0 
AAATCTTC 0.166667 0.166667 0 0.166667 0 0 0 0.166667 0 0 0 0 0 0.166667 0 0.166667 0 0.2 0 0.4 0 0.2 0 0 0 0 0 0 0 0 0 0.2 0 0.25 0 0.5 0 0 0 0 0 0 0 0 0 0.25 0 0 0 0.333333 0 0.666667 0 0 0 0 0 0 0 0 0 0 0 0 
AAGAAGAA 0.333333 0 0.333333 0 0 0 0 0 0.333333 0 0 0 0 0 0 0 0.8 0 0 0 0 0 0 0 0 0 0.2 0 0 0 0 0 0.5 0 0.25 0 0 0 0 0 0.25 0 0 0 0 0 0 0 0.333333 0 0.333333 0 0 0 0 0 0.333333 0 0 0 0 0 0 0 
AAGAAGAT 0.333333 0 0.333333 0 0 0 0 0 0.166667 0 0 0.166667 0 0 0 0 0.6 0 0 0.2 0 0 0 0 0 0 0.2 0 0 0 0 0 0.25 0 0.25 0.25 0 0 0 0 0.25 0 0 0 0 0 0 0 0.333333 0 0.333333 0 0 0 0 0 0 0 0 0.333333 0 0 0 0 
AAGAAGGA 0.166667 0 0.5 0 0 0 0 0 0.333333 0 0 0 0 0 0 0 0.6 0 0.2 0 0 0 0 0 0 0 0.2 0 0 0 0 0 0.5 0 0.25 0 0 0 0 0 0 0 0.25 0 0 0 0 0 0 0 0.666667 0 0 0 0 0 0.333333 0 0 0 0 0 0 0 
AAGCTTCT 0 0.166667 0.166667 0 0 0 0 0.166667 0 0 0 0.166667 0 0.166667 0 0.166667 0 0.2 0 0.2 0 0.2 0 0 0 0 0 0.2 0 0 0 0.2 0 0 0 0.5 0 0 0 0.25 0 0.25 0 0 0 0 0 0 0 0.333333 0 0.333333 0 0 0 0 0 0 0 0.333333 0 0 0 0 
AAGGAAGA 0.166667 0 0.5 0 0 0 0 0 0.333333 0 0 0 0 0 0 0 0.4 0 0.2 0 0 0 0 0 0.2 0 0.2 0 0 0 0 0 0.5 0 0 0 0 0 0 0 0.25 0 0.25 0 0 0 0 0 0.333333 0 0.333333 0 0 0 0 0 0.333333 0 0 0 0 0 0 0 
AATAGAAG 0.333333 0 0.166667 0.166667 0 0 0 0 0.166667 0 0 0 0 0 0.166667 0 0.4 0 0.2 0 0 0 0 0 0 0 0.2 0 0.2 0 0 0 0.25 0 0.5 0 0 0 0 0 0 0 0 0 0.25 0 0 0 0.666667 0 0 0 0 0 0 0 0 0 0 0 0 0 0.333333 0 
AATATTCC 0.166667 0 0 0.333333 0 0 0 0 0 0 0 0 0 0.333333 0 0.166667 0.2 0.2 0 0.2 0 0 0 0 0 0 0 0 0 0.2 0 0.2 0 0.25 0 0.5 0 0 0 0 0 0 0 0 0 0.25 0 0 0 0.333333 0 0.333333 0 0 0 0 0 0 0 0 0 0.333333 0 0 
AATCGAAG 0 0.166667 0.166667 0.166667 0.166667 0 0 0 0.166667 0 0 0 0 0 0.166667 0 0 0.2 0.2 0 0.2 0 0 0 0 0 0.2 0 0.2 0 0 0 0.25 0 0.25 0 0 0 0.25 0 0 0 0 0 0.25 0 0 0 0.666667 0 0 0 0 0 0 0 0 0 0 0 0 0 0.333333 0 
AATCTTCG 0 0.166667 0 0.166667 0 0 0 0.166667 0 0 0 0 0 0.166667 0.166667 0.166667 0 0.2 0 0.2 0 0.2 0 0 0 0 0 0 0 0 0.2 0.2 0 0 0 0.5 0 0 0.25 0 0 0 0 0 0 0.25 0 0 0 0.333333 0 0.333333 0 0 0 0 0 0 0 0 0 0 0.333333 0 
AATTCTTC 0 0 0 0.333333 0 0 0 0.166667 0 0 0 0 0 0.333333 0 0.166667 0 0.2 0 0.2 0 0.2 0 0 0 0 0 0 0 0 0 0.4 0 0.25 0 0.25 0 0 0 0 0 0 0 0 0 0.25 0 0.25 0 0 0 0.666667 0 0 0 0 0 0 0 0 0 0.333333 0 0 
ACCGAAGA 0.166667 0.166667 0.166667 0 0.166667 0 0.166667 0 0.166667 0 0 0 0 0 0 0 0.2 0 0.2 0 0.4 0 0 0 0 0 0.2 0 0 0 0 0 0.25 0 0 0 0.25 0 0.25 0 0.25 0 0 0 0 0 0 0 0.333333 0 0 0 0.333333 0 0.333333 0 0 0 0 0 0 0 0 0 
ACTTCCAT 0 0 0 0.166667 0.166667 0 0 0.333333 0 0 0 0 0 0.333333 0 0 0 0 0 0.2 0 0.2 0 0.2 0 0 0 0 0.2 0.2 0 0 0 0.25 0 0 0 0.25 0 0 0 0 0 0 0.25 0 0 0.25 0 0.333333 0 0 0.333333 0 0 0 0 0 0 0 0 0 0 0.333333 
AGAAGAAA 0.5 0 0.166667 0 0 0 0 0 0.333333 0 0 0 0 0 0 0 0.6 0 0 0 0 0 0 0 0.2 0 0.2 0 0 0 0 0 0.5 0 0.25 0 0 0 0 0 0.25 0 0 0 0 0 0 0 0.666667 0 0 0 0 0 0 0 0.333333 0 0 0 0 0 0 0 
AGAAGAAG 0.333333 0 0.333333 0 0 0 0 0 0.333333 0 0 0 0 0 0 0 0.6 0 0 0 0 0 0 0 0 0 0.4 0 0 0 0 0 0.25 0 0.5 0 0 0 0 0 0.25 0 0 0 0 0 0 0 0.333333 0 0.333333 0 0 0 0 0 0.333333 0 0 0 0 0 0 0 
AGAAGAAT 0.333333 0 0.166667 0.166667 0 0 0 0 0.333333 0 0 0 0 0 0 0 0.6 0 0 0 0 0 0 0 0 0 0.2 0.2 0 0 0 0 0.25 0 0.25 0.25 0 0 0 0 0.25 0 0 0 0 0 0 0 0.333333 0 0 0.333333 0 0 0 0 0.333333 0 0 0 0 0 0 0 
AGAAGGAA 0.166667 0 0.333333 0 0 0 0 0 0.5 0 0 0 0 0 0 0 0.4 0 0.2 0 0 0 0 0 0.2 0 0.2 0 0 0 0 0 0.5 0 0.25 0 0 0 0 0 0 0 0.25 0 0 0 0 0 0.333333 0 0.333333 0 0 0 0 0 0.333333 0 0 0 0 0 0 0 
AGAGAAGA 0.5 0 0.166667 0 0 0 0 0 0.166667 0 0.166667 0 0 0 0 0 0.4 0 0.2 0 0 0 0 0 0.2 0 0.2 0 0 0 0 0 0.25 0 0.25 0 0 0 0 0 0.5 0 0 0 0 0 0 0 0.666667 0 0 0 0 0 0 0 0 0 0.333333 0 0 0 0 0 
AGCTTCTA 0 0.166667 0 0 0.166667 0 0 0.166667 0 0 0 0.166667 0 0.166667 0 0.166667 0 0 0 0.2 0 0.2 0 0 0 0 0 0.2 0.2 0 0 0.2 0 0 0 0.25 0 0 0 0.25 0 0.25 0 0 0.25 0 0 0 0 0.333333 0 0 0.333333 0 0 0 0 0 0 0.333333 0 0 0 0 
ATAGAAGA 0.5 0 0.166667 0 0 0 0 0 0.166667 0 0 0 0 0 0.166667 0 0.4 0 0.2 0 0 0 0 0 0 0 0.2 0 0.2 0 0 0 0.25 0 0.25 0 0 0 0 0 0.25 0 0 0 0.25 0 0 0 0.666667 0 0 0 0 0 0 0 0 0 0 0 0 0 0.333333 0 
ATAGAAGC 0.333333 0.166667 0.166667 0 0 0 0 0 0.166667 0 0 0 0 0 0.166667 0 0.2 0.2 0.2 0 0 0 0 0 0 0 0.2 0 0.2 0 0 0 0.25 0 0.25 0 0 0 0 0 0 0.25 0 0 0.25 0 0 0 0.333333 0.333333 0 0 0 0 0 0 0 0 0 0 0 0 0.333333 0 
ATAGAAGG 0.333333 0 0.333333 0 0 0 0 0 0.166667 0 0 0 0 0 0.166667 0 0.2 0 0.4 0 0 0 0 0 0 0 0.2 0 0.2 0 0 0 0.25 0 0.25 0 0 0 0 0 0 0 0.25 0 0.25 0 0 0 0.333333 0 0.333333 0 0 0 0 0 0 0 0 0 0 0 0.333333 0 
ATCGAAGA 0.166667 0.166667 0.166667 0 0.166667 0 0 0 0.166667 0 0 0 0 0 0.166667 0 0.2 0 0.2 0 0.2 0 0 0 0 0 0.2 0 0.2 0 0 0 0.25 0 0 0 0 0 0.25 0 0.25 0 0 0 0.25 0 0 0 0.333333 0 0 0 0.333333 0 0 0 0 0 0 0 0 0 0.333333 0 
ATCTTCTA 0 0.166667 0 0 0.166667 0 0 0.166667 0 0 0 0 0 0.166667 0 0.333333 0 0 0 0.2 0 0.2 0 0 0 0 0 0 0.2 0 0 0.4 0 0 0 0.25 0 0 0 0.25 0 0 0 0 0.25 0.25 0 0 0 0.333333 0 0 0.333333 0 0 0 0 0 0 0 0 0 0 0.333333 
ATGGAAGA 0.166667 0 0.333333 0 0 0 0 0 0.333333 0 0 0 0 0 0.166667 0 0.2 0 0.2 0 0 0 0 0 0.2 0 0.2 0 0.2 0 0 0 0.25 0 0 0 0 0 0 0 0.25 0 0.25 0 0.25 0 0 0 0.333333 0 0 0 0 0 0 0 0.333333 0 0 0 0 0 0.333333 0 
ATGGAAGG 0 0 0.5 0 0 0 0 0 0.333333 0 0 0 0 0 0.166667 0 0 0 0.4 0 0 0 0 0 0.2 0 0.2 0 0.2 0 0 0 0.25 0 0 0 0 0 0 0 0 0 0.5 0 0.25 0 0 0 0.333333 0 0 0 0 0 0 0 0 0 0.333333 0 0 0 0.333333 0 
ATTCGAAG 0 0 0.166667 0.166667 0.166667 0 0 0 0.166667 0 0 0 0 0.166667 0.166667 0 0 0.2 0 0 0.2 0 0 0 0 0 0.2 0 0.2 0 0.2 0 0 0 0.25 0 0 0 0.25 0 0 0 0 0 0.5 0 0 0 0.333333 0 0 0 0 0 0 0 0 0 0 0 0.333333 0 0.333333 0 
ATTTCGAA 0 0 0 0.166667 0.166667 0 0 0 0.166667 0 0 0 0 0.166667 0.166667 0.166667 0 0 0 0.2 0.2 0 0 0 0 0 0 0 0.2 0.2 0.2 0 0 0.25 0 0 0 0 0 0 0 0 0 0 0.5 0 0.25 0 0 0 0.333333 0 0 0 0 0 0 0 0 0 0.666667 0 0 0 
ATTTCTTC 0 0 0 0.166667 0 0 0 0.166667 0 0 0 0 0 0.333333 0 0.333333 0 0 0 0.2 0 0.2 0 0 0 0 0 0 0 0.2 0 0.4 0 0.25 0 0 0 0 0 0 0 0 0 0 0 0.25 0 0.5 0 0 0 0.333333 0 0 0 0 0 0 0 0 0 0.333333 0 0.333333 
CACCGAAG 0 0.166667 0.166667 0 0.166667 0.166667 0.166667 0 0.166667 0 0 0 0 0 0 0 0 0 0.2 0 0.4 0.2 0 0 0 0 0.2 0 0 0 0 0 0.25 0 0 0 0.25 0 0.5 0 0 0 0 0 0 0 0 0 0.333333 0 0 0 0.333333 0 0.333333 0 0 0 0 0 0 0 0 0 
CAGAAGAA 0.333333 0 0.166667 0 0 0 0.166667 0 0.333333 0 0 0 0 0 0 0 0.6 0 0 0 0.2 0 0 0 0 0 0.2 0 0 0 0 0 0.25 0 0.25 0 0.25 0 0 0 0.25 0 0 0 0 0 0 0 0.333333 0 0 0 0 0 0.333333 0 0.333333 0 0 0 0 0 0 0 
CATAGAAG 0.333333 0 0.166667 0 0 0 0 0.166667 0.166667 0 0 0 0 0 0.166667 0 0.2 0 0.2 0 0.2 0 0 0 0 0 0.2 0 0.2 0 0 0 0.25 0 0.25 0 0 0 0.25 0 0 0 0 0 0.25 0 0 0 0.333333 0 0 0 0.333333 0 0 0 0 0 0 0 0 0 0.333333 0 
CATGGAAG 0 0 0.333333 0 0 0 0 0.166667 0.333333 0 0 0 0 0 0.166667 0 0 0 0.2 0 0 0 0.2 0 0.2 0 0.2 0 0.2 0 0 0 0.25 0 0 0 0 0 0.25 0 0 0 0.25 0 0.25 0 0 0 0.333333 0 0 0 0.333333 0 0 0 0 0 0 0 0 0 0.333333 0 
CCGAAGAA 0.166667 0 0.166667 0 0.166667 0 0.166667 0 0.333333 0 0 0 0 0 0 0 0.4 0 0 0 0.4 0 0 0 0 0 0.2 0 0 0 0 0 0.25 0 0 0 0.25 0 0.25 0 0.25 0 0 0 0 0 0 0 0 0 0 0 0.333333 0 0.333333 0 0.333333 0 0 0 0 0 0 0 
CCTTCGAA 0 0 0 0 0.166667 0 0 0.333333 0.166667 0 0 0 0 0.166667 0.166667 0 0 0 0 0 0.2 0.2 0 0.2 0 0 0 0 0.2 0 0.2 0 0 0 0 0 0 0.25 0.25 0 0 0 0 0 0.5 0 0 0 0 0 0 0 0.333333 0 0.333333 0 0 0 0 0 0.333333 0 0 0 
CGAAGAAA 0.333333 0 0.166667 0 0.166667 0 0 0 0.333333 0 0 0 0 0 0 0 0.4 0 0 0 0.2 0 0 0 0.2 0 0.2 0 0 0 0 0 0.5 0 0 0 0 0 0.25 0 0.25 0 0 0 0 0 0 0 0.333333 0 0 0 0.333333 0 0 0 0.333333 0 0 0 0 0 0 0 
CGAAGAAG 0.166667 0 0.333333 0 0.166667 0 0 0 0.333333 0 0 0 0 0 0 0 0.4 0 0 0 0.2 0 0 0 0 0 0.4 0 0 0 0 0 0.25 0 0.25 0 0 0 0.25 0 0.25 0 0 0 0 0 0 0 0 0 0.333333 0 0.333333 0 0 0 0.333333 0 0 0 0 0 0 0 
CGAAGGAA 0 0 0.333333 0 0.166667 0 0 0 0.5 0 0 0 0 0 0 0 0.2 0 0.2 0 0.2 0 0 0 0.2 0 0.2 0 0 0 0 0 0.5 0 0 0 0 0 0.25 0 0 0 0.25 0 0 0 0 0 0.333333 0 0 0 0 0 0.333333 0 0.333333 0 0 0 0 0 0 0 
CGTAGAAG 0.166667 0 0.166667 0 0 0 0 0.166667 0.333333 0 0 0 0 0 0.166667 0 0.2 0 0 0 0.2 0 0 0 0 0 0.4 0 0.2 0 0 0 0 0 0.25 0 0 0 0.25 0 0.25 0 0 0 0.25 0 0 0 0 0 0 0 0.333333 0 0 0 0.333333 0 0 0 0 0 0.333333 0 
CTTCCATA 0.166667 0 0 0 0.166667 0 0 0.333333 0 0 0 0 0 0.333333 0 0 0 0 0 0 0.2 0.2 0 0.2 0 0 0 0 0.2 0.2 0 0 0 0 0 0 0.25 0.25 0 0 0 0 0 0 0.25 0 0 0.25 0 0 0 0 0.333333 0 0 0 0 0 0 0 0.333333 0 0 0.333333 
CTTCCTTC 0 0 0 0 0 0 0 0.5 0 0 0 0 0 0.5 0 0 0 0 0 0 0 0.4 0 0.2 0 0 0 0 0 0.2 0 0.2 0 0 0 0 0 0.5 0 0 0 0 0 0 0 0 0 0.5 0 0 0 0 0 0 0 0.333333 0 0 0 0 0 0.333333 0 0.333333 
CTTCGAAA 0.166667 0 0 0 0.166667 0 0 0.166667 0.166667 0 0 0 0 0.166667 0.166667 0 0 0 0 0 0.2 0.2 0 0 0.2 0 0 0 0.2 0 0.2 0 0 0 0 0 0.25 0 0.25 0 0 0 0 0 0.5 0 0 0 0 0 0 0 0.333333 0 0 0 0 0 0 0 0.666667 0 0 0 
CTTCGAAG 0 0 0.166667 0 0.166667 0 0 0.166667 0.166667 0 0 0 0 0.166667 0.166667 0 0 0 0 0 0.2 0.2 0 0 0 0 0.2 0 0.2 0 0.2 0 0 0 0 0 0 0 0.5 0 0 0 0 0 0.5 0 0 0 0 0 0 0 0.333333 0 0 0 0 0 0 0 0.333333 0 0.333333 0 
CTTCGATA 0.166667 0 0 0 0.166667 0 0 0.166667 0 0 0 0.166667 0 0.166667 0.166667 0 0 0 0 0 0 0.2 0 0.2 0.2 0 0 0 0.2 0 0.2 0 0 0 0 0 0.25 0 0.25 0 0 0 0 0 0.25 0 0 0.25 0 0 0 0 0.333333 0 0 0 0 0 0 0 0.333333 0 0 0.333333 
CTTCTAAA 0.166667 0 0 0 0.166667 0 0 0.166667 0 0 0 0 0.166667 0.166667 0 0.166667 0 0 0 0 0.2 0.2 0 0 0 0 0 0 0.4 0 0 0.2 0 0 0 0 0.25 0 0 0.25 0 0 0 0 0.5 0 0 0 0 0 0 0 0.333333 0 0 0 0 0 0 0 0.666667 0 0 0 
CTTCTATA 0.166667 0 0 0 0.166667 0 0 0.166667 0 0 0 0 0 0.166667 0 0.333333 0 0 0 0 0 0.2 0 0.2 0 0 0 0 0.4 0 0 0.2 0 0 0 0 0.25 0 0 0.25 0 0 0 0 0.25 0 0 0.25 0 0 0 0 0.333333 0 0 0 0 0 0 0 0.333333 0 0 0.333333 
CTTCTGTA 0 0 0 0 0 0 0.166667 0.166667 0.166667 0 0 0 0 0.166667 0 0.333333 0 0 0 0 0 0.2 0 0.2 0 0 0 0 0.2 0 0.2 0.2 0 0 0 0 0.25 0 0 0.25 0 0 0 0 0 0 0.25 0.25 0 0 0 0 0 0 0.333333 0 0 0 0 0 0.333333 0 0 0.333333 
CTTCTTAA 0 0 0 0 0 0 0 0.333333 0 0 0 0 0.333333 0.166667 0 0.166667 0 0 0 0 0.2 0.2 0 0 0 0 0 0 0.2 0 0 0.4 0 0 0 0 0.25 0 0 0.25 0 0 0 0 0.25 0 0 0.25 0 0 0 0 0 0 0 0.333333 0 0 0 0 0.666667 0 0 0 
CTTCTTTC 0 0 0 0 0 0 0 0.333333 0 0 0 0 0 0.333333 0 0.333333 0 0 0 0 0 0.2 0 0.2 0 0 0 0 0 0.2 0 0.4 0 0 0 0 0 0.25 0 0.25 0 0 0 0 0 0 0 0.5 0 0 0 0 0 0 0 0.333333 0 0 0 0 0 0.333333 0 0.333333 
GAAGAACA 0.333333 0.166667 0.166667 0 0 0 0 0 0.333333 0 0 0 0 0 0 0 0.6 0 0 0 0 0 0 0 0 0.2 0.2 0 0 0 0 0 0.25 0.25 0 0 0 0 0 0 0.5 0 0 0 0 0 0 0 0.333333 0.333333 0 0 0 0 0 0 0.333333 0 0 0 0 0 0 0 
GAAGAAGA 0.333333 0 0.333333 0 0 0 0 0 0.333333 0 0 0 0 0 0 0 0.6 0 0 0 0 0 0 0 0 0 0.4 0 0 0 0 0 0.25 0 0.25 0 0 0 0 0 0.5 0 0 0 0 0 0 0 0.333333 0 0.333333 0 0 0 0 0 0.333333 0 0 0 0 0 0 0 
GAAGAAGC 0.166667 0.166667 0.333333 0 0 0 0 0 0.333333 0 0 0 0 0 0 0 0.4 0.2 0 0 0 0 0 0 0 0 0.4 0 0 0 0 0 0.25 0 0.25 0 0 0 0 0 0.25 0.25 0 0 0 0 0 0 0 0.333333 0.333333 0 0 0 0 0 0.333333 0 0 0 0 0 0 0 
GAAGCTTC 0 0.166667 0.166667 0 0 0 0 0.166667 0.166667 0 0 0.166667 0 0.166667 0 0 0 0.2 0 0.2 0 0.2 0 0 0 0 0.2 0.2 0 0 0 0 0 0 0 0.5 0 0 0 0 0 0.5 0 0 0 0 0 0 0 0.333333 0 0.333333 0 0 0 0 0 0 0 0.333333 0 0 0 0 
GAAGGAAA 0.166667 0 0.333333 0 0 0 0 0 0.5 0 0 0 0 0 0 0 0.2 0 0.2 0 0 0 0 0 0.4 0 0.2 0 0 0 0 0 0.5 0 0 0 0 0 0 0 0.25 0 0.25 0 0 0 0 0 0.666667 0 0 0 0 0 0 0 0.333333 0 0 0 0 0 0 0 
GAGAAGAA 0.333333 0 0.166667 0 0 0 0 0 0.333333 0 0.166667 0 0 0 0 0 0.6 0 0 0 0 0 0 0 0.2 0 0.2 0 0 0 0 0 0.25 0 0.25 0 0 0 0 0 0.5 0 0 0 0 0 0 0 0.333333 0 0 0 0 0 0 0 0.333333 0 0.333333 0 0 0 0 0 
GCGAAGAA 0.166667 0 0.166667 0 0.166667 0 0 0 0.333333 0 0.166667 0 0 0 0 0 0.4 0 0 0 0.2 0 0 0 0.2 0 0.2 0 0 0 0 0 0.25 0 0 0 0 0 0.25 0 0.5 0 0 0 0 0 0 0 0 0 0 0 0.333333 0 0 0 0.333333 0 0.333333 0 0 0 0 0 
GGAAGAAA 0.333333 0 0.166667 0 0 0 0 0 0.5 0 0 0 0 0 0 0 0.4 0 0 0 0 0 0 0 0.4 0 0.2 0 0 0 0 0 0.5 0 0 0 0 0 0 0 0.25 0 0.25 0 0 0 0 0 0.333333 0 0 0 0 0 0 0 0.666667 0 0 0 0 0 0 0 
GGAAGAAC 0.166667 0.166667 0.166667 0 0 0 0 0 0.5 0 0 0 0 0 0 0 0.4 0 0 0 0 0 0 0 0.2 0.2 0.2 0 0 0 0 0 0.25 0.25 0 0 0 0 0 0 0.25 0 0.25 0 0 0 0 0 0 0.333333 0 0 0 0 0 0 0.666667 0 0 0 0 0 0 0 
GTCTTCTA 0 0 0 0 0.166667 0 0 0.166667 0 0.166667 0 0 0 0.166667 0 0.333333 0 0 0 0 0 0.2 0 0 0 0 0 0.2 0.2 0 0 0.4 0 0 0 0 0 0 0 0.25 0 0 0 0.25 0.25 0.25 0 0 0 0 0 0 0.333333 0 0 0 0 0.333333 0 0 0 0 0 0.333333 
GTGGAAGA 0.166667 0 0.166667 0 0 0 0 0 0.333333 0 0.166667 0 0 0 0.166667 0 0.2 0 0 0 0 0 0 0 0.2 0 0.4 0 0.2 0 0 0 0 0 0 0 0 0 0 0 0.5 0 0.25 0 0.25 0 0 0 0 0 0 0 0 0 0 0 0.666667 0 0 0 0 0 0.333333 0 
TAGAAGAA 0.333333 0 0.166667 0 0 0 0 0 0.333333 0 0 0 0 0 0.166667 0 0.6 0 0 0 0 0 0 0 0 0 0.2 0 0.2 0 0 0 0.25 0 0.25 0 0 0 0 0 0.25 0 0 0 0.25 0 0 0 0.333333 0 0 0 0 0 0 0 0.333333 0 0 0 0 0 0.333333 0 
TCCTTCGA 0 0 0 0 0.166667 0 0 0.333333 0 0 0 0 0 0.333333 0.166667 0 0 0 0 0 0 0.2 0 0.2 0 0 0 0 0.2 0 0.2 0.2 0 0 0 0 0 0.25 0.25 0 0 0 0 0 0.25 0 0 0.25 0 0 0 0 0.333333 0 0.333333 0 0 0 0 0 0 0.333333 0 0 
TCGAAGAA 0.166667 0 0.166667 0 0.166667 0 0 0 0.333333 0 0 0 0 0 0.166667 0 0.4 0 0 0 0.2 0 0 0 0 0 0.2 0 0.2 0 0 0 0.25 0 0 0 0 0 0.25 0 0.25 0 0 0 0.25 0 0 0 0 0 0 0 0.333333 0 0 0 0.333333 0 0 0 0 0 0.333333 0 
TCTTCTAA 0 0 0 0 0.166667 0 0 0.166667 0 0 0 0 0.166667 0.166667 0 0.333333 0 0 0 0 0.2 0.2 0 0 0 0 0 0 0.2 0 0 0.4 0 0 0 0 0 0 0 0.25 0 0 0 0 0.5 0.25 0 0 0 0 0 0 0.333333 0 0 0 0 0 0 0 0.333333 0 0 0.333333 
TGGAAGAA 0.166667 0 0.166667 0 0 0 0 0 0.5 0 0 0 0 0 0.166667 0 0.4 0 0 0 0 0 0 0 0.2 0 0.2 0 0.2 0 0 0 0.25 0 0 0 0 0 0 0 0.25 0 0.25 0 0.25 0 0 0 0 0 0 0 0 0 0 0 0.666667 0 0 0 0 0 0.333333 0 
TTCTAGAA 0.166667 0 0 0 0.166667 0 0 0 0.166667 0 0 0 0 0.166667 0.166667 0.166667 0.2 0 0 0 0 0 0.2 0 0 0 0 0 0.4 0 0 0.2 0 0 0 0 0.25 0 0 0 0 0 0 0 0.5 0 0.25 0 0 0 0 0 0.333333 0 0 0 0 0 0 0 0.333333 0 0.333333 0 
AAATAGCC 0.333333 0.166667 0 0.166667 0 0 0 0 0 0.166667 0 0 0 0 0.166667 0 0.2 0.2 0.2 0.2 0 0 0 0 0 0 0 0 0 0.2 0 0 0.25 0.25 0.25 0 0 0 0 0 0 0 0 0 0 0.25 0 0 0 0.666667 0.333333 0 0 0 0 0 0 0 0 0 0 0 0 0 
AAATGGCC 0.166667 0 0.166667 0.166667 0 0 0 0 0 0.333333 0 0 0 0 0.166667 0 0 0 0.4 0.2 0 0 0 0 0 0.2 0 0 0 0.2 0 0 0 0.25 0.5 0 0 0 0 0 0 0 0 0 0 0.25 0 0 0 0.666667 0.333333 0 0 0 0 0 0 0 0 0 0 0 0 0 
AATCGCCA 0 0.166667 0 0.166667 0.166667 0.166667 0 0 0 0.166667 0 0 0 0 0.166667 0 0 0.2 0.2 0 0 0.2 0 0 0.2 0 0 0 0 0.2 0 0 0 0.25 0.25 0 0.25 0 0 0 0 0 0 0 0 0.25 0 0 0 0.666667 0 0 0 0 0 0 0 0 0 0 0.333333 0 0 0 
AATGGCCA 0 0 0.166667 0.166667 0.166667 0 0 0 0 0.333333 0 0 0 0 0.166667 0 0 0 0.4 0 0 0 0 0 0.2 0.2 0 0 0 0.2 0 0 0 0.25 0.25 0 0 0 0 0 0.25 0 0 0 0 0.25 0 0 0 0.666667 0 0 0 0 0 0 0 0 0 0 0.333333 0 0 0 
AATGGCCC 0 0 0.166667 0.166667 0 0.166667 0 0 0 0.333333 0 0 0 0 0.166667 0 0 0 0.4 0 0 0 0 0 0 0.4 0 0 0 0.2 0 0 0 0.25 0.25 0 0 0 0 0 0 0.25 0 0 0 0.25 0 0 0 0.666667 0 0 0 0 0 0 0 0 0 0 0 0.333333 0 0 
AATGGCCG 0 0 0.166667 0.166667 0 0 0.166667 0 0 0.333333 0 0 0 0 0.166667 0 0 0 0.4 0 0 0 0 0 0 0.2 0.2 0 0 0.2 0 0 0 0.25 0.25 0 0 0 0 0 0 0 0.25 0 0 0.25 0 0 0 0.666667 0 0 0 0 0 0 0 0 0 0 0 0 0.333333 0 
AGCCGGCC 0 0.166667 0 0 0 0 0.333333 0 0 0.5 0 0 0 0 0 0 0 0.2 0 0 0 0.2 0.2 0 0 0.2 0.2 0 0 0 0 0 0 0 0.25 0 0 0.5 0 0 0 0 0.25 0 0 0 0 0 0 0 0.333333 0 0 0.333333 0 0 0 0.333333 0 0 0 0 0 0 
ATGGCCAA 0 0 0.166667 0 0.333333 0 0 0 0 0.333333 0 0 0 0 0.166667 0 0 0 0.2 0 0.2 0 0 0 0.2 0.2 0 0 0 0.2 0 0 0 0.25 0 0 0 0 0 0 0.5 0 0 0 0 0.25 0 0 0 0.333333 0 0 0 0 0 0 0.333333 0 0 0 0.333333 0 0 0 
ATGGCCAG 0 0 0.166667 0 0.166667 0 0.166667 0 0 0.333333 0 0 0 0 0.166667 0 0 0 0.2 0 0 0 0.2 0 0.2 0.2 0 0 0 0.2 0 0 0 0.25 0 0 0 0 0 0 0.25 0 0.25 0 0 0.25 0 0 0 0.333333 0 0 0 0 0 0 0 0 0.333333 0 0.333333 0 0 0 
ATGGCCAT 0 0 0.166667 0 0.166667 0 0 0.166667 0 0.333333 0 0 0 0 0.166667 0 0 0 0.2 0 0 0 0 0.2 0.2 0.2 0 0 0 0.2 0 0 0 0.25 0 0 0 0 0 0 0.25 0 0 0.25 0 0.25 0 0 0 0.333333 0 0 0 0 0 0 0 0 0 0.333333 0.333333 0 0 0 
ATGGCCCA 0 0 0.166667 0 0.166667 0.166667 0 0 0 0.333333 0 0 0 0 0.166667 0 0 0 0.2 0 0.2 0 0 0 0 0.4 0 0 0 0.2 0 0 0 0.25 0 0 0 0 0 0 0.25 0.25 0 0 0 0.25 0 0 0 0.333333 0 0 0 0 0 0 0.333333 0 0 0 0 0.333333 0 0 
ATGGCCCG 0 0 0.166667 0 0 0.166667 0.166667 0 0 0.333333 0 0 0 0 0.166667 0 0 0 0.2 0 0 0 0.2 0 0 0.4 0 0 0 0.2 0 0 0 0.25 0 0 0 0 0 0 0 0.25 0.25 0 0 0.25 0 0 0 0.333333 0 0 0 0 0 0 0 0 0.333333 0 0 0.333333 0 0 
ATGGCCGG 0 0 0.166667 0 0 0 0.333333 0 0 0.333333 0 0 0 0 0.166667 0 0 0 0.2 0 0 0 0.2 0 0 0.2 0.2 0 0 0.2 0 0 0 0.25 0 0 0 0 0 0 0 0 0.5 0 0 0.25 0 0 0 0.333333 0 0 0 0 0 0 0 0 0.333333 0 0 0 0.333333 0 
CATGGCCA 0 0 0.166667 0 0.166667 0 0 0.166667 0 0.333333 0 0 0 0 0.166667 0 0 0 0.2 0 0 0 0.2 0 0.2 0.2 0 0 0 0.2 0 0 0 0.25 0 0 0 0 0.25 0 0.25 0 0 0 0 0.25 0 0 0 0.333333 0 0 0 0.333333 0 0 0 0 0 0 0.333333 0 0 0 
CATGGCCG 0 0 0.166667 0 0 0 0.166667 0.166667 0 0.333333 0 0 0 0 0.166667 0 0 0 0.2 0 0 0 0.2 0 0 0.2 0.2 0 0 0.2 0 0 0 0.25 0 0 0 0 0.25 0 0 0 0.25 0 0 0.25 0 0 0 0.333333 0 0 0 0.333333 0 0 0 0 0 0 0 0 0.333333 0 
CGGCCAGC 0 0.166667 0 0 0.166667 0 0.333333 0 0 0.333333 0 0 0 0 0 0 0 0 0 0 0 0.4 0.2 0 0.2 0.2 0 0 0 0 0 0 0 0 0 0 0 0.5 0 0 0.25 0 0.25 0 0 0 0 0 0 0 0 0 0.333333 0 0 0 0 0.333333 0.333333 0 0 0 0 0 
GATGGCCA 0 0 0.166667 0 0.166667 0 0 0 0 0.333333 0 0.166667 0 0 0.166667 0 0 0 0.2 0 0 0 0 0 0.2 0.2 0.2 0 0 0.2 0 0 0 0.25 0 0 0 0 0 0 0.25 0 0.25 0 0 0.25 0 0 0 0.333333 0 0 0 0 0 0 0 0.333333 0 0 0.333333 0 0 0 
GCCGGCCA 0 0 0 0 0.166667 0 0.333333 0 0 0.5 0 0 0 0 0 0 0 0 0 0 0 0.2 0.2 0 0.2 0.2 0.2 0 0 0 0 0 0 0 0 0 0 0.5 0 0 0.25 0 0.25 0 0 0 0 0 0 0 0 0 0.333333 0.333333 0 0 0 0.333333 0 0 0 0 0 0 
GCCGGCCC 0 0 0 0 0 0.166667 0.333333 0 0 0.5 0 0 0 0 0 0 0 0 0 0 0 0.2 0.2 0 0 0.4 0.2 0 0 0 0 0 0 0 0 0 0 0.5 0 0 0 0.25 0.25 0 0 0 0 0 0 0 0 0 0 0.666667 0 0 0 0.333333 0 0 0 0 0 0 
GGCCAAAA 0.333333 0 0 0 0.333333 0 0 0 0 0.333333 0 0 0 0 0 0 0.2 0 0 0 0.4 0 0 0 0.2 0.2 0 0 0 0 0 0 0 0 0 0 0.5 0 0 0 0.5 0 0 0 0 0 0 0 0 0 0 0 0.333333 0 0 0 0.666667 0 0 0 0 0 0 0 
GGCCAGAC 0.166667 0 0 0 0.166667 0 0.166667 0 0 0.5 0 0 0 0 0 0 0 0.2 0 0 0.2 0 0.2 0 0.2 0.2 0 0 0 0 0 0 0 0 0 0 0.25 0.25 0 0 0.25 0 0.25 0 0 0 0 0 0 0 0 0 0 0.333333 0 0 0.333333 0 0.333333 0 0 0 0 0 
GGCCAGCC 0 0.166667 0 0 0.166667 0 0.166667 0 0 0.5 0 0 0 0 0 0 0 0.2 0 0 0 0.2 0.2 0 0.2 0.2 0 0 0 0 0 0 0 0 0 0 0 0.5 0 0 0.25 0 0.25 0 0 0 0 0 0 0 0 0 0 0.333333 0 0 0 0.333333 0.333333 0 0 0 0 0 
GGCCATAA 0.166667 0 0 0 0.166667 0 0 0.166667 0 0.333333 0 0 0.166667 0 0 0 0.2 0 0 0 0.2 0 0 0.2 0.2 0.2 0 0 0 0 0 0 0 0 0 0 0.5 0 0 0 0.25 0 0 0.25 0 0 0 0 0 0 0 0 0.333333 0 0 0 0.333333 0 0 0.333333 0 0 0 0 
GGCCATGA 0 0 0.166667 0 0.166667 0 0 0.166667 0 0.333333 0 0 0.166667 0 0 0 0.2 0 0 0 0 0 0.2 0.2 0.2 0.2 0 0 0 0 0 0 0 0 0 0 0.25 0 0.25 0 0.25 0 0 0.25 0 0 0 0 0 0 0 0 0.333333 0 0 0 0 0 0.333333 0.333333 0 0 0 0 
GGCCATTA 0 0 0 0.166667 0.166667 0 0 0.166667 0 0.333333 0 0 0.166667 0 0 0 0.2 0 0 0 0 0 0 0.4 0.2 0.2 0 0 0 0 0 0 0 0 0 0 0.25 0 0 0.25 0.25 0 0 0.25 0 0 0 0 0 0 0 0 0.333333 0 0 0 0 0 0 0.666667 0 0 0 0 
GGCCGGCC 0 0 0 0 0 0 0.333333 0 0 0.666667 0 0 0 0 0 0 0 0 0 0 0 0.2 0.2 0 0 0.4 0.2 0 0 0 0 0 0 0 0 0 0 0.5 0 0 0 0 0.5 0 0 0 0 0 0 0 0 0 0 0.333333 0 0 0 0.333333 0.333333 0 0 0 0 0 
GGCGAAAA 0.333333 0 0 0 0.166667 0 0 0 0.166667 0.166667 0.166667 0 0 0 0 0 0.2 0 0 0 0.2 0 0 0 0.4 0 0.2 0 0 0 0 0 0 0 0 0 0.25 0 0 0 0.75 0 0 0 0 0 0 0 0 0 0 0 0.333333 0 0 0 0.666667 0 0 0 0 0 0 0 
GGCGCGCC 0 0 0 0 0 0.333333 0 0 0 0.333333 0.333333 0 0 0 0 0 0 0 0 0 0 0.2 0.2 0 0 0.4 0.2 0 0 0 0 0 0 0 0 0 0 0.25 0 0 0 0.5 0.25 0 0 0 0 0 0 0 0 0 0 0.333333 0 0 0 0.333333 0.333333 0 0 0 0 0 
GGGCCATA 0.166667 0 0 0 0.166667 0 0 0.166667 0 0.333333 0.166667 0 0 0 0 0 0 0 0 0 0.2 0 0 0.2 0.2 0.4 0 0 0 0 0 0 0 0 0 0 0.25 0 0 0 0.25 0.25 0 0.25 0 0 0 0 0 0 0 0 0 0 0 0 0.666667 0 0 0.333333 0 0 0 0 
TATGGCCA 0 0 0.166667 0 0.166667 0 0 0 0 0.333333 0 0 0 0 0.166667 0.166667 0 0 0.2 0 0 0 0 0 0.2 0.2 0 0 0 0.2 0.2 0 0 0.25 0 0 0 0 0 0 0.25 0 0 0 0 0.25 0.25 0 0 0.333333 0 0 0 0 0 0 0 0 0 0 0.333333 0.333333 0 0 
TCTGGCCA 0 0 0 0 0.166667 0 0.166667 0 0 0.333333 0 0 0 0 0.166667 0.166667 0 0 0 0 0 0 0.2 0 0.2 0.2 0 0 0 0.2 0.2 0 0 0 0 0 0 0.25 0 0 0.25 0 0 0 0 0.25 0.25 0 0 0 0 0 0 0.333333 0 0 0 0 0 0 0.333333 0.333333 0 0 
TGGCCAAA 0.166667 0 0 0 0.333333 0 0 0 0 0.333333 0 0 0 0 0.166667 0 0 0 0 0 0.4 0 0 0 0.2 0.2 0 0 0 0.2 0 0 0 0 0 0 0.25 0 0 0 0.5 0 0 0 0 0.25 0 0 0 0 0 0 0 0 0 0 0.666667 0 0 0 0.333333 0 0 0 
