0.44330102
0.425988866
0.429331275
0.438305504
0.484084896
0.459372384
0.467245514
0.445305522
0.470520822
0.435570865
0.443480304
0.43287225
0.42379877
0.461701442
0.42389828
0.431291088
0.45182442
0.456589596
0.466633335
0.449195818
0.430098255
0.430307859
0.425233277
0.423313648
0.463948047
0.452846357
0.44464527
0.42052237
0.42633623
0.473498233
0.45171207
0.465693999
0.430582748
0.430272405
0.436084979
0.428671782
0.440179319
0.427401731
0.426696703
0.426995952
0.478074364
0.453159145
0.462302044
0.441729793
0.455984804
0.449683783
0.434927453
0.482635514
0.430203376
0.424320113
0.435098526
0.46079274
0.437227376
0.457447526
0.435155582
0.426311887
0.442629909
0.447156572
0.455939155
0.451158446
0.454391612
0.430452173
0.457478422
0.426033808
0.449973457
0.424585219
0.427072888
0.441788221
0.428839877
0.464693611
0.444560832
0.48432159
0.463646424
0.440210326
0.464255873
0.452419874
0.438188774
0.429098871
0.432050425
0.432848544
0.445128907
0.442154943
0.429309933
0.435390181
0.429832856
0.443935101
0.465907463
0.432787912
0.428429781
0.434500788
0.462776745
0.420233566
0.490396553
0.451092753
0.484636872
0.432131882
0.456888903
0.459301297
0.480426489
0.475406636
0.470894403
0.431910424
0.453343599
0.473801592
0.422988359
0.443648165
0.435850837
0.433811592
0.435000042
0.433496217
0.470224642
0.448637373
0.445667457
0.423891459
0.444743746
0.43491829
0.460780452
0.429376373
0.424549926
0.454031251
0.436305564
0.436093337
0.424146677
0.43559153
0.42784569
0.443993817
0.475167893
0.438841401
0.474056201
0.43692102
0.427951016
0.459864274
0.443746418
0.425396192
0.454127735
0.428811642
0.449265654
0.430149618
0.422569212
0.447544198
0.442141788
0.430676259
0.438791265
0.451458861
0.433587595
0.431906573
0.478385681
0.458538147
0.443456644
0.450124424
0.442013516
0.436172527
0.461654171
0.441170853
0.438973909
0.422151654
0.440059108
0.439866543
0.450405352
0.443460011
0.426317863
0.461205822
0.421447065
0.428630928
0.467404524
0.426467604
0.432814839
0.425743756
0.432115029
0.461735587
0.444162308
0.425627263
0.430404937
0.433193795
0.422590123
0.436769442
0.465988073
0.437759633
0.437016522
0.43896318
0.450684524
0.454735825
0.462464959
0.424359219
0.45088349
0.43521884
0.468534945
0.44260152
0.434839944
0.447120057
0.45056224
0.435623583
0.439353156
0.465471915
0.4410894
0.428262184
0.47197751
0.437509551
0.42981409
0.440414604
0.437345344
0.436628587
0.451561986
0.431654373
0.422102297
0.433971749
0.427983131
0.462141288
0.431071231
0.462358222
0.442841919
0.423375672
0.443763727
0.460060559
0.456920233
0.421107291
0.44867001
0.451701397
0.444563816
0.4253706
0.425344072
0.479665091
0.456757628
0.459363958
0.42010808
0.467280939
0.449046221
0.445447262
0.432283987
0.420297237
0.451994397
0.447341334
0.432154784
0.475007163
0.434479941
0.447777335
0.442781041
0.421637913
0.448878931
0.423700421
0.472706387
0.434143295
0.457284618
0.420077711
0.435799049
0.447565385
0.421183076
0.432385391
0.42790697
0.432140961
0.42197403
0.462267756
0.435655707
0.433363054
0.439747591
0.440554282
0.475334968
0.425712712
0.459618351
0.422998132
0.443581445
0.440334117
0.448090477
0.460637562
0.46679113
0.465439737
0.466879942
0.445813697
0.421681951
0.46809476
0.462963056
0.455142739
0.469542097
0.430565837
0.454665138
0.428544738
0.423244916
0.429398701
0.456442831
0.429674564
0.421978822
0.436158616
0.453931823
0.425755212
0.424266548
0.452926979
0.434742603
0.446374415
0.457534603
0.435241712
0.438504589
0.423834013
0.432983193
0.427041629
0.430676282
0.441506921
0.429897465
0.421742984
0.426258718
0.437967966
0.457209977
0.436995862
0.471712976
0.471407219
0.437401817
0.42660436
0.454427954
0.421865926
0.441368934
0.431404221
0.478277714
0.444570406
0.442923938
0.441196435
0.470050207
0.426001963
0.423384568
0.429016175
0.463292272
0.460847153
0.430766819
0.443553946
0.451161868
0.472670637
0.449626618
0.482124074
0.430766819
0.437619935
0.448759433
0.462359919
0.429416583
0.435444933
0.442124426
0.460035901
0.44782528
0.461882288
0.421602215
0.431555449
0.442166851
0.446628825
0.454062866
0.483774824
0.421156887
0.429482429
0.449015387
0.454035149
0.42527132
0.44110209
