AAGATAAG 0.333333 0 0.333333 0 0 0 0 0 0 0 0 0.166667 0.166667 0 0 0 0.4 0 0 0.2 0 0 0 0 0.2 0 0 0 0 0 0.2 0 0.25 0 0.25 0.25 0 0 0 0 0.25 0 0 0 0 0 0 0 0.666667 0 0 0 0 0 0 0 0 0 0.333333 0 0 0 0 0 
ACCGATAA 0.166667 0.166667 0 0 0.166667 0 0.166667 0 0 0 0 0.166667 0.166667 0 0 0 0.2 0 0.2 0 0.2 0 0 0.2 0.2 0 0 0 0 0 0 0 0.25 0 0 0 0.25 0 0 0.25 0.25 0 0 0 0 0 0 0 0 0 0 0.333333 0.666667 0 0 0 0 0 0 0 0 0 0 0 
ACCTTATC 0 0.333333 0 0 0 0 0 0.333333 0 0 0 0 0.166667 0 0 0.166667 0 0 0 0.2 0.2 0 0 0.2 0 0 0 0 0 0.2 0 0.2 0 0 0 0.25 0.25 0 0 0.25 0 0 0 0 0 0.25 0 0 0.333333 0 0 0 0 0.333333 0 0.333333 0 0 0 0 0 0 0 0 
ACGATAAC 0.166667 0.166667 0.166667 0 0.166667 0 0 0 0 0 0 0.166667 0.166667 0 0 0 0.4 0 0 0 0 0 0 0.2 0.2 0 0 0 0 0.2 0 0 0 0.25 0 0.25 0.25 0 0 0 0.25 0 0 0 0 0 0 0 0.333333 0 0 0 0.333333 0 0 0 0 0.333333 0 0 0 0 0 0 
ACGATAAG 0.166667 0 0.333333 0 0.166667 0 0 0 0 0 0 0.166667 0.166667 0 0 0 0.4 0 0 0 0 0 0 0.2 0.2 0 0 0 0 0 0.2 0 0 0 0.25 0.25 0.25 0 0 0 0.25 0 0 0 0 0 0 0 0.333333 0 0 0 0.333333 0 0 0 0 0 0.333333 0 0 0 0 0 
ACTGATAA 0.166667 0 0 0.166667 0 0 0.166667 0 0 0 0 0.166667 0.333333 0 0 0 0.2 0 0.2 0 0.2 0 0 0 0.2 0 0 0 0 0 0 0.2 0.25 0 0 0 0 0 0 0.25 0.25 0 0 0 0.25 0 0 0 0 0 0 0.333333 0.333333 0 0 0 0 0 0 0 0.333333 0 0 0 
ACTTATCA 0 0.166667 0 0.166667 0 0 0 0.166667 0 0 0 0 0.333333 0 0 0.166667 0.2 0 0 0.2 0.2 0 0 0 0 0 0 0 0 0.2 0 0.2 0.25 0 0 0 0 0 0 0.25 0 0 0 0 0.25 0.25 0 0 0 0 0 0.333333 0 0.333333 0 0 0 0 0 0 0.333333 0 0 0 
ACTTATCG 0 0.166667 0 0.166667 0 0 0 0.166667 0 0 0 0 0.166667 0 0.166667 0.166667 0 0 0.2 0.2 0.2 0 0 0 0 0 0 0 0 0.2 0 0.2 0.25 0 0 0 0 0 0 0.25 0 0 0 0 0 0.25 0.25 0 0 0 0 0.333333 0 0.333333 0 0 0 0 0 0 0 0 0.333333 0 
AGATAACG 0.333333 0.166667 0.166667 0 0 0 0 0 0 0 0 0.166667 0.166667 0 0 0 0.2 0 0.2 0.2 0 0 0 0 0.2 0 0 0 0 0.2 0 0 0.25 0.25 0 0 0 0 0 0 0.25 0 0 0 0 0 0.25 0 0.333333 0 0.333333 0 0 0 0 0 0 0.333333 0 0 0 0 0 0 
AGATAAGA 0.5 0 0.166667 0 0 0 0 0 0 0 0 0.166667 0.166667 0 0 0 0.4 0 0 0.2 0 0 0 0 0.2 0 0 0 0 0 0.2 0 0.25 0 0.25 0 0 0 0 0 0.25 0 0 0 0.25 0 0 0 0.666667 0 0 0 0 0 0 0 0 0 0.333333 0 0 0 0 0 
AGATAAGC 0.333333 0.166667 0.166667 0 0 0 0 0 0 0 0 0.166667 0.166667 0 0 0 0.2 0.2 0 0.2 0 0 0 0 0.2 0 0 0 0 0 0.2 0 0.25 0 0.25 0 0 0 0 0 0.25 0 0 0 0 0.25 0 0 0.333333 0.333333 0 0 0 0 0 0 0 0 0.333333 0 0 0 0 0 
AGATAAGG 0.333333 0 0.333333 0 0 0 0 0 0 0 0 0.166667 0.166667 0 0 0 0.2 0 0.2 0.2 0 0 0 0 0.2 0 0 0 0 0 0.2 0 0.25 0 0.25 0 0 0 0 0 0.25 0 0 0 0 0 0.25 0 0.333333 0 0.333333 0 0 0 0 0 0 0 0.333333 0 0 0 0 0 
AGCTTATC 0 0.333333 0 0 0 0 0 0.166667 0 0 0 0.166667 0.166667 0 0 0.166667 0 0 0 0.2 0.2 0 0 0 0 0 0 0.2 0 0.2 0 0.2 0 0 0 0.25 0 0 0 0.25 0.25 0 0 0 0 0.25 0 0 0.333333 0 0 0 0 0.333333 0 0 0 0 0 0.333333 0 0 0 0 
ATCTTATC 0 0.333333 0 0 0 0 0 0.166667 0 0 0 0 0.166667 0 0 0.333333 0 0 0 0.2 0.2 0 0 0 0 0 0 0 0 0.2 0 0.4 0 0 0 0.25 0 0 0 0.25 0 0 0 0 0.25 0.25 0 0 0.333333 0 0 0 0 0.333333 0 0 0 0 0 0 0 0 0 0.333333 
ATGATAAG 0.166667 0 0.333333 0 0 0 0 0 0 0 0 0.166667 0.333333 0 0 0 0.4 0 0 0 0 0 0 0 0.2 0 0 0 0 0 0.2 0.2 0 0 0.25 0.25 0 0 0 0 0.25 0 0 0 0.25 0 0 0 0.333333 0 0 0 0 0 0 0 0 0 0.333333 0 0.333333 0 0 0 
CAGATAAG 0.333333 0 0.166667 0 0 0 0.166667 0 0 0 0 0.166667 0.166667 0 0 0 0.2 0 0 0.2 0.2 0 0 0 0.2 0 0 0 0 0 0.2 0 0.25 0 0.25 0 0 0 0 0.25 0.25 0 0 0 0 0 0 0 0.333333 0 0 0 0.333333 0 0 0 0 0 0.333333 0 0 0 0 0 
CCCGATAA 0.166667 0 0 0 0.166667 0.166667 0.166667 0 0 0 0 0.166667 0.166667 0 0 0 0.2 0 0 0 0.2 0 0.2 0.2 0.2 0 0 0 0 0 0 0 0 0 0 0 0.5 0 0 0.25 0.25 0 0 0 0 0 0 0 0 0 0 0 0.666667 0 0 0.333333 0 0 0 0 0 0 0 0 
CCCTTATC 0 0.166667 0 0 0 0.166667 0 0.333333 0 0 0 0 0.166667 0 0 0.166667 0 0 0 0 0.2 0 0 0.4 0 0 0 0 0 0.2 0 0.2 0 0 0 0 0.25 0 0 0.5 0 0 0 0 0 0.25 0 0 0 0 0 0 0.333333 0.333333 0 0.333333 0 0 0 0 0 0 0 0 
CCGATAAC 0.166667 0.166667 0 0 0.166667 0 0.166667 0 0 0 0 0.166667 0.166667 0 0 0 0.2 0 0 0 0.2 0 0 0.2 0.2 0 0 0 0 0.2 0 0 0 0.25 0 0 0.25 0 0 0.25 0.25 0 0 0 0 0 0 0 0 0 0 0 0.666667 0 0 0 0 0.333333 0 0 0 0 0 0 
CCGATAAG 0.166667 0 0.166667 0 0.166667 0 0.166667 0 0 0 0 0.166667 0.166667 0 0 0 0.2 0 0 0 0.2 0 0 0.2 0.2 0 0 0 0 0 0.2 0 0 0 0.25 0 0.25 0 0 0.25 0.25 0 0 0 0 0 0 0 0 0 0 0 0.666667 0 0 0 0 0 0.333333 0 0 0 0 0 
CCGTTATC 0 0.166667 0 0 0 0 0.166667 0.166667 0 0 0 0.166667 0.166667 0 0 0.166667 0 0 0 0 0 0 0 0.4 0.2 0 0 0 0 0.2 0 0.2 0 0 0 0 0.25 0 0 0.25 0 0 0 0.25 0 0.25 0 0 0 0 0 0 0.333333 0 0 0.333333 0 0.333333 0 0 0 0 0 0 
CCTTATCA 0 0.166667 0 0 0 0 0 0.333333 0 0 0 0 0.333333 0 0 0.166667 0.2 0 0 0 0.2 0 0 0.2 0 0 0 0 0 0.2 0 0.2 0 0 0 0 0.25 0 0 0.25 0 0 0 0 0.25 0.25 0 0 0 0 0 0 0 0.333333 0 0.333333 0 0 0 0 0.333333 0 0 0 
CCTTATCG 0 0.166667 0 0 0 0 0 0.333333 0 0 0 0 0.166667 0 0.166667 0.166667 0 0 0.2 0 0.2 0 0 0.2 0 0 0 0 0 0.2 0 0.2 0 0 0 0 0.25 0 0 0.25 0 0 0 0 0 0.25 0.25 0 0 0 0 0 0 0.333333 0 0.333333 0 0 0 0 0 0 0.333333 0 
CGATAACA 0.333333 0.166667 0 0 0.166667 0 0 0 0 0 0 0.166667 0.166667 0 0 0 0.4 0 0 0 0 0 0 0.2 0.2 0 0 0 0 0.2 0 0 0 0.25 0 0 0.25 0 0 0 0.25 0 0 0 0.25 0 0 0 0.333333 0 0 0 0.333333 0 0 0 0 0.333333 0 0 0 0 0 0 
CGATAACG 0.166667 0.166667 0.166667 0 0.166667 0 0 0 0 0 0 0.166667 0.166667 0 0 0 0.2 0 0.2 0 0 0 0 0.2 0.2 0 0 0 0 0.2 0 0 0 0.25 0 0 0.25 0 0 0 0.25 0 0 0 0 0 0.25 0 0 0 0.333333 0 0.333333 0 0 0 0 0.333333 0 0 0 0 0 0 
CGATAAGA 0.333333 0 0.166667 0 0.166667 0 0 0 0 0 0 0.166667 0.166667 0 0 0 0.4 0 0 0 0 0 0 0.2 0.2 0 0 0 0 0 0.2 0 0 0 0.25 0 0.25 0 0 0 0.25 0 0 0 0.25 0 0 0 0.333333 0 0 0 0.333333 0 0 0 0 0 0.333333 0 0 0 0 0 
CGATAAGC 0.166667 0.166667 0.166667 0 0.166667 0 0 0 0 0 0 0.166667 0.166667 0 0 0 0.2 0.2 0 0 0 0 0 0.2 0.2 0 0 0 0 0 0.2 0 0 0 0.25 0 0.25 0 0 0 0.25 0 0 0 0 0.25 0 0 0 0.333333 0 0 0.333333 0 0 0 0 0 0.333333 0 0 0 0 0 
CGCGATAA 0.166667 0 0 0 0.166667 0.166667 0 0 0 0 0.166667 0.166667 0.166667 0 0 0 0.2 0 0 0 0 0 0.2 0.2 0.4 0 0 0 0 0 0 0 0 0 0 0 0.5 0 0 0 0.25 0 0 0.25 0 0 0 0 0 0 0 0 0.333333 0 0 0.333333 0.333333 0 0 0 0 0 0 0 
CGCTTATC 0 0.166667 0 0 0 0.166667 0 0.166667 0 0 0 0.166667 0.166667 0 0 0.166667 0 0 0 0 0.2 0 0 0.2 0 0 0 0.2 0 0.2 0 0.2 0 0 0 0 0 0 0 0.5 0.25 0 0 0 0 0.25 0 0 0 0 0 0 0.333333 0.333333 0 0 0 0 0 0.333333 0 0 0 0 
CGGATAAG 0.166667 0 0.166667 0 0 0 0.166667 0 0.166667 0 0 0.166667 0.166667 0 0 0 0.2 0 0 0 0.2 0 0 0 0.2 0 0 0.2 0 0 0.2 0 0 0 0.25 0 0 0 0 0.25 0.5 0 0 0 0 0 0 0 0 0 0 0 0.333333 0 0 0 0.333333 0 0.333333 0 0 0 0 0 
CGTTATCA 0 0.166667 0 0 0 0 0 0.166667 0 0 0 0.166667 0.333333 0 0 0.166667 0.2 0 0 0 0 0 0 0.2 0.2 0 0 0 0 0.2 0 0.2 0 0 0 0 0.25 0 0 0 0 0 0 0.25 0.25 0.25 0 0 0 0 0 0 0 0 0 0.333333 0 0.333333 0 0 0.333333 0 0 0 
CTCTTATC 0 0.166667 0 0 0 0.166667 0 0.166667 0 0 0 0 0.166667 0 0 0.333333 0 0 0 0 0.2 0 0 0.2 0 0 0 0 0 0.2 0 0.4 0 0 0 0 0 0 0 0.5 0 0 0 0 0.25 0.25 0 0 0 0 0 0 0.333333 0.333333 0 0 0 0 0 0 0 0 0 0.333333 
CTGATAAC 0.166667 0.166667 0 0 0 0 0.166667 0 0 0 0 0.166667 0.333333 0 0 0 0.2 0 0 0 0.2 0 0 0 0.2 0 0 0 0 0.2 0 0.2 0 0.25 0 0 0 0 0 0.25 0.25 0 0 0 0.25 0 0 0 0 0 0 0 0.333333 0 0 0 0 0.333333 0 0 0.333333 0 0 0 
CTGATAAG 0.166667 0 0.166667 0 0 0 0.166667 0 0 0 0 0.166667 0.333333 0 0 0 0.2 0 0 0 0.2 0 0 0 0.2 0 0 0 0 0 0.2 0.2 0 0 0.25 0 0 0 0 0.25 0.25 0 0 0 0.25 0 0 0 0 0 0 0 0.333333 0 0 0 0 0 0.333333 0 0.333333 0 0 0 
CTTATCAA 0 0.166667 0 0 0.166667 0 0 0.166667 0 0 0 0 0.333333 0 0 0.166667 0.2 0 0 0 0.2 0 0 0 0 0 0 0 0.2 0.2 0 0.2 0.25 0 0 0 0 0 0 0.25 0 0 0 0 0.25 0.25 0 0 0 0 0 0 0 0.333333 0 0 0 0 0 0 0.666667 0 0 0 
CTTATCAC 0 0.166667 0 0 0 0.166667 0 0.166667 0 0 0 0 0.333333 0 0 0.166667 0.2 0 0 0 0.2 0 0 0 0 0 0 0 0 0.4 0 0.2 0 0.25 0 0 0 0 0 0.25 0 0 0 0 0.25 0.25 0 0 0 0 0 0 0 0.333333 0 0 0 0 0 0 0.333333 0.333333 0 0 
CTTATCGA 0 0.166667 0 0 0.166667 0 0 0.166667 0 0 0 0 0.166667 0 0.166667 0.166667 0 0 0.2 0 0.2 0 0 0 0 0 0 0 0.2 0.2 0 0.2 0.25 0 0 0 0 0 0 0.25 0 0 0 0 0 0.25 0.25 0 0 0 0 0 0 0.333333 0 0 0 0 0 0 0.333333 0 0.333333 0 
CTTATCGC 0 0.166667 0 0 0 0.166667 0 0.166667 0 0 0 0 0.166667 0 0.166667 0.166667 0 0 0.2 0 0.2 0 0 0 0 0 0 0 0 0.4 0 0.2 0 0.25 0 0 0 0 0 0.25 0 0 0 0 0 0.25 0.25 0 0 0 0 0 0 0.333333 0 0 0 0 0 0 0 0.333333 0.333333 0 
CTTATCTA 0 0.166667 0 0 0.166667 0 0 0.166667 0 0 0 0 0.166667 0 0 0.333333 0 0 0 0.2 0.2 0 0 0 0 0 0 0 0.2 0.2 0 0.2 0.25 0 0 0 0 0 0 0.25 0 0 0 0 0 0.25 0 0.25 0 0 0 0 0 0.333333 0 0 0 0 0 0 0.333333 0 0 0.333333 
CTTATCTC 0 0.166667 0 0 0 0.166667 0 0.166667 0 0 0 0 0.166667 0 0 0.333333 0 0 0 0.2 0.2 0 0 0 0 0 0 0 0 0.4 0 0.2 0 0.25 0 0 0 0 0 0.25 0 0 0 0 0 0.25 0 0.25 0 0 0 0 0 0.333333 0 0 0 0 0 0 0 0.333333 0 0.333333 
CTTGATAA 0.166667 0 0 0 0 0 0 0.166667 0 0 0 0.166667 0.333333 0 0.166667 0 0.2 0 0 0 0 0 0.2 0 0.2 0 0 0 0.2 0 0 0.2 0 0 0 0 0.25 0 0 0 0.25 0 0 0 0.25 0 0 0.25 0 0 0 0 0 0 0 0.333333 0 0 0 0 0.666667 0 0 0 
GATAACAA 0.333333 0.166667 0 0 0.166667 0 0 0 0 0 0 0.166667 0.166667 0 0 0 0.6 0 0 0 0 0 0 0 0.2 0 0 0 0 0.2 0 0 0.25 0.25 0 0 0 0 0 0 0.25 0 0 0 0.25 0 0 0 0.333333 0 0 0 0 0 0 0 0 0.333333 0 0 0.333333 0 0 0 
GATAACGA 0.166667 0.166667 0.166667 0 0.166667 0 0 0 0 0 0 0.166667 0.166667 0 0 0 0.4 0 0.2 0 0 0 0 0 0.2 0 0 0 0 0.2 0 0 0.25 0.25 0 0 0 0 0 0 0.25 0 0 0 0 0 0.25 0 0 0 0.333333 0 0 0 0 0 0 0.333333 0 0 0.333333 0 0 0 
GATAAGAA 0.333333 0 0.166667 0 0 0 0 0 0.166667 0 0 0.166667 0.166667 0 0 0 0.6 0 0 0 0 0 0 0 0.2 0 0 0 0 0 0.2 0 0.25 0 0.25 0 0 0 0 0 0.25 0 0 0 0.25 0 0 0 0.333333 0 0 0 0 0 0 0 0 0 0.333333 0 0.333333 0 0 0 
GATAAGAC 0.333333 0 0.166667 0 0 0 0 0 0 0.166667 0 0.166667 0.166667 0 0 0 0.4 0.2 0 0 0 0 0 0 0.2 0 0 0 0 0 0.2 0 0 0.25 0.25 0 0 0 0 0 0.25 0 0 0 0.25 0 0 0 0.333333 0 0 0 0 0 0 0 0 0 0.333333 0 0 0.333333 0 0 
GATAAGCA 0.166667 0.166667 0.166667 0 0 0 0 0 0.166667 0 0 0.166667 0.166667 0 0 0 0.4 0.2 0 0 0 0 0 0 0.2 0 0 0 0 0 0.2 0 0.25 0 0.25 0 0 0 0 0 0.25 0 0 0 0 0.25 0 0 0 0.333333 0 0 0 0 0 0 0 0 0.333333 0 0.333333 0 0 0 
GATAAGCC 0.166667 0.166667 0.166667 0 0 0 0 0 0 0.166667 0 0.166667 0.166667 0 0 0 0.2 0.4 0 0 0 0 0 0 0.2 0 0 0 0 0 0.2 0 0 0.25 0.25 0 0 0 0 0 0.25 0 0 0 0 0.25 0 0 0 0.333333 0 0 0 0 0 0 0 0 0.333333 0 0 0.333333 0 0 
GATAAGGA 0.166667 0 0.333333 0 0 0 0 0 0.166667 0 0 0.166667 0.166667 0 0 0 0.4 0 0.2 0 0 0 0 0 0.2 0 0 0 0 0 0.2 0 0.25 0 0.25 0 0 0 0 0 0.25 0 0 0 0 0 0.25 0 0 0 0.333333 0 0 0 0 0 0 0 0.333333 0 0.333333 0 0 0 
GATAAGGC 0.166667 0 0.333333 0 0 0 0 0 0 0.166667 0 0.166667 0.166667 0 0 0 0.2 0.2 0.2 0 0 0 0 0 0.2 0 0 0 0 0 0.2 0 0 0.25 0.25 0 0 0 0 0 0.25 0 0 0 0 0 0.25 0 0 0 0.333333 0 0 0 0 0 0 0 0.333333 0 0 0.333333 0 0 
GATAAGTA 0.166667 0 0.166667 0.166667 0 0 0 0 0.166667 0 0 0.166667 0.166667 0 0 0 0.4 0 0 0.2 0 0 0 0 0.2 0 0 0 0 0 0.2 0 0.25 0 0.25 0 0 0 0 0 0.25 0 0 0 0 0 0 0.25 0 0 0 0.333333 0 0 0 0 0 0 0.333333 0 0.333333 0 0 0 
GCGATAAC 0.166667 0.166667 0 0 0.166667 0 0 0 0 0 0.166667 0.166667 0.166667 0 0 0 0.2 0 0 0 0 0 0 0.2 0.4 0 0 0 0 0.2 0 0 0 0.25 0 0 0.25 0 0 0 0.25 0 0 0.25 0 0 0 0 0 0 0 0 0.333333 0 0 0 0.333333 0.333333 0 0 0 0 0 0 
GCTGATAA 0.166667 0 0 0 0 0 0.166667 0 0 0 0 0.333333 0.333333 0 0 0 0.2 0 0 0 0.2 0 0 0 0.2 0 0.2 0 0 0 0 0.2 0 0 0 0 0 0 0 0.25 0.5 0 0 0 0.25 0 0 0 0 0 0 0 0.333333 0 0 0 0 0 0 0.333333 0.333333 0 0 0 
GCTTATCA 0 0.166667 0 0 0 0 0 0.166667 0 0 0 0.166667 0.333333 0 0 0.166667 0.2 0 0 0 0.2 0 0 0 0 0 0 0.2 0 0.2 0 0.2 0 0 0 0 0 0 0 0.25 0.25 0 0 0 0.25 0.25 0 0 0 0 0 0 0 0.333333 0 0 0 0 0 0.333333 0.333333 0 0 0 
GGCGATAA 0.166667 0 0 0 0.166667 0 0 0 0 0.166667 0.166667 0.166667 0.166667 0 0 0 0.2 0 0 0 0 0 0 0.2 0.4 0 0.2 0 0 0 0 0 0 0 0 0 0.25 0 0 0 0.5 0 0 0.25 0 0 0 0 0 0 0 0 0.333333 0 0 0 0.333333 0 0 0.333333 0 0 0 0 
GTTATCAA 0 0.166667 0 0 0.166667 0 0 0 0 0 0 0.166667 0.333333 0 0 0.166667 0.2 0 0 0 0 0 0 0 0.2 0 0 0 0.2 0.2 0 0.2 0.25 0 0 0 0 0 0 0 0 0 0 0.25 0.25 0.25 0 0 0 0 0 0 0 0 0 0 0 0.333333 0 0 0.666667 0 0 0 
GTTATCTA 0 0.166667 0 0 0.166667 0 0 0 0 0 0 0.166667 0.166667 0 0 0.333333 0 0 0 0.2 0 0 0 0 0.2 0 0 0 0.2 0.2 0 0.2 0.25 0 0 0 0 0 0 0 0 0 0 0.25 0 0.25 0 0.25 0 0 0 0 0 0 0 0 0 0.333333 0 0 0.333333 0 0 0.333333 
TAAGATAA 0.333333 0 0.166667 0 0 0 0 0 0 0 0 0.166667 0.333333 0 0 0 0.4 0 0 0.2 0 0 0 0 0.2 0 0 0 0 0 0.2 0 0.25 0 0 0.25 0 0 0 0 0.25 0 0 0 0.25 0 0 0 0.666667 0 0 0 0 0 0 0 0 0 0 0 0 0 0 0.333333 
TACGATAA 0.166667 0 0.166667 0 0.166667 0 0 0 0 0 0 0.166667 0.166667 0.166667 0 0 0.4 0 0 0 0 0 0 0.2 0.2 0 0 0 0 0 0.2 0 0 0 0 0.25 0.25 0 0 0 0.25 0 0 0 0.25 0 0 0 0.333333 0 0 0 0.333333 0 0 0 0 0 0 0 0 0 0 0.333333 
TATGATAA 0.166667 0 0.166667 0 0 0 0 0 0 0 0 0.166667 0.333333 0 0 0.166667 0.4 0 0 0 0 0 0 0 0.2 0 0 0 0 0 0.2 0.2 0 0 0 0.25 0 0 0 0 0.25 0 0 0 0.5 0 0 0 0.333333 0 0 0 0 0 0 0 0 0 0 0 0.333333 0 0 0.333333 
TCCGATAA 0.166667 0 0 0 0.166667 0 0.166667 0 0 0 0 0.166667 0.166667 0.166667 0 0 0.2 0 0 0 0.2 0 0 0.2 0.2 0 0 0 0 0 0.2 0 0 0 0 0 0.25 0 0 0.25 0.25 0 0 0 0.25 0 0 0 0 0 0 0 0.666667 0 0 0 0 0 0 0 0 0 0 0.333333 
TCTGATAA 0.166667 0 0 0 0 0 0.166667 0 0 0 0 0.166667 0.333333 0 0 0.166667 0.2 0 0 0 0.2 0 0 0 0.2 0 0 0 0 0 0.2 0.2 0 0 0 0 0 0 0 0.25 0.25 0 0 0 0.5 0 0 0 0 0 0 0 0.333333 0 0 0 0 0 0 0 0.333333 0 0 0.333333 
TCTTATCA 0 0.166667 0 0 0 0 0 0.166667 0 0 0 0 0.333333 0 0 0.333333 0.2 0 0 0 0.2 0 0 0 0 0 0 0 0 0.2 0 0.4 0 0 0 0 0 0 0 0.25 0 0 0 0 0.5 0.25 0 0 0 0 0 0 0 0.333333 0 0 0 0 0 0 0.333333 0 0 0.333333 
TGCGATAA 0.166667 0 0 0 0.166667 0 0 0 0 0 0.166667 0.166667 0.166667 0.166667 0 0 0.2 0 0 0 0 0 0 0.2 0.4 0 0 0 0 0 0.2 0 0 0 0 0 0.25 0 0 0 0.25 0 0 0.25 0.25 0 0 0 0 0 0 0 0.333333 0 0 0 0.333333 0 0 0 0 0 0 0.333333 
AAAGATAA 0.5 0 0.166667 0 0 0 0 0 0 0 0 0.166667 0.166667 0 0 0 0.4 0 0.2 0.2 0 0 0 0 0.2 0 0 0 0 0 0 0 0.5 0 0 0.25 0 0 0 0 0.25 0 0 0 0 0 0 0 0.666667 0 0 0.333333 0 0 0 0 0 0 0 0 0 0 0 0 
AAGATAAG 0.333333 0 0.333333 0 0 0 0 0 0 0 0 0.166667 0.166667 0 0 0 0.4 0 0 0.2 0 0 0 0 0.2 0 0 0 0 0 0.2 0 0.25 0 0.25 0.25 0 0 0 0 0.25 0 0 0 0 0 0 0 0.666667 0 0 0 0 0 0 0 0 0 0.333333 0 0 0 0 0 
ACCGATAA 0.166667 0.166667 0 0 0.166667 0 0.166667 0 0 0 0 0.166667 0.166667 0 0 0 0.2 0 0.2 0 0.2 0 0 0.2 0.2 0 0 0 0 0 0 0 0.25 0 0 0 0.25 0 0 0.25 0.25 0 0 0 0 0 0 0 0 0 0 0.333333 0.666667 0 0 0 0 0 0 0 0 0 0 0 
ACCTTATC 0 0.333333 0 0 0 0 0 0.333333 0 0 0 0 0.166667 0 0 0.166667 0 0 0 0.2 0.2 0 0 0.2 0 0 0 0 0 0.2 0 0.2 0 0 0 0.25 0.25 0 0 0.25 0 0 0 0 0 0.25 0 0 0.333333 0 0 0 0 0.333333 0 0.333333 0 0 0 0 0 0 0 0 
ACGATAAC 0.166667 0.166667 0.166667 0 0.166667 0 0 0 0 0 0 0.166667 0.166667 0 0 0 0.4 0 0 0 0 0 0 0.2 0.2 0 0 0 0 0.2 0 0 0 0.25 0 0.25 0.25 0 0 0 0.25 0 0 0 0 0 0 0 0.333333 0 0 0 0.333333 0 0 0 0 0.333333 0 0 0 0 0 0 
ACGATAAG 0.166667 0 0.333333 0 0.166667 0 0 0 0 0 0 0.166667 0.166667 0 0 0 0.4 0 0 0 0 0 0 0.2 0.2 0 0 0 0 0 0.2 0 0 0 0.25 0.25 0.25 0 0 0 0.25 0 0 0 0 0 0 0 0.333333 0 0 0 0.333333 0 0 0 0 0 0.333333 0 0 0 0 0 
ACTGATAA 0.166667 0 0 0.166667 0 0 0.166667 0 0 0 0 0.166667 0.333333 0 0 0 0.2 0 0.2 0 0.2 0 0 0 0.2 0 0 0 0 0 0 0.2 0.25 0 0 0 0 0 0 0.25 0.25 0 0 0 0.25 0 0 0 0 0 0 0.333333 0.333333 0 0 0 0 0 0 0 0.333333 0 0 0 
AGATAACA 0.5 0.166667 0 0 0 0 0 0 0 0 0 0.166667 0.166667 0 0 0 0.4 0 0 0.2 0 0 0 0 0.2 0 0 0 0 0.2 0 0 0.25 0.25 0 0 0 0 0 0 0.25 0 0 0 0.25 0 0 0 0.666667 0 0 0 0 0 0 0 0 0.333333 0 0 0 0 0 0 
AGATAACG 0.333333 0.166667 0.166667 0 0 0 0 0 0 0 0 0.166667 0.166667 0 0 0 0.2 0 0.2 0.2 0 0 0 0 0.2 0 0 0 0 0.2 0 0 0.25 0.25 0 0 0 0 0 0 0.25 0 0 0 0 0 0.25 0 0.333333 0 0.333333 0 0 0 0 0 0 0.333333 0 0 0 0 0 0 
AGATAAGA 0.5 0 0.166667 0 0 0 0 0 0 0 0 0.166667 0.166667 0 0 0 0.4 0 0 0.2 0 0 0 0 0.2 0 0 0 0 0 0.2 0 0.25 0 0.25 0 0 0 0 0 0.25 0 0 0 0.25 0 0 0 0.666667 0 0 0 0 0 0 0 0 0 0.333333 0 0 0 0 0 
AGATAAGC 0.333333 0.166667 0.166667 0 0 0 0 0 0 0 0 0.166667 0.166667 0 0 0 0.2 0.2 0 0.2 0 0 0 0 0.2 0 0 0 0 0 0.2 0 0.25 0 0.25 0 0 0 0 0 0.25 0 0 0 0 0.25 0 0 0.333333 0.333333 0 0 0 0 0 0 0 0 0.333333 0 0 0 0 0 
AGATAAGG 0.333333 0 0.333333 0 0 0 0 0 0 0 0 0.166667 0.166667 0 0 0 0.2 0 0.2 0.2 0 0 0 0 0.2 0 0 0 0 0 0.2 0 0.25 0 0.25 0 0 0 0 0 0.25 0 0 0 0 0 0.25 0 0.333333 0 0.333333 0 0 0 0 0 0 0 0.333333 0 0 0 0 0 
AGCTTATC 0 0.333333 0 0 0 0 0 0.166667 0 0 0 0.166667 0.166667 0 0 0.166667 0 0 0 0.2 0.2 0 0 0 0 0 0 0.2 0 0.2 0 0.2 0 0 0 0.25 0 0 0 0.25 0.25 0 0 0 0 0.25 0 0 0.333333 0 0 0 0 0.333333 0 0 0 0 0 0.333333 0 0 0 0 
ATAGATAA 0.5 0 0 0 0 0 0 0 0 0 0 0.166667 0.166667 0 0.166667 0 0.2 0 0.2 0.2 0 0 0 0 0.2 0 0 0 0.2 0 0 0 0.5 0 0 0 0 0 0 0 0.25 0 0 0 0 0 0 0.25 0.333333 0 0 0.333333 0 0 0 0 0 0 0 0 0.333333 0 0 0 
ATCTTATC 0 0.333333 0 0 0 0 0 0.166667 0 0 0 0 0.166667 0 0 0.333333 0 0 0 0.2 0.2 0 0 0 0 0 0 0 0 0.2 0 0.4 0 0 0 0.25 0 0 0 0.25 0 0 0 0 0.25 0.25 0 0 0.333333 0 0 0 0 0.333333 0 0 0 0 0 0 0 0 0 0.333333 
ATGATAAG 0.166667 0 0.333333 0 0 0 0 0 0 0 0 0.166667 0.333333 0 0 0 0.4 0 0 0 0 0 0 0 0.2 0 0 0 0 0 0.2 0.2 0 0 0.25 0.25 0 0 0 0 0.25 0 0 0 0.25 0 0 0 0.333333 0 0 0 0 0 0 0 0 0 0.333333 0 0.333333 0 0 0 
CACGATAA 0.166667 0 0.166667 0 0.166667 0.166667 0 0 0 0 0 0.166667 0.166667 0 0 0 0.4 0 0 0 0 0 0.2 0.2 0.2 0 0 0 0 0 0 0 0 0 0 0.25 0.5 0 0 0 0.25 0 0 0 0 0 0 0 0.333333 0 0 0 0.333333 0 0 0.333333 0 0 0 0 0 0 0 0 
CAGATAAG 0.333333 0 0.166667 0 0 0 0.166667 0 0 0 0 0.166667 0.166667 0 0 0 0.2 0 0 0.2 0.2 0 0 0 0.2 0 0 0 0 0 0.2 0 0.25 0 0.25 0 0 0 0 0.25 0.25 0 0 0 0 0 0 0 0.333333 0 0 0 0.333333 0 0 0 0 0 0.333333 0 0 0 0 0 
CCCGATAA 0.166667 0 0 0 0.166667 0.166667 0.166667 0 0 0 0 0.166667 0.166667 0 0 0 0.2 0 0 0 0.2 0 0.2 0.2 0.2 0 0 0 0 0 0 0 0 0 0 0 0.5 0 0 0.25 0.25 0 0 0 0 0 0 0 0 0 0 0 0.666667 0 0 0.333333 0 0 0 0 0 0 0 0 
CCCTTATC 0 0.166667 0 0 0 0.166667 0 0.333333 0 0 0 0 0.166667 0 0 0.166667 0 0 0 0 0.2 0 0 0.4 0 0 0 0 0 0.2 0 0.2 0 0 0 0 0.25 0 0 0.5 0 0 0 0 0 0.25 0 0 0 0 0 0 0.333333 0.333333 0 0.333333 0 0 0 0 0 0 0 0 
CCGATAAC 0.166667 0.166667 0 0 0.166667 0 0.166667 0 0 0 0 0.166667 0.166667 0 0 0 0.2 0 0 0 0.2 0 0 0.2 0.2 0 0 0 0 0.2 0 0 0 0.25 0 0 0.25 0 0 0.25 0.25 0 0 0 0 0 0 0 0 0 0 0 0.666667 0 0 0 0 0.333333 0 0 0 0 0 0 
CCGATAAG 0.166667 0 0.166667 0 0.166667 0 0.166667 0 0 0 0 0.166667 0.166667 0 0 0 0.2 0 0 0 0.2 0 0 0.2 0.2 0 0 0 0 0 0.2 0 0 0 0.25 0 0.25 0 0 0.25 0.25 0 0 0 0 0 0 0 0 0 0 0 0.666667 0 0 0 0 0 0.333333 0 0 0 0 0 
CCGTTATC 0 0.166667 0 0 0 0 0.166667 0.166667 0 0 0 0.166667 0.166667 0 0 0.166667 0 0 0 0 0 0 0 0.4 0.2 0 0 0 0 0.2 0 0.2 0 0 0 0 0.25 0 0 0.25 0 0 0 0.25 0 0.25 0 0 0 0 0 0 0.333333 0 0 0.333333 0 0.333333 0 0 0 0 0 0 
CCTGATAA 0.166667 0 0 0 0 0 0.166667 0.166667 0 0 0 0.166667 0.333333 0 0 0 0.2 0 0 0 0.2 0 0.2 0 0.2 0 0 0 0 0 0 0.2 0 0 0 0 0.25 0 0 0.25 0.25 0 0 0 0.25 0 0 0 0 0 0 0 0.333333 0 0 0.333333 0 0 0 0 0.333333 0 0 0 
CCTTATCA 0 0.166667 0 0 0 0 0 0.333333 0 0 0 0 0.333333 0 0 0.166667 0.2 0 0 0 0.2 0 0 0.2 0 0 0 0 0 0.2 0 0.2 0 0 0 0 0.25 0 0 0.25 0 0 0 0 0.25 0.25 0 0 0 0 0 0 0 0.333333 0 0.333333 0 0 0 0 0.333333 0 0 0 
CCTTATCG 0 0.166667 0 0 0 0 0 0.333333 0 0 0 0 0.166667 0 0.166667 0.166667 0 0 0.2 0 0.2 0 0 0.2 0 0 0 0 0 0.2 0 0.2 0 0 0 0 0.25 0 0 0.25 0 0 0 0 0 0.25 0.25 0 0 0 0 0 0 0.333333 0 0.333333 0 0 0 0 0 0 0.333333 0 
CGATAACA 0.333333 0.166667 0 0 0.166667 0 0 0 0 0 0 0.166667 0.166667 0 0 0 0.4 0 0 0 0 0 0 0.2 0.2 0 0 0 0 0.2 0 0 0 0.25 0 0 0.25 0 0 0 0.25 0 0 0 0.25 0 0 0 0.333333 0 0 0 0.333333 0 0 0 0 0.333333 0 0 0 0 0 0 
CGATAACG 0.166667 0.166667 0.166667 0 0.166667 0 0 0 0 0 0 0.166667 0.166667 0 0 0 0.2 0 0.2 0 0 0 0 0.2 0.2 0 0 0 0 0.2 0 0 0 0.25 0 0 0.25 0 0 0 0.25 0 0 0 0 0 0.25 0 0 0 0.333333 0 0.333333 0 0 0 0 0.333333 0 0 0 0 0 0 
CGATAAGA 0.333333 0 0.166667 0 0.166667 0 0 0 0 0 0 0.166667 0.166667 0 0 0 0.4 0 0 0 0 0 0 0.2 0.2 0 0 0 0 0 0.2 0 0 0 0.25 0 0.25 0 0 0 0.25 0 0 0 0.25 0 0 0 0.333333 0 0 0 0.333333 0 0 0 0 0 0.333333 0 0 0 0 0 
CGATAAGC 0.166667 0.166667 0.166667 0 0.166667 0 0 0 0 0 0 0.166667 0.166667 0 0 0 0.2 0.2 0 0 0 0 0 0.2 0.2 0 0 0 0 0 0.2 0 0 0 0.25 0 0.25 0 0 0 0.25 0 0 0 0 0.25 0 0 0 0.333333 0 0 0.333333 0 0 0 0 0 0.333333 0 0 0 0 0 
CGATATCG 0.166667 0.166667 0 0 0.166667 0 0 0 0 0 0 0.166667 0 0 0.166667 0.166667 0 0 0.2 0.2 0 0 0 0.2 0.2 0 0 0 0 0.2 0 0 0 0.25 0 0 0.25 0 0 0 0 0 0 0.25 0 0 0.25 0 0 0 0.333333 0 0 0 0 0.333333 0 0.333333 0 0 0 0 0 0 
CGCGATAA 0.166667 0 0 0 0.166667 0.166667 0 0 0 0 0.166667 0.166667 0.166667 0 0 0 0.2 0 0 0 0 0 0.2 0.2 0.4 0 0 0 0 0 0 0 0 0 0 0 0.5 0 0 0 0.25 0 0 0.25 0 0 0 0 0 0 0 0 0.333333 0 0 0.333333 0.333333 0 0 0 0 0 0 0 
CGCTTATC 0 0.166667 0 0 0 0.166667 0 0.166667 0 0 0 0.166667 0.166667 0 0 0.166667 0 0 0 0 0.2 0 0 0.2 0 0 0 0.2 0 0.2 0 0.2 0 0 0 0 0 0 0 0.5 0.25 0 0 0 0 0.25 0 0 0 0 0 0 0.333333 0.333333 0 0 0 0 0 0.333333 0 0 0 0 
CGGATAAG 0.166667 0 0.166667 0 0 0 0.166667 0 0.166667 0 0 0.166667 0.166667 0 0 0 0.2 0 0 0 0.2 0 0 0 0.2 0 0 0.2 0 0 0.2 0 0 0 0.25 0 0 0 0 0.25 0.5 0 0 0 0 0 0 0 0 0 0 0 0.333333 0 0 0 0.333333 0 0.333333 0 0 0 0 0 
CGTTATCA 0 0.166667 0 0 0 0 0 0.166667 0 0 0 0.166667 0.333333 0 0 0.166667 0.2 0 0 0 0 0 0 0.2 0.2 0 0 0 0 0.2 0 0.2 0 0 0 0 0.25 0 0 0 0 0 0 0.25 0.25 0.25 0 0 0 0 0 0 0 0 0 0.333333 0 0.333333 0 0 0.333333 0 0 0 
CTCTTATC 0 0.166667 0 0 0 0.166667 0 0.166667 0 0 0 0 0.166667 0 0 0.333333 0 0 0 0 0.2 0 0 0.2 0 0 0 0 0 0.2 0 0.4 0 0 0 0 0 0 0 0.5 0 0 0 0 0.25 0.25 0 0 0 0 0 0 0.333333 0.333333 0 0 0 0 0 0 0 0 0 0.333333 
CTGATAAG 0.166667 0 0.166667 0 0 0 0.166667 0 0 0 0 0.166667 0.333333 0 0 0 0.2 0 0 0 0.2 0 0 0 0.2 0 0 0 0 0 0.2 0.2 0 0 0.25 0 0 0 0 0.25 0.25 0 0 0 0.25 0 0 0 0 0 0 0 0.333333 0 0 0 0 0 0.333333 0 0.333333 0 0 0 
CTGTTATC 0 0.166667 0 0 0 0 0.166667 0 0 0 0 0.166667 0.166667 0 0 0.333333 0 0 0 0 0 0 0 0.2 0.2 0 0 0 0 0.2 0 0.4 0 0 0 0 0 0 0 0.25 0 0 0 0.25 0.25 0.25 0 0 0 0 0 0 0.333333 0 0 0 0 0.333333 0 0 0 0 0 0.333333 
CTTATCAA 0 0.166667 0 0 0.166667 0 0 0.166667 0 0 0 0 0.333333 0 0 0.166667 0.2 0 0 0 0.2 0 0 0 0 0 0 0 0.2 0.2 0 0.2 0.25 0 0 0 0 0 0 0.25 0 0 0 0 0.25 0.25 0 0 0 0 0 0 0 0.333333 0 0 0 0 0 0 0.666667 0 0 0 
CTTATCAC 0 0.166667 0 0 0 0.166667 0 0.166667 0 0 0 0 0.333333 0 0 0.166667 0.2 0 0 0 0.2 0 0 0 0 0 0 0 0 0.4 0 0.2 0 0.25 0 0 0 0 0 0.25 0 0 0 0 0.25 0.25 0 0 0 0 0 0 0 0.333333 0 0 0 0 0 0 0.333333 0.333333 0 0 
CTTATCGA 0 0.166667 0 0 0.166667 0 0 0.166667 0 0 0 0 0.166667 0 0.166667 0.166667 0 0 0.2 0 0.2 0 0 0 0 0 0 0 0.2 0.2 0 0.2 0.25 0 0 0 0 0 0 0.25 0 0 0 0 0 0.25 0.25 0 0 0 0 0 0 0.333333 0 0 0 0 0 0 0.333333 0 0.333333 0 
CTTATCGC 0 0.166667 0 0 0 0.166667 0 0.166667 0 0 0 0 0.166667 0 0.166667 0.166667 0 0 0.2 0 0.2 0 0 0 0 0 0 0 0 0.4 0 0.2 0 0.25 0 0 0 0 0 0.25 0 0 0 0 0 0.25 0.25 0 0 0 0 0 0 0.333333 0 0 0 0 0 0 0 0.333333 0.333333 0 
CTTATCTA 0 0.166667 0 0 0.166667 0 0 0.166667 0 0 0 0 0.166667 0 0 0.333333 0 0 0 0.2 0.2 0 0 0 0 0 0 0 0.2 0.2 0 0.2 0.25 0 0 0 0 0 0 0.25 0 0 0 0 0 0.25 0 0.25 0 0 0 0 0 0.333333 0 0 0 0 0 0 0.333333 0 0 0.333333 
CTTATCTC 0 0.166667 0 0 0 0.166667 0 0.166667 0 0 0 0 0.166667 0 0 0.333333 0 0 0 0.2 0.2 0 0 0 0 0 0 0 0 0.4 0 0.2 0 0.25 0 0 0 0 0 0.25 0 0 0 0 0 0.25 0 0.25 0 0 0 0 0 0.333333 0 0 0 0 0 0 0 0.333333 0 0.333333 
GATAACAA 0.333333 0.166667 0 0 0.166667 0 0 0 0 0 0 0.166667 0.166667 0 0 0 0.6 0 0 0 0 0 0 0 0.2 0 0 0 0 0.2 0 0 0.25 0.25 0 0 0 0 0 0 0.25 0 0 0 0.25 0 0 0 0.333333 0 0 0 0 0 0 0 0 0.333333 0 0 0.333333 0 0 0 
GATAACGA 0.166667 0.166667 0.166667 0 0.166667 0 0 0 0 0 0 0.166667 0.166667 0 0 0 0.4 0 0.2 0 0 0 0 0 0.2 0 0 0 0 0.2 0 0 0.25 0.25 0 0 0 0 0 0 0.25 0 0 0 0 0 0.25 0 0 0 0.333333 0 0 0 0 0 0 0.333333 0 0 0.333333 0 0 0 
GATAAGAA 0.333333 0 0.166667 0 0 0 0 0 0.166667 0 0 0.166667 0.166667 0 0 0 0.6 0 0 0 0 0 0 0 0.2 0 0 0 0 0 0.2 0 0.25 0 0.25 0 0 0 0 0 0.25 0 0 0 0.25 0 0 0 0.333333 0 0 0 0 0 0 0 0 0 0.333333 0 0.333333 0 0 0 
GATAAGAC 0.333333 0 0.166667 0 0 0 0 0 0 0.166667 0 0.166667 0.166667 0 0 0 0.4 0.2 0 0 0 0 0 0 0.2 0 0 0 0 0 0.2 0 0 0.25 0.25 0 0 0 0 0 0.25 0 0 0 0.25 0 0 0 0.333333 0 0 0 0 0 0 0 0 0 0.333333 0 0 0.333333 0 0 
GATAAGCA 0.166667 0.166667 0.166667 0 0 0 0 0 0.166667 0 0 0.166667 0.166667 0 0 0 0.4 0.2 0 0 0 0 0 0 0.2 0 0 0 0 0 0.2 0 0.25 0 0.25 0 0 0 0 0 0.25 0 0 0 0 0.25 0 0 0 0.333333 0 0 0 0 0 0 0 0 0.333333 0 0.333333 0 0 0 
GATAAGCC 0.166667 0.166667 0.166667 0 0 0 0 0 0 0.166667 0 0.166667 0.166667 0 0 0 0.2 0.4 0 0 0 0 0 0 0.2 0 0 0 0 0 0.2 0 0 0.25 0.25 0 0 0 0 0 0.25 0 0 0 0 0.25 0 0 0 0.333333 0 0 0 0 0 0 0 0 0.333333 0 0 0.333333 0 0 
GATAAGGA 0.166667 0 0.333333 0 0 0 0 0 0.166667 0 0 0.166667 0.166667 0 0 0 0.4 0 0.2 0 0 0 0 0 0.2 0 0 0 0 0 0.2 0 0.25 0 0.25 0 0 0 0 0 0.25 0 0 0 0 0 0.25 0 0 0 0.333333 0 0 0 0 0 0 0 0.333333 0 0.333333 0 0 0 
GATAAGGC 0.166667 0 0.333333 0 0 0 0 0 0 0.166667 0 0.166667 0.166667 0 0 0 0.2 0.2 0.2 0 0 0 0 0 0.2 0 0 0 0 0 0.2 0 0 0.25 0.25 0 0 0 0 0 0.25 0 0 0 0 0 0.25 0 0 0 0.333333 0 0 0 0 0 0 0 0.333333 0 0 0.333333 0 0 
GCGATAAC 0.166667 0.166667 0 0 0.166667 0 0 0 0 0 0.166667 0.166667 0.166667 0 0 0 0.2 0 0 0 0 0 0 0.2 0.4 0 0 0 0 0.2 0 0 0 0.25 0 0 0.25 0 0 0 0.25 0 0 0.25 0 0 0 0 0 0 0 0 0.333333 0 0 0 0.333333 0.333333 0 0 0 0 0 0 
GCTTATCA 0 0.166667 0 0 0 0 0 0.166667 0 0 0 0.166667 0.333333 0 0 0.166667 0.2 0 0 0 0.2 0 0 0 0 0 0 0.2 0 0.2 0 0.2 0 0 0 0 0 0 0 0.25 0.25 0 0 0 0.25 0.25 0 0 0 0 0 0 0 0.333333 0 0 0 0 0 0.333333 0.333333 0 0 0 
GTAGATAA 0.333333 0 0 0 0 0 0 0 0.166667 0 0 0.166667 0.166667 0 0.166667 0 0.2 0 0 0.2 0 0 0 0 0.2 0 0.2 0 0.2 0 0 0 0.25 0 0 0 0 0 0 0 0.5 0 0 0 0 0 0 0.25 0.333333 0 0 0 0 0 0 0 0 0 0 0.333333 0.333333 0 0 0 
TACGATAA 0.166667 0 0.166667 0 0.166667 0 0 0 0 0 0 0.166667 0.166667 0.166667 0 0 0.4 0 0 0 0 0 0 0.2 0.2 0 0 0 0 0 0.2 0 0 0 0 0.25 0.25 0 0 0 0.25 0 0 0 0.25 0 0 0 0.333333 0 0 0 0.333333 0 0 0 0 0 0 0 0 0 0 0.333333 
TATGATAA 0.166667 0 0.166667 0 0 0 0 0 0 0 0 0.166667 0.333333 0 0 0.166667 0.4 0 0 0 0 0 0 0 0.2 0 0 0 0 0 0.2 0.2 0 0 0 0.25 0 0 0 0 0.25 0 0 0 0.5 0 0 0 0.333333 0 0 0 0 0 0 0 0 0 0 0 0.333333 0 0 0.333333 
TCCGATAA 0.166667 0 0 0 0.166667 0 0.166667 0 0 0 0 0.166667 0.166667 0.166667 0 0 0.2 0 0 0 0.2 0 0 0.2 0.2 0 0 0 0 0 0.2 0 0 0 0 0 0.25 0 0 0.25 0.25 0 0 0 0.25 0 0 0 0 0 0 0 0.666667 0 0 0 0 0 0 0 0 0 0 0.333333 
TCTTATCA 0 0.166667 0 0 0 0 0 0.166667 0 0 0 0 0.333333 0 0 0.333333 0.2 0 0 0 0.2 0 0 0 0 0 0 0 0 0.2 0 0.4 0 0 0 0 0 0 0 0.25 0 0 0 0 0.5 0.25 0 0 0 0 0 0 0 0.333333 0 0 0 0 0 0 0.333333 0 0 0.333333 
TGATAACA 0.333333 0.166667 0 0 0 0 0 0 0 0 0 0.166667 0.333333 0 0 0 0.4 0 0 0 0 0 0 0 0.2 0 0 0 0 0.2 0 0.2 0 0.25 0 0 0 0 0 0 0.25 0 0 0 0.5 0 0 0 0.333333 0 0 0 0 0 0 0 0 0.333333 0 0 0.333333 0 0 0 
TGCGATAA 0.166667 0 0 0 0.166667 0 0 0 0 0 0.166667 0.166667 0.166667 0.166667 0 0 0.2 0 0 0 0 0 0 0.2 0.4 0 0 0 0 0 0.2 0 0 0 0 0 0.25 0 0 0 0.25 0 0 0.25 0.25 0 0 0 0 0 0 0 0.333333 0 0 0 0.333333 0 0 0 0 0 0 0.333333 
AAATCTAC 0.166667 0.166667 0 0.166667 0.166667 0 0 0 0 0 0 0 0 0.166667 0 0.166667 0 0.2 0 0.4 0 0.2 0 0 0 0 0 0 0.2 0 0 0 0.25 0.25 0 0.25 0 0 0 0 0 0 0 0 0 0.25 0 0 0.333333 0.333333 0 0.333333 0 0 0 0 0 0 0 0 0 0 0 0 
AAGATCTA 0.166667 0.166667 0.166667 0 0.166667 0 0 0 0 0 0 0.166667 0 0 0 0.166667 0.2 0 0 0.4 0 0 0 0 0 0.2 0 0 0.2 0 0 0 0.25 0.25 0 0.25 0 0 0 0 0 0 0 0.25 0 0 0 0 0 0.333333 0 0.333333 0 0 0 0 0.333333 0 0 0 0 0 0 0 
AAGATCTG 0.166667 0.166667 0.166667 0 0 0 0.166667 0 0 0 0 0.166667 0 0 0 0.166667 0.2 0 0 0.4 0 0 0 0 0 0.2 0 0 0 0 0.2 0 0 0.25 0.25 0.25 0 0 0 0 0 0 0 0.25 0 0 0 0 0 0.333333 0 0.333333 0 0 0 0 0 0 0.333333 0 0 0 0 0 
AATAGATC 0.333333 0.166667 0 0.166667 0 0 0 0 0 0 0 0.166667 0 0 0.166667 0 0.2 0 0.2 0.2 0 0 0 0 0 0.2 0 0 0.2 0 0 0 0.25 0.25 0.25 0 0 0 0 0 0 0 0 0 0 0 0 0.25 0.333333 0 0 0.333333 0 0 0 0 0 0 0 0 0 0.333333 0 0 
ACAGATCT 0.333333 0.166667 0 0 0 0 0.166667 0 0 0 0 0.166667 0 0 0 0.166667 0 0 0.2 0.4 0.2 0 0 0 0 0.2 0 0 0 0 0 0 0.25 0.25 0 0 0 0 0 0.25 0 0 0 0.25 0 0 0 0 0 0 0 0.666667 0 0.333333 0 0 0 0 0 0 0 0 0 0 
AGAACTAC 0.166667 0.166667 0 0.166667 0.166667 0 0 0 0.166667 0 0 0 0 0.166667 0 0 0.4 0 0 0.2 0 0.2 0 0 0 0.2 0 0 0 0 0 0 0.25 0.5 0 0 0 0 0 0 0 0 0 0.25 0 0 0 0 0 0.333333 0 0.333333 0 0 0 0 0.333333 0 0 0 0 0 0 0 
AGAGATCT 0.333333 0.166667 0 0 0 0 0 0 0 0 0.166667 0.166667 0 0 0 0.166667 0 0 0.2 0.4 0 0 0 0 0.2 0.2 0 0 0 0 0 0 0.25 0.25 0 0 0 0 0 0 0 0 0 0.5 0 0 0 0 0 0 0 0.666667 0 0 0 0 0 0.333333 0 0 0 0 0 0 
AGATCCAA 0.166667 0.166667 0 0 0.333333 0 0 0 0 0 0 0.166667 0 0.166667 0 0 0 0.2 0 0.2 0.2 0 0 0 0 0.2 0 0 0.2 0 0 0 0.25 0.25 0 0 0 0 0 0 0 0.25 0 0 0.25 0 0 0 0.333333 0.333333 0 0 0 0 0 0 0.333333 0 0 0 0 0 0 0 
AGATCCAC 0.166667 0.166667 0 0 0.166667 0.166667 0 0 0 0 0 0.166667 0 0.166667 0 0 0 0.2 0 0.2 0 0.2 0 0 0 0.2 0 0 0.2 0 0 0 0.25 0.25 0 0 0 0 0 0 0 0.25 0 0 0 0.25 0 0 0 0.666667 0 0 0 0 0 0 0.333333 0 0 0 0 0 0 0 
AGATCCAG 0.166667 0.166667 0 0 0.166667 0 0.166667 0 0 0 0 0.166667 0 0.166667 0 0 0 0.2 0 0.2 0 0 0.2 0 0 0.2 0 0 0.2 0 0 0 0.25 0.25 0 0 0 0 0 0 0 0.25 0 0 0 0 0.25 0 0 0.333333 0.333333 0 0 0 0 0 0.333333 0 0 0 0 0 0 0 
AGATCCCG 0.166667 0.166667 0 0 0 0.166667 0.166667 0 0 0 0 0.166667 0 0.166667 0 0 0 0.2 0 0.2 0 0 0.2 0 0 0.2 0 0 0 0.2 0 0 0 0.5 0 0 0 0 0 0 0 0.25 0 0 0 0 0.25 0 0 0.333333 0.333333 0 0 0 0 0 0 0.333333 0 0 0 0 0 0 
AGATCCGA 0.166667 0.166667 0 0 0.166667 0 0.166667 0 0 0 0 0.166667 0 0.166667 0 0 0 0.2 0 0.2 0.2 0 0 0 0 0.2 0 0 0 0 0.2 0 0 0.25 0.25 0 0 0 0 0 0 0.25 0 0 0.25 0 0 0 0.333333 0.333333 0 0 0 0 0 0 0 0 0.333333 0 0 0 0 0 
AGATCCGG 0.166667 0.166667 0 0 0 0 0.333333 0 0 0 0 0.166667 0 0.166667 0 0 0 0.2 0 0.2 0 0 0.2 0 0 0.2 0 0 0 0 0.2 0 0 0.25 0.25 0 0 0 0 0 0 0.25 0 0 0 0 0.25 0 0 0.333333 0.333333 0 0 0 0 0 0 0 0.333333 0 0 0 0 0 
AGATCTAA 0.166667 0.166667 0 0 0.166667 0 0 0 0 0 0 0.166667 0.166667 0 0 0.166667 0 0 0 0.4 0.2 0 0 0 0 0.2 0 0 0.2 0 0 0 0.25 0.25 0 0 0 0 0 0 0 0 0 0.25 0.25 0 0 0 0.333333 0 0 0.333333 0 0 0 0 0.333333 0 0 0 0 0 0 0 
AGATCTAC 0.166667 0.166667 0 0 0.166667 0 0 0 0 0 0 0.166667 0 0.166667 0 0.166667 0 0 0 0.4 0 0.2 0 0 0 0.2 0 0 0.2 0 0 0 0.25 0.25 0 0 0 0 0 0 0 0 0 0.25 0 0.25 0 0 0 0.333333 0 0.333333 0 0 0 0 0.333333 0 0 0 0 0 0 0 
AGATCTAG 0.166667 0.166667 0 0 0.166667 0 0 0 0 0 0 0.166667 0 0 0.166667 0.166667 0 0 0 0.4 0 0 0.2 0 0 0.2 0 0 0.2 0 0 0 0.25 0.25 0 0 0 0 0 0 0 0 0 0.25 0 0 0.25 0 0 0 0.333333 0.333333 0 0 0 0 0.333333 0 0 0 0 0 0 0 
AGATCTAT 0.166667 0.166667 0 0 0.166667 0 0 0 0 0 0 0.166667 0 0 0 0.333333 0 0 0 0.4 0 0 0 0.2 0 0.2 0 0 0.2 0 0 0 0.25 0.25 0 0 0 0 0 0 0 0 0 0.25 0 0 0 0.25 0 0 0 0.666667 0 0 0 0 0.333333 0 0 0 0 0 0 0 
AGATCTCA 0.166667 0.166667 0 0 0 0.166667 0 0 0 0 0 0.166667 0.166667 0 0 0.166667 0 0 0 0.4 0.2 0 0 0 0 0.2 0 0 0 0.2 0 0 0 0.5 0 0 0 0 0 0 0 0 0 0.25 0.25 0 0 0 0.333333 0 0 0.333333 0 0 0 0 0 0.333333 0 0 0 0 0 0 
AGATCTCC 0.166667 0.166667 0 0 0 0.166667 0 0 0 0 0 0.166667 0 0.166667 0 0.166667 0 0 0 0.4 0 0.2 0 0 0 0.2 0 0 0 0.2 0 0 0 0.5 0 0 0 0 0 0 0 0 0 0.25 0 0.25 0 0 0 0.333333 0 0.333333 0 0 0 0 0 0.333333 0 0 0 0 0 0 
AGATCTCG 0.166667 0.166667 0 0 0 0.166667 0 0 0 0 0 0.166667 0 0 0.166667 0.166667 0 0 0 0.4 0 0 0.2 0 0 0.2 0 0 0 0.2 0 0 0 0.5 0 0 0 0 0 0 0 0 0 0.25 0 0 0.25 0 0 0 0.333333 0.333333 0 0 0 0 0 0.333333 0 0 0 0 0 0 
AGATCTGA 0.166667 0.166667 0 0 0 0 0.166667 0 0 0 0 0.166667 0.166667 0 0 0.166667 0 0 0 0.4 0.2 0 0 0 0 0.2 0 0 0 0 0.2 0 0 0.25 0.25 0 0 0 0 0 0 0 0 0.25 0.25 0 0 0 0.333333 0 0 0.333333 0 0 0 0 0 0 0.333333 0 0 0 0 0 
AGATCTGC 0.166667 0.166667 0 0 0 0 0.166667 0 0 0 0 0.166667 0 0.166667 0 0.166667 0 0 0 0.4 0 0.2 0 0 0 0.2 0 0 0 0 0.2 0 0 0.25 0.25 0 0 0 0 0 0 0 0 0.25 0 0.25 0 0 0 0.333333 0 0.333333 0 0 0 0 0 0 0.333333 0 0 0 0 0 
AGATCTGG 0.166667 0.166667 0 0 0 0 0.166667 0 0 0 0 0.166667 0 0 0.166667 0.166667 0 0 0 0.4 0 0 0.2 0 0 0.2 0 0 0 0 0.2 0 0 0.25 0.25 0 0 0 0 0 0 0 0 0.25 0 0 0.25 0 0 0 0.333333 0.333333 0 0 0 0 0 0 0.333333 0 0 0 0 0 
AGATCTTA 0.166667 0.166667 0 0 0 0 0 0.166667 0 0 0 0.166667 0.166667 0 0 0.166667 0 0 0 0.4 0.2 0 0 0 0 0.2 0 0 0 0 0 0.2 0 0.25 0 0.25 0 0 0 0 0 0 0 0.25 0.25 0 0 0 0.333333 0 0 0.333333 0 0 0 0 0 0 0 0.333333 0 0 0 0 
AGATCTTG 0.166667 0.166667 0 0 0 0 0 0.166667 0 0 0 0.166667 0 0 0.166667 0.166667 0 0 0 0.4 0 0 0.2 0 0 0.2 0 0 0 0 0 0.2 0 0.25 0 0.25 0 0 0 0 0 0 0 0.25 0 0 0.25 0 0 0 0.333333 0.333333 0 0 0 0 0 0 0 0.333333 0 0 0 0 
AGTAGATC 0.166667 0.166667 0 0.166667 0 0 0 0 0.166667 0 0 0.166667 0 0 0.166667 0 0.2 0 0 0.2 0 0 0 0 0 0.2 0.2 0 0.2 0 0 0 0 0.25 0.25 0 0 0 0 0 0.25 0 0 0 0 0 0 0.25 0.333333 0 0 0 0 0 0 0 0 0 0 0.333333 0 0.333333 0 0 
AGTAGTTC 0 0 0 0.333333 0 0 0 0 0.166667 0 0 0.166667 0 0.166667 0.166667 0 0.2 0 0 0.2 0 0 0 0 0 0.2 0.2 0 0 0 0 0.2 0 0.25 0.25 0 0 0 0 0 0 0 0 0.25 0 0 0 0.25 0 0 0 0.333333 0 0 0 0 0 0 0 0.333333 0 0.333333 0 0 
ATAGATCC 0.333333 0.166667 0 0 0 0 0 0 0 0 0 0.166667 0 0.166667 0.166667 0 0 0.2 0.2 0.2 0 0 0 0 0 0.2 0 0 0.2 0 0 0 0.25 0.25 0 0 0 0 0 0 0 0.25 0 0 0 0 0 0.25 0 0.333333 0 0.333333 0 0 0 0 0 0 0 0 0 0.333333 0 0 
ATCTACAA 0.166667 0.166667 0 0 0.333333 0 0 0 0 0 0 0 0 0.166667 0 0.166667 0.2 0 0 0.2 0 0.2 0 0 0 0 0 0 0.4 0 0 0 0.25 0 0 0 0.25 0 0 0 0 0 0 0 0.25 0.25 0 0 0 0.333333 0 0 0.333333 0 0 0 0 0 0 0 0.333333 0 0 0 
ATCTACAG 0.166667 0.166667 0 0 0.166667 0 0.166667 0 0 0 0 0 0 0.166667 0 0.166667 0 0 0.2 0.2 0 0.2 0 0 0 0 0 0 0.4 0 0 0 0.25 0 0 0 0.25 0 0 0 0 0 0 0 0 0.25 0.25 0 0 0.333333 0 0 0 0 0.333333 0 0 0 0 0 0.333333 0 0 0 
ATCTACGC 0 0.166667 0.166667 0 0.166667 0.166667 0 0 0 0 0 0 0 0.166667 0 0.166667 0 0.2 0 0.2 0 0.2 0 0 0 0 0 0 0.2 0 0.2 0 0.25 0 0 0 0 0 0.25 0 0 0 0 0 0 0.5 0 0 0 0.333333 0 0 0 0.333333 0 0 0 0 0 0 0 0 0.333333 0 
ATTAGATC 0.166667 0.166667 0 0.166667 0 0 0 0 0 0 0 0.166667 0.166667 0 0.166667 0 0.2 0 0 0.2 0 0 0 0 0 0.2 0 0 0.2 0 0.2 0 0 0.25 0.25 0 0 0 0 0 0 0 0 0 0.25 0 0 0.25 0.333333 0 0 0 0 0 0 0 0 0 0 0 0 0.333333 0 0.333333 
CAGATCTA 0.166667 0.166667 0 0 0.166667 0 0.166667 0 0 0 0 0.166667 0 0 0 0.166667 0 0 0 0.4 0.2 0 0 0 0 0.2 0 0 0.2 0 0 0 0.25 0.25 0 0 0 0 0 0.25 0 0 0 0.25 0 0 0 0 0 0 0 0.333333 0 0.333333 0 0 0.333333 0 0 0 0 0 0 0 
CAGATCTC 0.166667 0.166667 0 0 0 0.166667 0.166667 0 0 0 0 0.166667 0 0 0 0.166667 0 0 0 0.4 0.2 0 0 0 0 0.2 0 0 0 0.2 0 0 0 0.5 0 0 0 0 0 0.25 0 0 0 0.25 0 0 0 0 0 0 0 0.333333 0 0.333333 0 0 0 0.333333 0 0 0 0 0 0 
CAGATCTG 0.166667 0.166667 0 0 0 0 0.333333 0 0 0 0 0.166667 0 0 0 0.166667 0 0 0 0.4 0.2 0 0 0 0 0.2 0 0 0 0 0.2 0 0 0.25 0.25 0 0 0 0 0.25 0 0 0 0.25 0 0 0 0 0 0 0 0.333333 0 0.333333 0 0 0 0 0.333333 0 0 0 0 0 
CATAGATC 0.333333 0.166667 0 0 0 0 0 0.166667 0 0 0 0.166667 0 0 0.166667 0 0 0 0.2 0.2 0.2 0 0 0 0 0.2 0 0 0.2 0 0 0 0.25 0.25 0 0 0 0 0.25 0 0 0 0 0 0 0 0 0.25 0 0 0 0.333333 0.333333 0 0 0 0 0 0 0 0 0.333333 0 0 
CCTAGATC 0.166667 0.166667 0 0 0.166667 0 0 0.166667 0 0 0 0.166667 0 0 0.166667 0 0 0 0 0.2 0.2 0 0.2 0 0 0.2 0 0 0.2 0 0 0 0 0.25 0 0 0.25 0 0.25 0 0 0 0 0 0 0 0 0.25 0 0 0 0 0.333333 0 0 0.333333 0 0 0 0 0 0.333333 0 0 
CGATCTAC 0 0.166667 0 0 0.333333 0 0 0 0 0 0 0.166667 0 0.166667 0 0.166667 0 0 0 0.2 0 0.2 0 0.2 0 0.2 0 0 0.2 0 0 0 0.25 0 0 0 0 0.25 0 0 0 0 0 0.25 0 0.25 0 0 0 0.333333 0 0 0 0 0 0.333333 0.333333 0 0 0 0 0 0 0 
CGGATCTA 0 0.166667 0 0 0.166667 0 0.166667 0 0.166667 0 0 0.166667 0 0 0 0.166667 0 0 0 0.2 0.2 0 0 0 0 0.2 0 0.2 0.2 0 0 0 0.25 0 0 0 0 0 0 0.25 0 0.25 0 0.25 0 0 0 0 0 0 0 0 0 0.333333 0 0 0.333333 0 0 0.333333 0 0 0 0 
CGTAGATC 0.166667 0.166667 0 0 0 0 0 0.166667 0.166667 0 0 0.166667 0 0 0.166667 0 0 0 0 0.2 0.2 0 0 0 0 0.2 0.2 0 0.2 0 0 0 0 0.25 0 0 0 0 0.25 0 0.25 0 0 0 0 0 0 0.25 0 0 0 0 0.333333 0 0 0 0 0 0 0.333333 0 0.333333 0 0 
CGTAGTTC 0 0 0 0.166667 0 0 0 0.166667 0.166667 0 0 0.166667 0 0.166667 0.166667 0 0 0 0 0.2 0.2 0 0 0 0 0.2 0.2 0 0 0 0 0.2 0 0.25 0 0 0 0 0.25 0 0 0 0 0.25 0 0 0 0.25 0 0 0 0 0 0 0 0.333333 0 0 0 0.333333 0 0.333333 0 0 
CTTAGATC 0.166667 0.166667 0 0 0 0 0 0.166667 0 0 0 0.166667 0.166667 0 0.166667 0 0 0 0 0.2 0.2 0 0 0 0 0.2 0 0 0.2 0 0.2 0 0 0.25 0 0 0 0 0.25 0 0 0 0 0 0.25 0 0 0.25 0 0 0 0 0.333333 0 0 0 0 0 0 0 0 0.333333 0 0.333333 
GAACTACA 0.166667 0.166667 0 0.166667 0.166667 0 0 0 0.166667 0 0 0 0 0.166667 0 0 0.2 0 0 0.2 0 0.2 0 0 0 0.2 0 0 0.2 0 0 0 0.25 0.25 0 0 0.25 0 0 0 0 0 0 0.25 0 0 0 0 0.333333 0.333333 0 0 0 0 0 0 0.333333 0 0 0 0 0 0 0 
GAACTACC 0 0.333333 0 0.166667 0.166667 0 0 0 0.166667 0 0 0 0 0.166667 0 0 0.2 0 0 0.2 0 0.2 0 0 0 0.2 0 0 0 0.2 0 0 0.25 0.25 0 0 0 0.25 0 0 0 0 0 0.25 0 0 0 0 0 0.666667 0 0 0 0 0 0 0.333333 0 0 0 0 0 0 0 
GAATCTAC 0 0.166667 0 0.166667 0.166667 0 0 0 0.166667 0 0 0 0 0.166667 0 0.166667 0 0.2 0 0.2 0 0.2 0 0 0 0 0 0.2 0.2 0 0 0 0.25 0 0 0.25 0 0 0 0 0 0.25 0 0 0 0.25 0 0 0.333333 0.333333 0 0 0 0 0 0 0 0 0 0.333333 0 0 0 0 
GAGATCTA 0.166667 0.166667 0 0 0.166667 0 0 0 0 0 0.166667 0.166667 0 0 0 0.166667 0 0 0 0.4 0 0 0 0 0.2 0.2 0 0 0.2 0 0 0 0.25 0.25 0 0 0 0 0 0 0 0 0 0.5 0 0 0 0 0 0 0 0.333333 0 0 0 0 0.333333 0.333333 0 0 0 0 0 0 
GAGATCTC 0.166667 0.166667 0 0 0 0.166667 0 0 0 0 0.166667 0.166667 0 0 0 0.166667 0 0 0 0.4 0 0 0 0 0.2 0.2 0 0 0 0.2 0 0 0 0.5 0 0 0 0 0 0 0 0 0 0.5 0 0 0 0 0 0 0 0.333333 0 0 0 0 0 0.666667 0 0 0 0 0 0 
GATCTAAA 0.166667 0.166667 0 0 0.166667 0 0 0 0 0 0 0.166667 0.166667 0 0 0.166667 0 0 0 0.2 0.2 0 0 0 0 0.2 0 0 0.4 0 0 0 0.25 0 0 0 0.25 0 0 0 0 0 0 0.25 0.25 0 0 0 0.333333 0 0 0 0 0 0 0 0.333333 0 0 0 0.333333 0 0 0 
GATCTAAC 0 0.333333 0 0 0.166667 0 0 0 0 0 0 0.166667 0.166667 0 0 0.166667 0 0 0 0.2 0.2 0 0 0 0 0.2 0 0 0.2 0.2 0 0 0.25 0 0 0 0 0.25 0 0 0 0 0 0.25 0.25 0 0 0 0.333333 0 0 0 0 0 0 0 0.333333 0 0 0 0 0.333333 0 0 
GATCTACA 0.166667 0.166667 0 0 0.166667 0 0 0 0 0 0 0.166667 0 0.166667 0 0.166667 0 0 0 0.2 0 0.2 0 0 0 0.2 0 0 0.4 0 0 0 0.25 0 0 0 0.25 0 0 0 0 0 0 0.25 0 0.25 0 0 0 0.333333 0 0 0 0 0 0 0.333333 0 0 0 0.333333 0 0 0 
GATCTACC 0 0.333333 0 0 0.166667 0 0 0 0 0 0 0.166667 0 0.166667 0 0.166667 0 0 0 0.2 0 0.2 0 0 0 0.2 0 0 0.2 0.2 0 0 0.25 0 0 0 0 0.25 0 0 0 0 0 0.25 0 0.25 0 0 0 0.333333 0 0 0 0 0 0 0.333333 0 0 0 0 0.333333 0 0 
GATCTAGA 0.166667 0.166667 0 0 0.166667 0 0 0 0 0 0 0.166667 0 0 0.166667 0.166667 0 0 0 0.2 0 0 0.2 0 0 0.2 0 0 0.4 0 0 0 0.25 0 0 0 0.25 0 0 0 0 0 0 0.25 0 0 0.25 0 0 0 0.333333 0 0 0 0 0 0.333333 0 0 0 0.333333 0 0 0 
GGAACTAC 0 0.166667 0 0.166667 0.166667 0 0 0 0.333333 0 0 0 0 0.166667 0 0 0.2 0 0 0.2 0 0.2 0 0 0.2 0.2 0 0 0 0 0 0 0.25 0.25 0 0 0 0 0 0 0 0.25 0 0.25 0 0 0 0 0 0.333333 0 0 0 0 0 0 0.333333 0 0 0.333333 0 0 0 0 
GGATCTAA 0 0.166667 0 0 0.166667 0 0 0 0.166667 0 0 0.166667 0.166667 0 0 0.166667 0 0 0 0.2 0.2 0 0 0 0 0.2 0 0.2 0.2 0 0 0 0.25 0 0 0 0 0 0 0 0 0.25 0 0.25 0.25 0 0 0 0.333333 0 0 0 0 0 0 0 0.333333 0 0 0.333333 0 0 0 0 
GGATCTAC 0 0.166667 0 0 0.166667 0 0 0 0.166667 0 0 0.166667 0 0.166667 0 0.166667 0 0 0 0.2 0 0.2 0 0 0 0.2 0 0.2 0.2 0 0 0 0.25 0 0 0 0 0 0 0 0 0.25 0 0.25 0 0.25 0 0 0 0.333333 0 0 0 0 0 0 0.333333 0 0 0.333333 0 0 0 0 
GGGATCTA 0 0.166667 0 0 0.166667 0 0 0 0.166667 0 0.166667 0.166667 0 0 0 0.166667 0 0 0 0.2 0 0 0 0 0.2 0.2 0 0.2 0.2 0 0 0 0.25 0 0 0 0 0 0 0 0 0.25 0 0.5 0 0 0 0 0 0 0 0 0 0 0 0 0.333333 0.333333 0 0.333333 0 0 0 0 
GTAGATCA 0.166667 0.166667 0 0 0 0 0 0 0.166667 0 0 0.166667 0.166667 0 0.166667 0 0.2 0 0 0.2 0 0 0 0 0 0.2 0.2 0 0.2 0 0 0 0 0.25 0 0 0 0 0 0 0.5 0 0 0 0 0 0 0.25 0.333333 0 0 0 0 0 0 0 0 0 0 0.333333 0 0.333333 0 0 
TAGAACTA 0.166667 0.166667 0 0.166667 0.166667 0 0 0 0.166667 0 0 0 0 0 0.166667 0 0.4 0 0 0.2 0 0 0 0 0 0.2 0 0 0.2 0 0 0 0.25 0.25 0 0 0 0 0 0 0 0 0 0.25 0.25 0 0 0 0 0 0 0.333333 0 0 0 0 0.333333 0 0 0 0 0.333333 0 0 
TAGATCCA 0.166667 0.166667 0 0 0.166667 0 0 0 0 0 0 0.166667 0 0.166667 0.166667 0 0 0.2 0 0.2 0 0 0 0 0 0.2 0 0 0.4 0 0 0 0.25 0.25 0 0 0 0 0 0 0 0.25 0 0 0 0 0 0.25 0 0.333333 0 0 0 0 0 0 0.333333 0 0 0 0 0.333333 0 0 
TAGATCTA 0.166667 0.166667 0 0 0.166667 0 0 0 0 0 0 0.166667 0 0 0.166667 0.166667 0 0 0 0.4 0 0 0 0 0 0.2 0 0 0.4 0 0 0 0.25 0.25 0 0 0 0 0 0 0 0 0 0.25 0 0 0 0.25 0 0 0 0.333333 0 0 0 0 0.333333 0 0 0 0 0.333333 0 0 
TAGTTCCA 0 0 0 0.166667 0.166667 0 0 0 0 0 0 0.166667 0 0.333333 0.166667 0 0 0 0 0.2 0 0 0 0 0 0.2 0 0 0.2 0.2 0 0.2 0 0.25 0 0 0 0 0 0 0 0.25 0 0 0.25 0 0 0.25 0 0.333333 0 0 0 0 0 0 0.333333 0 0 0 0 0.333333 0 0 
AAAGATCT 0.333333 0.166667 0.166667 0 0 0 0 0 0 0 0 0.166667 0 0 0 0.166667 0.2 0 0.2 0.4 0 0 0 0 0 0.2 0 0 0 0 0 0 0.25 0.25 0 0.25 0 0 0 0 0 0 0 0.25 0 0 0 0 0 0.333333 0 0.666667 0 0 0 0 0 0 0 0 0 0 0 0 
AAGATCTA 0.166667 0.166667 0.166667 0 0.166667 0 0 0 0 0 0 0.166667 0 0 0 0.166667 0.2 0 0 0.4 0 0 0 0 0 0.2 0 0 0.2 0 0 0 0.25 0.25 0 0.25 0 0 0 0 0 0 0 0.25 0 0 0 0 0 0.333333 0 0.333333 0 0 0 0 0.333333 0 0 0 0 0 0 0 
AAGATCTG 0.166667 0.166667 0.166667 0 0 0 0.166667 0 0 0 0 0.166667 0 0 0 0.166667 0.2 0 0 0.4 0 0 0 0 0 0.2 0 0 0 0 0.2 0 0 0.25 0.25 0.25 0 0 0 0 0 0 0 0.25 0 0 0 0 0 0.333333 0 0.333333 0 0 0 0 0 0 0.333333 0 0 0 0 0 
AATAGATC 0.333333 0.166667 0 0.166667 0 0 0 0 0 0 0 0.166667 0 0 0.166667 0 0.2 0 0.2 0.2 0 0 0 0 0 0.2 0 0 0.2 0 0 0 0.25 0.25 0.25 0 0 0 0 0 0 0 0 0 0 0 0 0.25 0.333333 0 0 0.333333 0 0 0 0 0 0 0 0 0 0.333333 0 0 
ACAGATCT 0.333333 0.166667 0 0 0 0 0.166667 0 0 0 0 0.166667 0 0 0 0.166667 0 0 0.2 0.4 0.2 0 0 0 0 0.2 0 0 0 0 0 0 0.25 0.25 0 0 0 0 0 0.25 0 0 0 0.25 0 0 0 0 0 0 0 0.666667 0 0.333333 0 0 0 0 0 0 0 0 0 0 
AGATCTAA 0.166667 0.166667 0 0 0.166667 0 0 0 0 0 0 0.166667 0.166667 0 0 0.166667 0 0 0 0.4 0.2 0 0 0 0 0.2 0 0 0.2 0 0 0 0.25 0.25 0 0 0 0 0 0 0 0 0 0.25 0.25 0 0 0 0.333333 0 0 0.333333 0 0 0 0 0.333333 0 0 0 0 0 0 0 
AGATCTAC 0.166667 0.166667 0 0 0.166667 0 0 0 0 0 0 0.166667 0 0.166667 0 0.166667 0 0 0 0.4 0 0.2 0 0 0 0.2 0 0 0.2 0 0 0 0.25 0.25 0 0 0 0 0 0 0 0 0 0.25 0 0.25 0 0 0 0.333333 0 0.333333 0 0 0 0 0.333333 0 0 0 0 0 0 0 
AGATCTAG 0.166667 0.166667 0 0 0.166667 0 0 0 0 0 0 0.166667 0 0 0.166667 0.166667 0 0 0 0.4 0 0 0.2 0 0 0.2 0 0 0.2 0 0 0 0.25 0.25 0 0 0 0 0 0 0 0 0 0.25 0 0 0.25 0 0 0 0.333333 0.333333 0 0 0 0 0.333333 0 0 0 0 0 0 0 
AGATCTAT 0.166667 0.166667 0 0 0.166667 0 0 0 0 0 0 0.166667 0 0 0 0.333333 0 0 0 0.4 0 0 0 0.2 0 0.2 0 0 0.2 0 0 0 0.25 0.25 0 0 0 0 0 0 0 0 0 0.25 0 0 0 0.25 0 0 0 0.666667 0 0 0 0 0.333333 0 0 0 0 0 0 0 
AGATCTCG 0.166667 0.166667 0 0 0 0.166667 0 0 0 0 0 0.166667 0 0 0.166667 0.166667 0 0 0 0.4 0 0 0.2 0 0 0.2 0 0 0 0.2 0 0 0 0.5 0 0 0 0 0 0 0 0 0 0.25 0 0 0.25 0 0 0 0.333333 0.333333 0 0 0 0 0 0.333333 0 0 0 0 0 0 
AGATCTGA 0.166667 0.166667 0 0 0 0 0.166667 0 0 0 0 0.166667 0.166667 0 0 0.166667 0 0 0 0.4 0.2 0 0 0 0 0.2 0 0 0 0 0.2 0 0 0.25 0.25 0 0 0 0 0 0 0 0 0.25 0.25 0 0 0 0.333333 0 0 0.333333 0 0 0 0 0 0 0.333333 0 0 0 0 0 
AGATCTGC 0.166667 0.166667 0 0 0 0 0.166667 0 0 0 0 0.166667 0 0.166667 0 0.166667 0 0 0 0.4 0 0.2 0 0 0 0.2 0 0 0 0 0.2 0 0 0.25 0.25 0 0 0 0 0 0 0 0 0.25 0 0.25 0 0 0 0.333333 0 0.333333 0 0 0 0 0 0 0.333333 0 0 0 0 0 
AGATCTGG 0.166667 0.166667 0 0 0 0 0.166667 0 0 0 0 0.166667 0 0 0.166667 0.166667 0 0 0 0.4 0 0 0.2 0 0 0.2 0 0 0 0 0.2 0 0 0.25 0.25 0 0 0 0 0 0 0 0 0.25 0 0 0.25 0 0 0 0.333333 0.333333 0 0 0 0 0 0 0.333333 0 0 0 0 0 
ATAGATCC 0.333333 0.166667 0 0 0 0 0 0 0 0 0 0.166667 0 0.166667 0.166667 0 0 0.2 0.2 0.2 0 0 0 0 0 0.2 0 0 0.2 0 0 0 0.25 0.25 0 0 0 0 0 0 0 0.25 0 0 0 0 0 0.25 0 0.333333 0 0.333333 0 0 0 0 0 0 0 0 0 0.333333 0 0 
CAGATCTA 0.166667 0.166667 0 0 0.166667 0 0.166667 0 0 0 0 0.166667 0 0 0 0.166667 0 0 0 0.4 0.2 0 0 0 0 0.2 0 0 0.2 0 0 0 0.25 0.25 0 0 0 0 0 0.25 0 0 0 0.25 0 0 0 0 0 0 0 0.333333 0 0.333333 0 0 0.333333 0 0 0 0 0 0 0 
CAGATCTG 0.166667 0.166667 0 0 0 0 0.333333 0 0 0 0 0.166667 0 0 0 0.166667 0 0 0 0.4 0.2 0 0 0 0 0.2 0 0 0 0 0.2 0 0 0.25 0.25 0 0 0 0 0.25 0 0 0 0.25 0 0 0 0 0 0 0 0.333333 0 0.333333 0 0 0 0 0.333333 0 0 0 0 0 
CGGATCTA 0 0.166667 0 0 0.166667 0 0.166667 0 0.166667 0 0 0.166667 0 0 0 0.166667 0 0 0 0.2 0.2 0 0 0 0 0.2 0 0.2 0.2 0 0 0 0.25 0 0 0 0 0 0 0.25 0 0.25 0 0.25 0 0 0 0 0 0 0 0 0 0.333333 0 0 0.333333 0 0 0.333333 0 0 0 0 
GAGATCTA 0.166667 0.166667 0 0 0.166667 0 0 0 0 0 0.166667 0.166667 0 0 0 0.166667 0 0 0 0.4 0 0 0 0 0.2 0.2 0 0 0.2 0 0 0 0.25 0.25 0 0 0 0 0 0 0 0 0 0.5 0 0 0 0 0 0 0 0.333333 0 0 0 0 0.333333 0.333333 0 0 0 0 0 0 
GATCTACA 0.166667 0.166667 0 0 0.166667 0 0 0 0 0 0 0.166667 0 0.166667 0 0.166667 0 0 0 0.2 0 0.2 0 0 0 0.2 0 0 0.4 0 0 0 0.25 0 0 0 0.25 0 0 0 0 0 0 0.25 0 0.25 0 0 0 0.333333 0 0 0 0 0 0 0.333333 0 0 0 0.333333 0 0 0 
GATCTATA 0.166667 0.166667 0 0 0.166667 0 0 0 0 0 0 0.166667 0 0 0 0.333333 0 0 0 0.2 0 0 0 0.2 0 0.2 0 0 0.4 0 0 0 0.25 0 0 0 0.25 0 0 0 0 0 0 0.25 0 0 0 0.25 0 0 0 0.333333 0 0 0 0 0.333333 0 0 0 0.333333 0 0 0 
GGATCTAC 0 0.166667 0 0 0.166667 0 0 0 0.166667 0 0 0.166667 0 0.166667 0 0.166667 0 0 0 0.2 0 0.2 0 0 0 0.2 0 0.2 0.2 0 0 0 0.25 0 0 0 0 0 0 0 0 0.25 0 0.25 0 0.25 0 0 0 0.333333 0 0 0 0 0 0 0.333333 0 0 0.333333 0 0 0 0 
TAGATCCA 0.166667 0.166667 0 0 0.166667 0 0 0 0 0 0 0.166667 0 0.166667 0.166667 0 0 0.2 0 0.2 0 0 0 0 0 0.2 0 0 0.4 0 0 0 0.25 0.25 0 0 0 0 0 0 0 0.25 0 0 0 0 0 0.25 0 0.333333 0 0 0 0 0 0 0.333333 0 0 0 0 0.333333 0 0 
TAGATCTA 0.166667 0.166667 0 0 0.166667 0 0 0 0 0 0 0.166667 0 0 0.166667 0.166667 0 0 0 0.4 0 0 0 0 0 0.2 0 0 0.4 0 0 0 0.25 0.25 0 0 0 0 0 0 0 0 0 0.25 0 0 0 0.25 0 0 0 0.333333 0 0 0 0 0.333333 0 0 0 0 0.333333 0 0 
AAAGATCT 0.333333 0.166667 0.166667 0 0 0 0 0 0 0 0 0.166667 0 0 0 0.166667 0.2 0 0.2 0.4 0 0 0 0 0 0.2 0 0 0 0 0 0 0.25 0.25 0 0.25 0 0 0 0 0 0 0 0.25 0 0 0 0 0 0.333333 0 0.666667 0 0 0 0 0 0 0 0 0 0 0 0 
AAGATCTA 0.166667 0.166667 0.166667 0 0.166667 0 0 0 0 0 0 0.166667 0 0 0 0.166667 0.2 0 0 0.4 0 0 0 0 0 0.2 0 0 0.2 0 0 0 0.25 0.25 0 0.25 0 0 0 0 0 0 0 0.25 0 0 0 0 0 0.333333 0 0.333333 0 0 0 0 0.333333 0 0 0 0 0 0 0 
AAGATCTG 0.166667 0.166667 0.166667 0 0 0 0.166667 0 0 0 0 0.166667 0 0 0 0.166667 0.2 0 0 0.4 0 0 0 0 0 0.2 0 0 0 0 0.2 0 0 0.25 0.25 0.25 0 0 0 0 0 0 0 0.25 0 0 0 0 0 0.333333 0 0.333333 0 0 0 0 0 0 0.333333 0 0 0 0 0 
AATAGATC 0.333333 0.166667 0 0.166667 0 0 0 0 0 0 0 0.166667 0 0 0.166667 0 0.2 0 0.2 0.2 0 0 0 0 0 0.2 0 0 0.2 0 0 0 0.25 0.25 0.25 0 0 0 0 0 0 0 0 0 0 0 0 0.25 0.333333 0 0 0.333333 0 0 0 0 0 0 0 0 0 0.333333 0 0 
ACAGATCT 0.333333 0.166667 0 0 0 0 0.166667 0 0 0 0 0.166667 0 0 0 0.166667 0 0 0.2 0.4 0.2 0 0 0 0 0.2 0 0 0 0 0 0 0.25 0.25 0 0 0 0 0 0.25 0 0 0 0.25 0 0 0 0 0 0 0 0.666667 0 0.333333 0 0 0 0 0 0 0 0 0 0 
AGATCCAA 0.166667 0.166667 0 0 0.333333 0 0 0 0 0 0 0.166667 0 0.166667 0 0 0 0.2 0 0.2 0.2 0 0 0 0 0.2 0 0 0.2 0 0 0 0.25 0.25 0 0 0 0 0 0 0 0.25 0 0 0.25 0 0 0 0.333333 0.333333 0 0 0 0 0 0 0.333333 0 0 0 0 0 0 0 
AGATCCAG 0.166667 0.166667 0 0 0.166667 0 0.166667 0 0 0 0 0.166667 0 0.166667 0 0 0 0.2 0 0.2 0 0 0.2 0 0 0.2 0 0 0.2 0 0 0 0.25 0.25 0 0 0 0 0 0 0 0.25 0 0 0 0 0.25 0 0 0.333333 0.333333 0 0 0 0 0 0.333333 0 0 0 0 0 0 0 
AGATCTAA 0.166667 0.166667 0 0 0.166667 0 0 0 0 0 0 0.166667 0.166667 0 0 0.166667 0 0 0 0.4 0.2 0 0 0 0 0.2 0 0 0.2 0 0 0 0.25 0.25 0 0 0 0 0 0 0 0 0 0.25 0.25 0 0 0 0.333333 0 0 0.333333 0 0 0 0 0.333333 0 0 0 0 0 0 0 
AGATCTAC 0.166667 0.166667 0 0 0.166667 0 0 0 0 0 0 0.166667 0 0.166667 0 0.166667 0 0 0 0.4 0 0.2 0 0 0 0.2 0 0 0.2 0 0 0 0.25 0.25 0 0 0 0 0 0 0 0 0 0.25 0 0.25 0 0 0 0.333333 0 0.333333 0 0 0 0 0.333333 0 0 0 0 0 0 0 
AGATCTAG 0.166667 0.166667 0 0 0.166667 0 0 0 0 0 0 0.166667 0 0 0.166667 0.166667 0 0 0 0.4 0 0 0.2 0 0 0.2 0 0 0.2 0 0 0 0.25 0.25 0 0 0 0 0 0 0 0 0 0.25 0 0 0.25 0 0 0 0.333333 0.333333 0 0 0 0 0.333333 0 0 0 0 0 0 0 
AGATCTAT 0.166667 0.166667 0 0 0.166667 0 0 0 0 0 0 0.166667 0 0 0 0.333333 0 0 0 0.4 0 0 0 0.2 0 0.2 0 0 0.2 0 0 0 0.25 0.25 0 0 0 0 0 0 0 0 0 0.25 0 0 0 0.25 0 0 0 0.666667 0 0 0 0 0.333333 0 0 0 0 0 0 0 
AGATCTCG 0.166667 0.166667 0 0 0 0.166667 0 0 0 0 0 0.166667 0 0 0.166667 0.166667 0 0 0 0.4 0 0 0.2 0 0 0.2 0 0 0 0.2 0 0 0 0.5 0 0 0 0 0 0 0 0 0 0.25 0 0 0.25 0 0 0 0.333333 0.333333 0 0 0 0 0 0.333333 0 0 0 0 0 0 
AGATCTGA 0.166667 0.166667 0 0 0 0 0.166667 0 0 0 0 0.166667 0.166667 0 0 0.166667 0 0 0 0.4 0.2 0 0 0 0 0.2 0 0 0 0 0.2 0 0 0.25 0.25 0 0 0 0 0 0 0 0 0.25 0.25 0 0 0 0.333333 0 0 0.333333 0 0 0 0 0 0 0.333333 0 0 0 0 0 
AGATCTGC 0.166667 0.166667 0 0 0 0 0.166667 0 0 0 0 0.166667 0 0.166667 0 0.166667 0 0 0 0.4 0 0.2 0 0 0 0.2 0 0 0 0 0.2 0 0 0.25 0.25 0 0 0 0 0 0 0 0 0.25 0 0.25 0 0 0 0.333333 0 0.333333 0 0 0 0 0 0 0.333333 0 0 0 0 0 
AGATCTGG 0.166667 0.166667 0 0 0 0 0.166667 0 0 0 0 0.166667 0 0 0.166667 0.166667 0 0 0 0.4 0 0 0.2 0 0 0.2 0 0 0 0 0.2 0 0 0.25 0.25 0 0 0 0 0 0 0 0 0.25 0 0 0.25 0 0 0 0.333333 0.333333 0 0 0 0 0 0 0.333333 0 0 0 0 0 
AGTAGATC 0.166667 0.166667 0 0.166667 0 0 0 0 0.166667 0 0 0.166667 0 0 0.166667 0 0.2 0 0 0.2 0 0 0 0 0 0.2 0.2 0 0.2 0 0 0 0 0.25 0.25 0 0 0 0 0 0.25 0 0 0 0 0 0 0.25 0.333333 0 0 0 0 0 0 0 0 0 0 0.333333 0 0.333333 0 0 
ATAGATCC 0.333333 0.166667 0 0 0 0 0 0 0 0 0 0.166667 0 0.166667 0.166667 0 0 0.2 0.2 0.2 0 0 0 0 0 0.2 0 0 0.2 0 0 0 0.25 0.25 0 0 0 0 0 0 0 0.25 0 0 0 0 0 0.25 0 0.333333 0 0.333333 0 0 0 0 0 0 0 0 0 0.333333 0 0 
CAGATCTA 0.166667 0.166667 0 0 0.166667 0 0.166667 0 0 0 0 0.166667 0 0 0 0.166667 0 0 0 0.4 0.2 0 0 0 0 0.2 0 0 0.2 0 0 0 0.25 0.25 0 0 0 0 0 0.25 0 0 0 0.25 0 0 0 0 0 0 0 0.333333 0 0.333333 0 0 0.333333 0 0 0 0 0 0 0 
CAGATCTG 0.166667 0.166667 0 0 0 0 0.333333 0 0 0 0 0.166667 0 0 0 0.166667 0 0 0 0.4 0.2 0 0 0 0 0.2 0 0 0 0 0.2 0 0 0.25 0.25 0 0 0 0 0.25 0 0 0 0.25 0 0 0 0 0 0 0 0.333333 0 0.333333 0 0 0 0 0.333333 0 0 0 0 0 
CATAGATC 0.333333 0.166667 0 0 0 0 0 0.166667 0 0 0 0.166667 0 0 0.166667 0 0 0 0.2 0.2 0.2 0 0 0 0 0.2 0 0 0.2 0 0 0 0.25 0.25 0 0 0 0 0.25 0 0 0 0 0 0 0 0 0.25 0 0 0 0.333333 0.333333 0 0 0 0 0 0 0 0 0.333333 0 0 
CGGATCTA 0 0.166667 0 0 0.166667 0 0.166667 0 0.166667 0 0 0.166667 0 0 0 0.166667 0 0 0 0.2 0.2 0 0 0 0 0.2 0 0.2 0.2 0 0 0 0.25 0 0 0 0 0 0 0.25 0 0.25 0 0.25 0 0 0 0 0 0 0 0 0 0.333333 0 0 0.333333 0 0 0.333333 0 0 0 0 
GAGATCTA 0.166667 0.166667 0 0 0.166667 0 0 0 0 0 0.166667 0.166667 0 0 0 0.166667 0 0 0 0.4 0 0 0 0 0.2 0.2 0 0 0.2 0 0 0 0.25 0.25 0 0 0 0 0 0 0 0 0 0.5 0 0 0 0 0 0 0 0.333333 0 0 0 0 0.333333 0.333333 0 0 0 0 0 0 
GATAGATC 0.333333 0.166667 0 0 0 0 0 0 0 0 0 0.333333 0 0 0.166667 0 0 0 0.2 0.2 0 0 0 0 0.2 0.2 0 0 0.2 0 0 0 0.25 0.25 0 0 0 0 0 0 0 0 0.25 0 0 0 0 0.25 0 0 0 0.333333 0 0 0 0 0.333333 0 0 0 0 0.333333 0 0 
GATCTATA 0.166667 0.166667 0 0 0.166667 0 0 0 0 0 0 0.166667 0 0 0 0.333333 0 0 0 0.2 0 0 0 0.2 0 0.2 0 0 0.4 0 0 0 0.25 0 0 0 0.25 0 0 0 0 0 0 0.25 0 0 0 0.25 0 0 0 0.333333 0 0 0 0 0.333333 0 0 0 0.333333 0 0 0 
GGATCTAC 0 0.166667 0 0 0.166667 0 0 0 0.166667 0 0 0.166667 0 0.166667 0 0.166667 0 0 0 0.2 0 0.2 0 0 0 0.2 0 0.2 0.2 0 0 0 0.25 0 0 0 0 0 0 0 0 0.25 0 0.25 0 0.25 0 0 0 0.333333 0 0 0 0 0 0 0.333333 0 0 0.333333 0 0 0 0 
TAGATCCA 0.166667 0.166667 0 0 0.166667 0 0 0 0 0 0 0.166667 0 0.166667 0.166667 0 0 0.2 0 0.2 0 0 0 0 0 0.2 0 0 0.4 0 0 0 0.25 0.25 0 0 0 0 0 0 0 0.25 0 0 0 0 0 0.25 0 0.333333 0 0 0 0 0 0 0.333333 0 0 0 0 0.333333 0 0 
TAGATCTA 0.166667 0.166667 0 0 0.166667 0 0 0 0 0 0 0.166667 0 0 0.166667 0.166667 0 0 0 0.4 0 0 0 0 0 0.2 0 0 0.4 0 0 0 0.25 0.25 0 0 0 0 0 0 0 0 0 0.25 0 0 0 0.25 0 0 0 0.333333 0 0 0 0 0.333333 0 0 0 0 0.333333 0 0 
AAGATAAG 0.333333 0 0.333333 0 0 0 0 0 0 0 0 0.166667 0.166667 0 0 0 0.4 0 0 0.2 0 0 0 0 0.2 0 0 0 0 0 0.2 0 0.25 0 0.25 0.25 0 0 0 0 0.25 0 0 0 0 0 0 0 0.666667 0 0 0 0 0 0 0 0 0 0.333333 0 0 0 0 0 
ACCGATAA 0.166667 0.166667 0 0 0.166667 0 0.166667 0 0 0 0 0.166667 0.166667 0 0 0 0.2 0 0.2 0 0.2 0 0 0.2 0.2 0 0 0 0 0 0 0 0.25 0 0 0 0.25 0 0 0.25 0.25 0 0 0 0 0 0 0 0 0 0 0.333333 0.666667 0 0 0 0 0 0 0 0 0 0 0 
ACCTTATC 0 0.333333 0 0 0 0 0 0.333333 0 0 0 0 0.166667 0 0 0.166667 0 0 0 0.2 0.2 0 0 0.2 0 0 0 0 0 0.2 0 0.2 0 0 0 0.25 0.25 0 0 0.25 0 0 0 0 0 0.25 0 0 0.333333 0 0 0 0 0.333333 0 0.333333 0 0 0 0 0 0 0 0 
ACGATAAG 0.166667 0 0.333333 0 0.166667 0 0 0 0 0 0 0.166667 0.166667 0 0 0 0.4 0 0 0 0 0 0 0.2 0.2 0 0 0 0 0 0.2 0 0 0 0.25 0.25 0.25 0 0 0 0.25 0 0 0 0 0 0 0 0.333333 0 0 0 0.333333 0 0 0 0 0 0.333333 0 0 0 0 0 
ACTGATAA 0.166667 0 0 0.166667 0 0 0.166667 0 0 0 0 0.166667 0.333333 0 0 0 0.2 0 0.2 0 0.2 0 0 0 0.2 0 0 0 0 0 0 0.2 0.25 0 0 0 0 0 0 0.25 0.25 0 0 0 0.25 0 0 0 0 0 0 0.333333 0.333333 0 0 0 0 0 0 0 0.333333 0 0 0 
ACTTATCA 0 0.166667 0 0.166667 0 0 0 0.166667 0 0 0 0 0.333333 0 0 0.166667 0.2 0 0 0.2 0.2 0 0 0 0 0 0 0 0 0.2 0 0.2 0.25 0 0 0 0 0 0 0.25 0 0 0 0 0.25 0.25 0 0 0 0 0 0.333333 0 0.333333 0 0 0 0 0 0 0.333333 0 0 0 
AGATAACG 0.333333 0.166667 0.166667 0 0 0 0 0 0 0 0 0.166667 0.166667 0 0 0 0.2 0 0.2 0.2 0 0 0 0 0.2 0 0 0 0 0.2 0 0 0.25 0.25 0 0 0 0 0 0 0.25 0 0 0 0 0 0.25 0 0.333333 0 0.333333 0 0 0 0 0 0 0.333333 0 0 0 0 0 0 
AGATAAGA 0.5 0 0.166667 0 0 0 0 0 0 0 0 0.166667 0.166667 0 0 0 0.4 0 0 0.2 0 0 0 0 0.2 0 0 0 0 0 0.2 0 0.25 0 0.25 0 0 0 0 0 0.25 0 0 0 0.25 0 0 0 0.666667 0 0 0 0 0 0 0 0 0 0.333333 0 0 0 0 0 
AGATAAGC 0.333333 0.166667 0.166667 0 0 0 0 0 0 0 0 0.166667 0.166667 0 0 0 0.2 0.2 0 0.2 0 0 0 0 0.2 0 0 0 0 0 0.2 0 0.25 0 0.25 0 0 0 0 0 0.25 0 0 0 0 0.25 0 0 0.333333 0.333333 0 0 0 0 0 0 0 0 0.333333 0 0 0 0 0 
AGATAAGG 0.333333 0 0.333333 0 0 0 0 0 0 0 0 0.166667 0.166667 0 0 0 0.2 0 0.2 0.2 0 0 0 0 0.2 0 0 0 0 0 0.2 0 0.25 0 0.25 0 0 0 0 0 0.25 0 0 0 0 0 0.25 0 0.333333 0 0.333333 0 0 0 0 0 0 0 0.333333 0 0 0 0 0 
AGCTTATC 0 0.333333 0 0 0 0 0 0.166667 0 0 0 0.166667 0.166667 0 0 0.166667 0 0 0 0.2 0.2 0 0 0 0 0 0 0.2 0 0.2 0 0.2 0 0 0 0.25 0 0 0 0.25 0.25 0 0 0 0 0.25 0 0 0.333333 0 0 0 0 0.333333 0 0 0 0 0 0.333333 0 0 0 0 
ATAGATAA 0.5 0 0 0 0 0 0 0 0 0 0 0.166667 0.166667 0 0.166667 0 0.2 0 0.2 0.2 0 0 0 0 0.2 0 0 0 0.2 0 0 0 0.5 0 0 0 0 0 0 0 0.25 0 0 0 0 0 0 0.25 0.333333 0 0 0.333333 0 0 0 0 0 0 0 0 0.333333 0 0 0 
ATCTTATC 0 0.333333 0 0 0 0 0 0.166667 0 0 0 0 0.166667 0 0 0.333333 0 0 0 0.2 0.2 0 0 0 0 0 0 0 0 0.2 0 0.4 0 0 0 0.25 0 0 0 0.25 0 0 0 0 0.25 0.25 0 0 0.333333 0 0 0 0 0.333333 0 0 0 0 0 0 0 0 0 0.333333 
ATGATAAG 0.166667 0 0.333333 0 0 0 0 0 0 0 0 0.166667 0.333333 0 0 0 0.4 0 0 0 0 0 0 0 0.2 0 0 0 0 0 0.2 0.2 0 0 0.25 0.25 0 0 0 0 0.25 0 0 0 0.25 0 0 0 0.333333 0 0 0 0 0 0 0 0 0 0.333333 0 0.333333 0 0 0 
CAGATAAG 0.333333 0 0.166667 0 0 0 0.166667 0 0 0 0 0.166667 0.166667 0 0 0 0.2 0 0 0.2 0.2 0 0 0 0.2 0 0 0 0 0 0.2 0 0.25 0 0.25 0 0 0 0 0.25 0.25 0 0 0 0 0 0 0 0.333333 0 0 0 0.333333 0 0 0 0 0 0.333333 0 0 0 0 0 
CCCTTATC 0 0.166667 0 0 0 0.166667 0 0.333333 0 0 0 0 0.166667 0 0 0.166667 0 0 0 0 0.2 0 0 0.4 0 0 0 0 0 0.2 0 0.2 0 0 0 0 0.25 0 0 0.5 0 0 0 0 0 0.25 0 0 0 0 0 0 0.333333 0.333333 0 0.333333 0 0 0 0 0 0 0 0 
CCGATAAG 0.166667 0 0.166667 0 0.166667 0 0.166667 0 0 0 0 0.166667 0.166667 0 0 0 0.2 0 0 0 0.2 0 0 0.2 0.2 0 0 0 0 0 0.2 0 0 0 0.25 0 0.25 0 0 0.25 0.25 0 0 0 0 0 0 0 0 0 0 0 0.666667 0 0 0 0 0 0.333333 0 0 0 0 0 
CCTTATCA 0 0.166667 0 0 0 0 0 0.333333 0 0 0 0 0.333333 0 0 0.166667 0.2 0 0 0 0.2 0 0 0.2 0 0 0 0 0 0.2 0 0.2 0 0 0 0 0.25 0 0 0.25 0 0 0 0 0.25 0.25 0 0 0 0 0 0 0 0.333333 0 0.333333 0 0 0 0 0.333333 0 0 0 
CCTTATCG 0 0.166667 0 0 0 0 0 0.333333 0 0 0 0 0.166667 0 0.166667 0.166667 0 0 0.2 0 0.2 0 0 0.2 0 0 0 0 0 0.2 0 0.2 0 0 0 0 0.25 0 0 0.25 0 0 0 0 0 0.25 0.25 0 0 0 0 0 0 0.333333 0 0.333333 0 0 0 0 0 0 0.333333 0 
CGATAACA 0.333333 0.166667 0 0 0.166667 0 0 0 0 0 0 0.166667 0.166667 0 0 0 0.4 0 0 0 0 0 0 0.2 0.2 0 0 0 0 0.2 0 0 0 0.25 0 0 0.25 0 0 0 0.25 0 0 0 0.25 0 0 0 0.333333 0 0 0 0.333333 0 0 0 0 0.333333 0 0 0 0 0 0 
CGATAACG 0.166667 0.166667 0.166667 0 0.166667 0 0 0 0 0 0 0.166667 0.166667 0 0 0 0.2 0 0.2 0 0 0 0 0.2 0.2 0 0 0 0 0.2 0 0 0 0.25 0 0 0.25 0 0 0 0.25 0 0 0 0 0 0.25 0 0 0 0.333333 0 0.333333 0 0 0 0 0.333333 0 0 0 0 0 0 
CGATAAGA 0.333333 0 0.166667 0 0.166667 0 0 0 0 0 0 0.166667 0.166667 0 0 0 0.4 0 0 0 0 0 0 0.2 0.2 0 0 0 0 0 0.2 0 0 0 0.25 0 0.25 0 0 0 0.25 0 0 0 0.25 0 0 0 0.333333 0 0 0 0.333333 0 0 0 0 0 0.333333 0 0 0 0 0 
CGATAAGC 0.166667 0.166667 0.166667 0 0.166667 0 0 0 0 0 0 0.166667 0.166667 0 0 0 0.2 0.2 0 0 0 0 0 0.2 0.2 0 0 0 0 0 0.2 0 0 0 0.25 0 0.25 0 0 0 0.25 0 0 0 0 0.25 0 0 0 0.333333 0 0 0.333333 0 0 0 0 0 0.333333 0 0 0 0 0 
CGCTTATC 0 0.166667 0 0 0 0.166667 0 0.166667 0 0 0 0.166667 0.166667 0 0 0.166667 0 0 0 0 0.2 0 0 0.2 0 0 0 0.2 0 0.2 0 0.2 0 0 0 0 0 0 0 0.5 0.25 0 0 0 0 0.25 0 0 0 0 0 0 0.333333 0.333333 0 0 0 0 0 0.333333 0 0 0 0 
CTCTTATC 0 0.166667 0 0 0 0.166667 0 0.166667 0 0 0 0 0.166667 0 0 0.333333 0 0 0 0 0.2 0 0 0.2 0 0 0 0 0 0.2 0 0.4 0 0 0 0 0 0 0 0.5 0 0 0 0 0.25 0.25 0 0 0 0 0 0 0.333333 0.333333 0 0 0 0 0 0 0 0 0 0.333333 
CTGATAAC 0.166667 0.166667 0 0 0 0 0.166667 0 0 0 0 0.166667 0.333333 0 0 0 0.2 0 0 0 0.2 0 0 0 0.2 0 0 0 0 0.2 0 0.2 0 0.25 0 0 0 0 0 0.25 0.25 0 0 0 0.25 0 0 0 0 0 0 0 0.333333 0 0 0 0 0.333333 0 0 0.333333 0 0 0 
CTGATAAG 0.166667 0 0.166667 0 0 0 0.166667 0 0 0 0 0.166667 0.333333 0 0 0 0.2 0 0 0 0.2 0 0 0 0.2 0 0 0 0 0 0.2 0.2 0 0 0.25 0 0 0 0 0.25 0.25 0 0 0 0.25 0 0 0 0 0 0 0 0.333333 0 0 0 0 0 0.333333 0 0.333333 0 0 0 
CTTATCAA 0 0.166667 0 0 0.166667 0 0 0.166667 0 0 0 0 0.333333 0 0 0.166667 0.2 0 0 0 0.2 0 0 0 0 0 0 0 0.2 0.2 0 0.2 0.25 0 0 0 0 0 0 0.25 0 0 0 0 0.25 0.25 0 0 0 0 0 0 0 0.333333 0 0 0 0 0 0 0.666667 0 0 0 
CTTATCAC 0 0.166667 0 0 0 0.166667 0 0.166667 0 0 0 0 0.333333 0 0 0.166667 0.2 0 0 0 0.2 0 0 0 0 0 0 0 0 0.4 0 0.2 0 0.25 0 0 0 0 0 0.25 0 0 0 0 0.25 0.25 0 0 0 0 0 0 0 0.333333 0 0 0 0 0 0 0.333333 0.333333 0 0 
CTTATCGC 0 0.166667 0 0 0 0.166667 0 0.166667 0 0 0 0 0.166667 0 0.166667 0.166667 0 0 0.2 0 0.2 0 0 0 0 0 0 0 0 0.4 0 0.2 0 0.25 0 0 0 0 0 0.25 0 0 0 0 0 0.25 0.25 0 0 0 0 0 0 0.333333 0 0 0 0 0 0 0 0.333333 0.333333 0 
CTTATCTA 0 0.166667 0 0 0.166667 0 0 0.166667 0 0 0 0 0.166667 0 0 0.333333 0 0 0 0.2 0.2 0 0 0 0 0 0 0 0.2 0.2 0 0.2 0.25 0 0 0 0 0 0 0.25 0 0 0 0 0 0.25 0 0.25 0 0 0 0 0 0.333333 0 0 0 0 0 0 0.333333 0 0 0.333333 
CTTATCTC 0 0.166667 0 0 0 0.166667 0 0.166667 0 0 0 0 0.166667 0 0 0.333333 0 0 0 0.2 0.2 0 0 0 0 0 0 0 0 0.4 0 0.2 0 0.25 0 0 0 0 0 0.25 0 0 0 0 0 0.25 0 0.25 0 0 0 0 0 0.333333 0 0 0 0 0 0 0 0.333333 0 0.333333 
GATAACGA 0.166667 0.166667 0.166667 0 0.166667 0 0 0 0 0 0 0.166667 0.166667 0 0 0 0.4 0 0.2 0 0 0 0 0 0.2 0 0 0 0 0.2 0 0 0.25 0.25 0 0 0 0 0 0 0.25 0 0 0 0 0 0.25 0 0 0 0.333333 0 0 0 0 0 0 0.333333 0 0 0.333333 0 0 0 
GATAAGAA 0.333333 0 0.166667 0 0 0 0 0 0.166667 0 0 0.166667 0.166667 0 0 0 0.6 0 0 0 0 0 0 0 0.2 0 0 0 0 0 0.2 0 0.25 0 0.25 0 0 0 0 0 0.25 0 0 0 0.25 0 0 0 0.333333 0 0 0 0 0 0 0 0 0 0.333333 0 0.333333 0 0 0 
GATAAGAC 0.333333 0 0.166667 0 0 0 0 0 0 0.166667 0 0.166667 0.166667 0 0 0 0.4 0.2 0 0 0 0 0 0 0.2 0 0 0 0 0 0.2 0 0 0.25 0.25 0 0 0 0 0 0.25 0 0 0 0.25 0 0 0 0.333333 0 0 0 0 0 0 0 0 0 0.333333 0 0 0.333333 0 0 
GATAAGCA 0.166667 0.166667 0.166667 0 0 0 0 0 0.166667 0 0 0.166667 0.166667 0 0 0 0.4 0.2 0 0 0 0 0 0 0.2 0 0 0 0 0 0.2 0 0.25 0 0.25 0 0 0 0 0 0.25 0 0 0 0 0.25 0 0 0 0.333333 0 0 0 0 0 0 0 0 0.333333 0 0.333333 0 0 0 
GATAAGCC 0.166667 0.166667 0.166667 0 0 0 0 0 0 0.166667 0 0.166667 0.166667 0 0 0 0.2 0.4 0 0 0 0 0 0 0.2 0 0 0 0 0 0.2 0 0 0.25 0.25 0 0 0 0 0 0.25 0 0 0 0 0.25 0 0 0 0.333333 0 0 0 0 0 0 0 0 0.333333 0 0 0.333333 0 0 
GATAAGGA 0.166667 0 0.333333 0 0 0 0 0 0.166667 0 0 0.166667 0.166667 0 0 0 0.4 0 0.2 0 0 0 0 0 0.2 0 0 0 0 0 0.2 0 0.25 0 0.25 0 0 0 0 0 0.25 0 0 0 0 0 0.25 0 0 0 0.333333 0 0 0 0 0 0 0 0.333333 0 0.333333 0 0 0 
GATAAGGC 0.166667 0 0.333333 0 0 0 0 0 0 0.166667 0 0.166667 0.166667 0 0 0 0.2 0.2 0.2 0 0 0 0 0 0.2 0 0 0 0 0 0.2 0 0 0.25 0.25 0 0 0 0 0 0.25 0 0 0 0 0 0.25 0 0 0 0.333333 0 0 0 0 0 0 0 0.333333 0 0 0.333333 0 0 
GATAAGTA 0.166667 0 0.166667 0.166667 0 0 0 0 0.166667 0 0 0.166667 0.166667 0 0 0 0.4 0 0 0.2 0 0 0 0 0.2 0 0 0 0 0 0.2 0 0.25 0 0.25 0 0 0 0 0 0.25 0 0 0 0 0 0 0.25 0 0 0 0.333333 0 0 0 0 0 0 0.333333 0 0.333333 0 0 0 
GCCGATAA 0.166667 0 0 0 0.166667 0 0.166667 0 0 0.166667 0 0.166667 0.166667 0 0 0 0.2 0 0 0 0.2 0 0 0.2 0.2 0 0.2 0 0 0 0 0 0 0 0 0 0.25 0 0 0.25 0.5 0 0 0 0 0 0 0 0 0 0 0 0.666667 0 0 0 0 0 0 0.333333 0 0 0 0 
GCGATAAC 0.166667 0.166667 0 0 0.166667 0 0 0 0 0 0.166667 0.166667 0.166667 0 0 0 0.2 0 0 0 0 0 0 0.2 0.4 0 0 0 0 0.2 0 0 0 0.25 0 0 0.25 0 0 0 0.25 0 0 0.25 0 0 0 0 0 0 0 0 0.333333 0 0 0 0.333333 0.333333 0 0 0 0 0 0 
GCTGATAA 0.166667 0 0 0 0 0 0.166667 0 0 0 0 0.333333 0.333333 0 0 0 0.2 0 0 0 0.2 0 0 0 0.2 0 0.2 0 0 0 0 0.2 0 0 0 0 0 0 0 0.25 0.5 0 0 0 0.25 0 0 0 0 0 0 0 0.333333 0 0 0 0 0 0 0.333333 0.333333 0 0 0 
GCTTATCA 0 0.166667 0 0 0 0 0 0.166667 0 0 0 0.166667 0.333333 0 0 0.166667 0.2 0 0 0 0.2 0 0 0 0 0 0 0.2 0 0.2 0 0.2 0 0 0 0 0 0 0 0.25 0.25 0 0 0 0.25 0.25 0 0 0 0 0 0 0 0.333333 0 0 0 0 0 0.333333 0.333333 0 0 0 
GGCGATAA 0.166667 0 0 0 0.166667 0 0 0 0 0.166667 0.166667 0.166667 0.166667 0 0 0 0.2 0 0 0 0 0 0 0.2 0.4 0 0.2 0 0 0 0 0 0 0 0 0 0.25 0 0 0 0.5 0 0 0.25 0 0 0 0 0 0 0 0 0.333333 0 0 0 0.333333 0 0 0.333333 0 0 0 0 
TCCGATAA 0.166667 0 0 0 0.166667 0 0.166667 0 0 0 0 0.166667 0.166667 0.166667 0 0 0.2 0 0 0 0.2 0 0 0.2 0.2 0 0 0 0 0 0.2 0 0 0 0 0 0.25 0 0 0.25 0.25 0 0 0 0.25 0 0 0 0 0 0 0 0.666667 0 0 0 0 0 0 0 0 0 0 0.333333 
TCTGATAA 0.166667 0 0 0 0 0 0.166667 0 0 0 0 0.166667 0.333333 0 0 0.166667 0.2 0 0 0 0.2 0 0 0 0.2 0 0 0 0 0 0.2 0.2 0 0 0 0 0 0 0 0.25 0.25 0 0 0 0.5 0 0 0 0 0 0 0 0.333333 0 0 0 0 0 0 0 0.333333 0 0 0.333333 
TCTTATCA 0 0.166667 0 0 0 0 0 0.166667 0 0 0 0 0.333333 0 0 0.333333 0.2 0 0 0 0.2 0 0 0 0 0 0 0 0 0.2 0 0.4 0 0 0 0 0 0 0 0.25 0 0 0 0 0.5 0.25 0 0 0 0 0 0 0 0.333333 0 0 0 0 0 0 0.333333 0 0 0.333333 
TGATAACA 0.333333 0.166667 0 0 0 0 0 0 0 0 0 0.166667 0.333333 0 0 0 0.4 0 0 0 0 0 0 0 0.2 0 0 0 0 0.2 0 0.2 0 0.25 0 0 0 0 0 0 0.25 0 0 0 0.5 0 0 0 0.333333 0 0 0 0 0 0 0 0 0.333333 0 0 0.333333 0 0 0 
AAAGATAA 0.5 0 0.166667 0 0 0 0 0 0 0 0 0.166667 0.166667 0 0 0 0.4 0 0.2 0.2 0 0 0 0 0.2 0 0 0 0 0 0 0 0.5 0 0 0.25 0 0 0 0 0.25 0 0 0 0 0 0 0 0.666667 0 0 0.333333 0 0 0 0 0 0 0 0 0 0 0 0 
AAGATAAG 0.333333 0 0.333333 0 0 0 0 0 0 0 0 0.166667 0.166667 0 0 0 0.4 0 0 0.2 0 0 0 0 0.2 0 0 0 0 0 0.2 0 0.25 0 0.25 0.25 0 0 0 0 0.25 0 0 0 0 0 0 0 0.666667 0 0 0 0 0 0 0 0 0 0.333333 0 0 0 0 0 
ACCGATAA 0.166667 0.166667 0 0 0.166667 0 0.166667 0 0 0 0 0.166667 0.166667 0 0 0 0.2 0 0.2 0 0.2 0 0 0.2 0.2 0 0 0 0 0 0 0 0.25 0 0 0 0.25 0 0 0.25 0.25 0 0 0 0 0 0 0 0 0 0 0.333333 0.666667 0 0 0 0 0 0 0 0 0 0 0 
ACCTTATC 0 0.333333 0 0 0 0 0 0.333333 0 0 0 0 0.166667 0 0 0.166667 0 0 0 0.2 0.2 0 0 0.2 0 0 0 0 0 0.2 0 0.2 0 0 0 0.25 0.25 0 0 0.25 0 0 0 0 0 0.25 0 0 0.333333 0 0 0 0 0.333333 0 0.333333 0 0 0 0 0 0 0 0 
ACGATAAG 0.166667 0 0.333333 0 0.166667 0 0 0 0 0 0 0.166667 0.166667 0 0 0 0.4 0 0 0 0 0 0 0.2 0.2 0 0 0 0 0 0.2 0 0 0 0.25 0.25 0.25 0 0 0 0.25 0 0 0 0 0 0 0 0.333333 0 0 0 0.333333 0 0 0 0 0 0.333333 0 0 0 0 0 
ACTGATAA 0.166667 0 0 0.166667 0 0 0.166667 0 0 0 0 0.166667 0.333333 0 0 0 0.2 0 0.2 0 0.2 0 0 0 0.2 0 0 0 0 0 0 0.2 0.25 0 0 0 0 0 0 0.25 0.25 0 0 0 0.25 0 0 0 0 0 0 0.333333 0.333333 0 0 0 0 0 0 0 0.333333 0 0 0 
AGAGATAA 0.5 0 0 0 0 0 0 0 0 0 0.166667 0.166667 0.166667 0 0 0 0.2 0 0.2 0.2 0 0 0 0 0.4 0 0 0 0 0 0 0 0.5 0 0 0 0 0 0 0 0.25 0 0 0.25 0 0 0 0 0.333333 0 0 0.333333 0 0 0 0 0.333333 0 0 0 0 0 0 0 
AGATAACG 0.333333 0.166667 0.166667 0 0 0 0 0 0 0 0 0.166667 0.166667 0 0 0 0.2 0 0.2 0.2 0 0 0 0 0.2 0 0 0 0 0.2 0 0 0.25 0.25 0 0 0 0 0 0 0.25 0 0 0 0 0 0.25 0 0.333333 0 0.333333 0 0 0 0 0 0 0.333333 0 0 0 0 0 0 
AGATAAGA 0.5 0 0.166667 0 0 0 0 0 0 0 0 0.166667 0.166667 0 0 0 0.4 0 0 0.2 0 0 0 0 0.2 0 0 0 0 0 0.2 0 0.25 0 0.25 0 0 0 0 0 0.25 0 0 0 0.25 0 0 0 0.666667 0 0 0 0 0 0 0 0 0 0.333333 0 0 0 0 0 
AGATAAGC 0.333333 0.166667 0.166667 0 0 0 0 0 0 0 0 0.166667 0.166667 0 0 0 0.2 0.2 0 0.2 0 0 0 0 0.2 0 0 0 0 0 0.2 0 0.25 0 0.25 0 0 0 0 0 0.25 0 0 0 0 0.25 0 0 0.333333 0.333333 0 0 0 0 0 0 0 0 0.333333 0 0 0 0 0 
AGATAAGG 0.333333 0 0.333333 0 0 0 0 0 0 0 0 0.166667 0.166667 0 0 0 0.2 0 0.2 0.2 0 0 0 0 0.2 0 0 0 0 0 0.2 0 0.25 0 0.25 0 0 0 0 0 0.25 0 0 0 0 0 0.25 0 0.333333 0 0.333333 0 0 0 0 0 0 0 0.333333 0 0 0 0 0 
AGCGATAA 0.166667 0.166667 0 0 0.166667 0 0 0 0 0 0.166667 0.166667 0.166667 0 0 0 0.2 0 0.2 0 0 0 0 0.2 0.4 0 0 0 0 0 0 0 0.25 0 0 0 0.25 0 0 0 0.25 0 0 0.25 0 0 0 0 0 0 0 0.333333 0.333333 0 0 0 0.333333 0 0 0 0 0 0 0 
AGCTTATC 0 0.333333 0 0 0 0 0 0.166667 0 0 0 0.166667 0.166667 0 0 0.166667 0 0 0 0.2 0.2 0 0 0 0 0 0 0.2 0 0.2 0 0.2 0 0 0 0.25 0 0 0 0.25 0.25 0 0 0 0 0.25 0 0 0.333333 0 0 0 0 0.333333 0 0 0 0 0 0.333333 0 0 0 0 
ATAGATAA 0.5 0 0 0 0 0 0 0 0 0 0 0.166667 0.166667 0 0.166667 0 0.2 0 0.2 0.2 0 0 0 0 0.2 0 0 0 0.2 0 0 0 0.5 0 0 0 0 0 0 0 0.25 0 0 0 0 0 0 0.25 0.333333 0 0 0.333333 0 0 0 0 0 0 0 0 0.333333 0 0 0 
ATCTTATC 0 0.333333 0 0 0 0 0 0.166667 0 0 0 0 0.166667 0 0 0.333333 0 0 0 0.2 0.2 0 0 0 0 0 0 0 0 0.2 0 0.4 0 0 0 0.25 0 0 0 0.25 0 0 0 0 0.25 0.25 0 0 0.333333 0 0 0 0 0.333333 0 0 0 0 0 0 0 0 0 0.333333 
ATGATAAG 0.166667 0 0.333333 0 0 0 0 0 0 0 0 0.166667 0.333333 0 0 0 0.4 0 0 0 0 0 0 0 0.2 0 0 0 0 0 0.2 0.2 0 0 0.25 0.25 0 0 0 0 0.25 0 0 0 0.25 0 0 0 0.333333 0 0 0 0 0 0 0 0 0 0.333333 0 0.333333 0 0 0 
CAGATAAG 0.333333 0 0.166667 0 0 0 0.166667 0 0 0 0 0.166667 0.166667 0 0 0 0.2 0 0 0.2 0.2 0 0 0 0.2 0 0 0 0 0 0.2 0 0.25 0 0.25 0 0 0 0 0.25 0.25 0 0 0 0 0 0 0 0.333333 0 0 0 0.333333 0 0 0 0 0 0.333333 0 0 0 0 0 
CCCTTATC 0 0.166667 0 0 0 0.166667 0 0.333333 0 0 0 0 0.166667 0 0 0.166667 0 0 0 0 0.2 0 0 0.4 0 0 0 0 0 0.2 0 0.2 0 0 0 0 0.25 0 0 0.5 0 0 0 0 0 0.25 0 0 0 0 0 0 0.333333 0.333333 0 0.333333 0 0 0 0 0 0 0 0 
CCGATAAC 0.166667 0.166667 0 0 0.166667 0 0.166667 0 0 0 0 0.166667 0.166667 0 0 0 0.2 0 0 0 0.2 0 0 0.2 0.2 0 0 0 0 0.2 0 0 0 0.25 0 0 0.25 0 0 0.25 0.25 0 0 0 0 0 0 0 0 0 0 0 0.666667 0 0 0 0 0.333333 0 0 0 0 0 0 
CCGATAAG 0.166667 0 0.166667 0 0.166667 0 0.166667 0 0 0 0 0.166667 0.166667 0 0 0 0.2 0 0 0 0.2 0 0 0.2 0.2 0 0 0 0 0 0.2 0 0 0 0.25 0 0.25 0 0 0.25 0.25 0 0 0 0 0 0 0 0 0 0 0 0.666667 0 0 0 0 0 0.333333 0 0 0 0 0 
CCTTATCA 0 0.166667 0 0 0 0 0 0.333333 0 0 0 0 0.333333 0 0 0.166667 0.2 0 0 0 0.2 0 0 0.2 0 0 0 0 0 0.2 0 0.2 0 0 0 0 0.25 0 0 0.25 0 0 0 0 0.25 0.25 0 0 0 0 0 0 0 0.333333 0 0.333333 0 0 0 0 0.333333 0 0 0 
CCTTATCG 0 0.166667 0 0 0 0 0 0.333333 0 0 0 0 0.166667 0 0.166667 0.166667 0 0 0.2 0 0.2 0 0 0.2 0 0 0 0 0 0.2 0 0.2 0 0 0 0 0.25 0 0 0.25 0 0 0 0 0 0.25 0.25 0 0 0 0 0 0 0.333333 0 0.333333 0 0 0 0 0 0 0.333333 0 
CGATAACG 0.166667 0.166667 0.166667 0 0.166667 0 0 0 0 0 0 0.166667 0.166667 0 0 0 0.2 0 0.2 0 0 0 0 0.2 0.2 0 0 0 0 0.2 0 0 0 0.25 0 0 0.25 0 0 0 0.25 0 0 0 0 0 0.25 0 0 0 0.333333 0 0.333333 0 0 0 0 0.333333 0 0 0 0 0 0 
CGATAAGA 0.333333 0 0.166667 0 0.166667 0 0 0 0 0 0 0.166667 0.166667 0 0 0 0.4 0 0 0 0 0 0 0.2 0.2 0 0 0 0 0 0.2 0 0 0 0.25 0 0.25 0 0 0 0.25 0 0 0 0.25 0 0 0 0.333333 0 0 0 0.333333 0 0 0 0 0 0.333333 0 0 0 0 0 
CGATAAGC 0.166667 0.166667 0.166667 0 0.166667 0 0 0 0 0 0 0.166667 0.166667 0 0 0 0.2 0.2 0 0 0 0 0 0.2 0.2 0 0 0 0 0 0.2 0 0 0 0.25 0 0.25 0 0 0 0.25 0 0 0 0 0.25 0 0 0 0.333333 0 0 0.333333 0 0 0 0 0 0.333333 0 0 0 0 0 
CGCGATAA 0.166667 0 0 0 0.166667 0.166667 0 0 0 0 0.166667 0.166667 0.166667 0 0 0 0.2 0 0 0 0 0 0.2 0.2 0.4 0 0 0 0 0 0 0 0 0 0 0 0.5 0 0 0 0.25 0 0 0.25 0 0 0 0 0 0 0 0 0.333333 0 0 0.333333 0.333333 0 0 0 0 0 0 0 
CGCTTATC 0 0.166667 0 0 0 0.166667 0 0.166667 0 0 0 0.166667 0.166667 0 0 0.166667 0 0 0 0 0.2 0 0 0.2 0 0 0 0.2 0 0.2 0 0.2 0 0 0 0 0 0 0 0.5 0.25 0 0 0 0 0.25 0 0 0 0 0 0 0.333333 0.333333 0 0 0 0 0 0.333333 0 0 0 0 
CGTTATCA 0 0.166667 0 0 0 0 0 0.166667 0 0 0 0.166667 0.333333 0 0 0.166667 0.2 0 0 0 0 0 0 0.2 0.2 0 0 0 0 0.2 0 0.2 0 0 0 0 0.25 0 0 0 0 0 0 0.25 0.25 0.25 0 0 0 0 0 0 0 0 0 0.333333 0 0.333333 0 0 0.333333 0 0 0 
CTCTTATC 0 0.166667 0 0 0 0.166667 0 0.166667 0 0 0 0 0.166667 0 0 0.333333 0 0 0 0 0.2 0 0 0.2 0 0 0 0 0 0.2 0 0.4 0 0 0 0 0 0 0 0.5 0 0 0 0 0.25 0.25 0 0 0 0 0 0 0.333333 0.333333 0 0 0 0 0 0 0 0 0 0.333333 
CTGATAAC 0.166667 0.166667 0 0 0 0 0.166667 0 0 0 0 0.166667 0.333333 0 0 0 0.2 0 0 0 0.2 0 0 0 0.2 0 0 0 0 0.2 0 0.2 0 0.25 0 0 0 0 0 0.25 0.25 0 0 0 0.25 0 0 0 0 0 0 0 0.333333 0 0 0 0 0.333333 0 0 0.333333 0 0 0 
CTGATAAG 0.166667 0 0.166667 0 0 0 0.166667 0 0 0 0 0.166667 0.333333 0 0 0 0.2 0 0 0 0.2 0 0 0 0.2 0 0 0 0 0 0.2 0.2 0 0 0.25 0 0 0 0 0.25 0.25 0 0 0 0.25 0 0 0 0 0 0 0 0.333333 0 0 0 0 0 0.333333 0 0.333333 0 0 0 
CTGTTATC 0 0.166667 0 0 0 0 0.166667 0 0 0 0 0.166667 0.166667 0 0 0.333333 0 0 0 0 0 0 0 0.2 0.2 0 0 0 0 0.2 0 0.4 0 0 0 0 0 0 0 0.25 0 0 0 0.25 0.25 0.25 0 0 0 0 0 0 0.333333 0 0 0 0 0.333333 0 0 0 0 0 0.333333 
CTTATCAA 0 0.166667 0 0 0.166667 0 0 0.166667 0 0 0 0 0.333333 0 0 0.166667 0.2 0 0 0 0.2 0 0 0 0 0 0 0 0.2 0.2 0 0.2 0.25 0 0 0 0 0 0 0.25 0 0 0 0 0.25 0.25 0 0 0 0 0 0 0 0.333333 0 0 0 0 0 0 0.666667 0 0 0 
CTTATCAC 0 0.166667 0 0 0 0.166667 0 0.166667 0 0 0 0 0.333333 0 0 0.166667 0.2 0 0 0 0.2 0 0 0 0 0 0 0 0 0.4 0 0.2 0 0.25 0 0 0 0 0 0.25 0 0 0 0 0.25 0.25 0 0 0 0 0 0 0 0.333333 0 0 0 0 0 0 0.333333 0.333333 0 0 
CTTATCGA 0 0.166667 0 0 0.166667 0 0 0.166667 0 0 0 0 0.166667 0 0.166667 0.166667 0 0 0.2 0 0.2 0 0 0 0 0 0 0 0.2 0.2 0 0.2 0.25 0 0 0 0 0 0 0.25 0 0 0 0 0 0.25 0.25 0 0 0 0 0 0 0.333333 0 0 0 0 0 0 0.333333 0 0.333333 0 
CTTATCGC 0 0.166667 0 0 0 0.166667 0 0.166667 0 0 0 0 0.166667 0 0.166667 0.166667 0 0 0.2 0 0.2 0 0 0 0 0 0 0 0 0.4 0 0.2 0 0.25 0 0 0 0 0 0.25 0 0 0 0 0 0.25 0.25 0 0 0 0 0 0 0.333333 0 0 0 0 0 0 0 0.333333 0.333333 0 
CTTATCTA 0 0.166667 0 0 0.166667 0 0 0.166667 0 0 0 0 0.166667 0 0 0.333333 0 0 0 0.2 0.2 0 0 0 0 0 0 0 0.2 0.2 0 0.2 0.25 0 0 0 0 0 0 0.25 0 0 0 0 0 0.25 0 0.25 0 0 0 0 0 0.333333 0 0 0 0 0 0 0.333333 0 0 0.333333 
CTTATCTC 0 0.166667 0 0 0 0.166667 0 0.166667 0 0 0 0 0.166667 0 0 0.333333 0 0 0 0.2 0.2 0 0 0 0 0 0 0 0 0.4 0 0.2 0 0.25 0 0 0 0 0 0.25 0 0 0 0 0 0.25 0 0.25 0 0 0 0 0 0.333333 0 0 0 0 0 0 0 0.333333 0 0.333333 
GATAACGA 0.166667 0.166667 0.166667 0 0.166667 0 0 0 0 0 0 0.166667 0.166667 0 0 0 0.4 0 0.2 0 0 0 0 0 0.2 0 0 0 0 0.2 0 0 0.25 0.25 0 0 0 0 0 0 0.25 0 0 0 0 0 0.25 0 0 0 0.333333 0 0 0 0 0 0 0.333333 0 0 0.333333 0 0 0 
GATAAGAA 0.333333 0 0.166667 0 0 0 0 0 0.166667 0 0 0.166667 0.166667 0 0 0 0.6 0 0 0 0 0 0 0 0.2 0 0 0 0 0 0.2 0 0.25 0 0.25 0 0 0 0 0 0.25 0 0 0 0.25 0 0 0 0.333333 0 0 0 0 0 0 0 0 0 0.333333 0 0.333333 0 0 0 
GATAAGAC 0.333333 0 0.166667 0 0 0 0 0 0 0.166667 0 0.166667 0.166667 0 0 0 0.4 0.2 0 0 0 0 0 0 0.2 0 0 0 0 0 0.2 0 0 0.25 0.25 0 0 0 0 0 0.25 0 0 0 0.25 0 0 0 0.333333 0 0 0 0 0 0 0 0 0 0.333333 0 0 0.333333 0 0 
GATAAGCA 0.166667 0.166667 0.166667 0 0 0 0 0 0.166667 0 0 0.166667 0.166667 0 0 0 0.4 0.2 0 0 0 0 0 0 0.2 0 0 0 0 0 0.2 0 0.25 0 0.25 0 0 0 0 0 0.25 0 0 0 0 0.25 0 0 0 0.333333 0 0 0 0 0 0 0 0 0.333333 0 0.333333 0 0 0 
GATAAGCC 0.166667 0.166667 0.166667 0 0 0 0 0 0 0.166667 0 0.166667 0.166667 0 0 0 0.2 0.4 0 0 0 0 0 0 0.2 0 0 0 0 0 0.2 0 0 0.25 0.25 0 0 0 0 0 0.25 0 0 0 0 0.25 0 0 0 0.333333 0 0 0 0 0 0 0 0 0.333333 0 0 0.333333 0 0 
GATAAGGA 0.166667 0 0.333333 0 0 0 0 0 0.166667 0 0 0.166667 0.166667 0 0 0 0.4 0 0.2 0 0 0 0 0 0.2 0 0 0 0 0 0.2 0 0.25 0 0.25 0 0 0 0 0 0.25 0 0 0 0 0 0.25 0 0 0 0.333333 0 0 0 0 0 0 0 0.333333 0 0.333333 0 0 0 
GATAAGGC 0.166667 0 0.333333 0 0 0 0 0 0 0.166667 0 0.166667 0.166667 0 0 0 0.2 0.2 0.2 0 0 0 0 0 0.2 0 0 0 0 0 0.2 0 0 0.25 0.25 0 0 0 0 0 0.25 0 0 0 0 0 0.25 0 0 0 0.333333 0 0 0 0 0 0 0 0.333333 0 0 0.333333 0 0 
GCGATAAC 0.166667 0.166667 0 0 0.166667 0 0 0 0 0 0.166667 0.166667 0.166667 0 0 0 0.2 0 0 0 0 0 0 0.2 0.4 0 0 0 0 0.2 0 0 0 0.25 0 0 0.25 0 0 0 0.25 0 0 0.25 0 0 0 0 0 0 0 0 0.333333 0 0 0 0.333333 0.333333 0 0 0 0 0 0 
GCTGATAA 0.166667 0 0 0 0 0 0.166667 0 0 0 0 0.333333 0.333333 0 0 0 0.2 0 0 0 0.2 0 0 0 0.2 0 0.2 0 0 0 0 0.2 0 0 0 0 0 0 0 0.25 0.5 0 0 0 0.25 0 0 0 0 0 0 0 0.333333 0 0 0 0 0 0 0.333333 0.333333 0 0 0 
GCTTATCA 0 0.166667 0 0 0 0 0 0.166667 0 0 0 0.166667 0.333333 0 0 0.166667 0.2 0 0 0 0.2 0 0 0 0 0 0 0.2 0 0.2 0 0.2 0 0 0 0 0 0 0 0.25 0.25 0 0 0 0.25 0.25 0 0 0 0 0 0 0 0.333333 0 0 0 0 0 0.333333 0.333333 0 0 0 
TCTTATCA 0 0.166667 0 0 0 0 0 0.166667 0 0 0 0 0.333333 0 0 0.333333 0.2 0 0 0 0.2 0 0 0 0 0 0 0 0 0.2 0 0.4 0 0 0 0 0 0 0 0.25 0 0 0 0 0.5 0.25 0 0 0 0 0 0 0 0.333333 0 0 0 0 0 0 0.333333 0 0 0.333333 
TGATAACA 0.333333 0.166667 0 0 0 0 0 0 0 0 0 0.166667 0.333333 0 0 0 0.4 0 0 0 0 0 0 0 0.2 0 0 0 0 0.2 0 0.2 0 0.25 0 0 0 0 0 0 0.25 0 0 0 0.5 0 0 0 0.333333 0 0 0 0 0 0 0 0 0.333333 0 0 0.333333 0 0 0 
AAGATCTA 0.166667 0.166667 0.166667 0 0.166667 0 0 0 0 0 0 0.166667 0 0 0 0.166667 0.2 0 0 0.4 0 0 0 0 0 0.2 0 0 0.2 0 0 0 0.25 0.25 0 0.25 0 0 0 0 0 0 0 0.25 0 0 0 0 0 0.333333 0 0.333333 0 0 0 0 0.333333 0 0 0 0 0 0 0 
ACAGATCT 0.333333 0.166667 0 0 0 0 0.166667 0 0 0 0 0.166667 0 0 0 0.166667 0 0 0.2 0.4 0.2 0 0 0 0 0.2 0 0 0 0 0 0 0.25 0.25 0 0 0 0 0 0.25 0 0 0 0.25 0 0 0 0 0 0 0 0.666667 0 0.333333 0 0 0 0 0 0 0 0 0 0 
AGATCTAA 0.166667 0.166667 0 0 0.166667 0 0 0 0 0 0 0.166667 0.166667 0 0 0.166667 0 0 0 0.4 0.2 0 0 0 0 0.2 0 0 0.2 0 0 0 0.25 0.25 0 0 0 0 0 0 0 0 0 0.25 0.25 0 0 0 0.333333 0 0 0.333333 0 0 0 0 0.333333 0 0 0 0 0 0 0 
AGATCTAC 0.166667 0.166667 0 0 0.166667 0 0 0 0 0 0 0.166667 0 0.166667 0 0.166667 0 0 0 0.4 0 0.2 0 0 0 0.2 0 0 0.2 0 0 0 0.25 0.25 0 0 0 0 0 0 0 0 0 0.25 0 0.25 0 0 0 0.333333 0 0.333333 0 0 0 0 0.333333 0 0 0 0 0 0 0 
AGATCTAT 0.166667 0.166667 0 0 0.166667 0 0 0 0 0 0 0.166667 0 0 0 0.333333 0 0 0 0.4 0 0 0 0.2 0 0.2 0 0 0.2 0 0 0 0.25 0.25 0 0 0 0 0 0 0 0 0 0.25 0 0 0 0.25 0 0 0 0.666667 0 0 0 0 0.333333 0 0 0 0 0 0 0 
AGATCTCA 0.166667 0.166667 0 0 0 0.166667 0 0 0 0 0 0.166667 0.166667 0 0 0.166667 0 0 0 0.4 0.2 0 0 0 0 0.2 0 0 0 0.2 0 0 0 0.5 0 0 0 0 0 0 0 0 0 0.25 0.25 0 0 0 0.333333 0 0 0.333333 0 0 0 0 0 0.333333 0 0 0 0 0 0 
AGATCTCC 0.166667 0.166667 0 0 0 0.166667 0 0 0 0 0 0.166667 0 0.166667 0 0.166667 0 0 0 0.4 0 0.2 0 0 0 0.2 0 0 0 0.2 0 0 0 0.5 0 0 0 0 0 0 0 0 0 0.25 0 0.25 0 0 0 0.333333 0 0.333333 0 0 0 0 0 0.333333 0 0 0 0 0 0 
AGATCTGC 0.166667 0.166667 0 0 0 0 0.166667 0 0 0 0 0.166667 0 0.166667 0 0.166667 0 0 0 0.4 0 0.2 0 0 0 0.2 0 0 0 0 0.2 0 0 0.25 0.25 0 0 0 0 0 0 0 0 0.25 0 0.25 0 0 0 0.333333 0 0.333333 0 0 0 0 0 0 0.333333 0 0 0 0 0 
AGTAGATC 0.166667 0.166667 0 0.166667 0 0 0 0 0.166667 0 0 0.166667 0 0 0.166667 0 0.2 0 0 0.2 0 0 0 0 0 0.2 0.2 0 0.2 0 0 0 0 0.25 0.25 0 0 0 0 0 0.25 0 0 0 0 0 0 0.25 0.333333 0 0 0 0 0 0 0 0 0 0 0.333333 0 0.333333 0 0 
CAGATCTA 0.166667 0.166667 0 0 0.166667 0 0.166667 0 0 0 0 0.166667 0 0 0 0.166667 0 0 0 0.4 0.2 0 0 0 0 0.2 0 0 0.2 0 0 0 0.25 0.25 0 0 0 0 0 0.25 0 0 0 0.25 0 0 0 0 0 0 0 0.333333 0 0.333333 0 0 0.333333 0 0 0 0 0 0 0 
CGGAGATA 0.333333 0 0 0 0 0 0.166667 0 0.166667 0 0.166667 0.166667 0 0 0 0 0 0 0 0.2 0.2 0 0 0 0.4 0 0.2 0 0 0 0 0 0.25 0 0 0 0 0 0.25 0 0.25 0 0 0.25 0 0 0 0 0 0 0 0 0.333333 0 0 0 0.333333 0 0 0.333333 0 0 0 0 
CGTAGATC 0.166667 0.166667 0 0 0 0 0 0.166667 0.166667 0 0 0.166667 0 0 0.166667 0 0 0 0 0.2 0.2 0 0 0 0 0.2 0.2 0 0.2 0 0 0 0 0.25 0 0 0 0 0.25 0 0.25 0 0 0 0 0 0 0.25 0 0 0 0 0.333333 0 0 0 0 0 0 0.333333 0 0.333333 0 0 
GAACTACA 0.166667 0.166667 0 0.166667 0.166667 0 0 0 0.166667 0 0 0 0 0.166667 0 0 0.2 0 0 0.2 0 0.2 0 0 0 0.2 0 0 0.2 0 0 0 0.25 0.25 0 0 0.25 0 0 0 0 0 0 0.25 0 0 0 0 0.333333 0.333333 0 0 0 0 0 0 0.333333 0 0 0 0 0 0 0 
GAGATCTA 0.166667 0.166667 0 0 0.166667 0 0 0 0 0 0.166667 0.166667 0 0 0 0.166667 0 0 0 0.4 0 0 0 0 0.2 0.2 0 0 0.2 0 0 0 0.25 0.25 0 0 0 0 0 0 0 0 0 0.5 0 0 0 0 0 0 0 0.333333 0 0 0 0 0.333333 0.333333 0 0 0 0 0 0 
GAGATCTC 0.166667 0.166667 0 0 0 0.166667 0 0 0 0 0.166667 0.166667 0 0 0 0.166667 0 0 0 0.4 0 0 0 0 0.2 0.2 0 0 0 0.2 0 0 0 0.5 0 0 0 0 0 0 0 0 0 0.5 0 0 0 0 0 0 0 0.333333 0 0 0 0 0 0.666667 0 0 0 0 0 0 
GATCTACA 0.166667 0.166667 0 0 0.166667 0 0 0 0 0 0 0.166667 0 0.166667 0 0.166667 0 0 0 0.2 0 0.2 0 0 0 0.2 0 0 0.4 0 0 0 0.25 0 0 0 0.25 0 0 0 0 0 0 0.25 0 0.25 0 0 0 0.333333 0 0 0 0 0 0 0.333333 0 0 0 0.333333 0 0 0 
GATCTACC 0 0.333333 0 0 0.166667 0 0 0 0 0 0 0.166667 0 0.166667 0 0.166667 0 0 0 0.2 0 0.2 0 0 0 0.2 0 0 0.2 0.2 0 0 0.25 0 0 0 0 0.25 0 0 0 0 0 0.25 0 0.25 0 0 0 0.333333 0 0 0 0 0 0 0.333333 0 0 0 0 0.333333 0 0 
GATCTCCA 0 0.166667 0 0 0.166667 0.166667 0 0 0 0 0 0.166667 0 0.166667 0 0.166667 0 0 0 0.2 0 0.2 0 0 0 0.2 0 0 0.2 0.2 0 0 0 0.25 0 0 0.25 0 0 0 0 0 0 0.25 0 0.25 0 0 0 0.333333 0 0 0 0 0 0 0 0.333333 0 0 0.333333 0 0 0 
GGAACTAC 0 0.166667 0 0.166667 0.166667 0 0 0 0.333333 0 0 0 0 0.166667 0 0 0.2 0 0 0.2 0 0.2 0 0 0.2 0.2 0 0 0 0 0 0 0.25 0.25 0 0 0 0 0 0 0 0.25 0 0.25 0 0 0 0 0 0.333333 0 0 0 0 0 0 0.333333 0 0 0.333333 0 0 0 0 
GGATCTAC 0 0.166667 0 0 0.166667 0 0 0 0.166667 0 0 0.166667 0 0.166667 0 0.166667 0 0 0 0.2 0 0.2 0 0 0 0.2 0 0.2 0.2 0 0 0 0.25 0 0 0 0 0 0 0 0 0.25 0 0.25 0 0.25 0 0 0 0.333333 0 0 0 0 0 0 0.333333 0 0 0.333333 0 0 0 0 
TAGATCCA 0.166667 0.166667 0 0 0.166667 0 0 0 0 0 0 0.166667 0 0.166667 0.166667 0 0 0.2 0 0.2 0 0 0 0 0 0.2 0 0 0.4 0 0 0 0.25 0.25 0 0 0 0 0 0 0 0.25 0 0 0 0 0 0.25 0 0.333333 0 0 0 0 0 0 0.333333 0 0 0 0 0.333333 0 0 
TAGATCTA 0.166667 0.166667 0 0 0.166667 0 0 0 0 0 0 0.166667 0 0 0.166667 0.166667 0 0 0 0.4 0 0 0 0 0 0.2 0 0 0.4 0 0 0 0.25 0.25 0 0 0 0 0 0 0 0 0 0.25 0 0 0 0.25 0 0 0 0.333333 0 0 0 0 0.333333 0 0 0 0 0.333333 0 0 
TCTTGGCA 0 0 0 0 0 0 0 0.166667 0.166667 0.166667 0 0 0 0 0.333333 0.166667 0 0 0 0 0 0 0.2 0 0.2 0 0 0 0 0.2 0.2 0.2 0 0 0 0 0 0 0.25 0 0 0 0 0 0.25 0.25 0.25 0 0 0 0 0 0 0.333333 0 0 0 0 0 0 0.333333 0 0.333333 0 
AAGATCTA 0.166667 0.166667 0.166667 0 0.166667 0 0 0 0 0 0 0.166667 0 0 0 0.166667 0.2 0 0 0.4 0 0 0 0 0 0.2 0 0 0.2 0 0 0 0.25 0.25 0 0.25 0 0 0 0 0 0 0 0.25 0 0 0 0 0 0.333333 0 0.333333 0 0 0 0 0.333333 0 0 0 0 0 0 0 
AGAACTAC 0.166667 0.166667 0 0.166667 0.166667 0 0 0 0.166667 0 0 0 0 0.166667 0 0 0.4 0 0 0.2 0 0.2 0 0 0 0.2 0 0 0 0 0 0 0.25 0.5 0 0 0 0 0 0 0 0 0 0.25 0 0 0 0 0 0.333333 0 0.333333 0 0 0 0 0.333333 0 0 0 0 0 0 0 
AGATCTAA 0.166667 0.166667 0 0 0.166667 0 0 0 0 0 0 0.166667 0.166667 0 0 0.166667 0 0 0 0.4 0.2 0 0 0 0 0.2 0 0 0.2 0 0 0 0.25 0.25 0 0 0 0 0 0 0 0 0 0.25 0.25 0 0 0 0.333333 0 0 0.333333 0 0 0 0 0.333333 0 0 0 0 0 0 0 
AGATCTAC 0.166667 0.166667 0 0 0.166667 0 0 0 0 0 0 0.166667 0 0.166667 0 0.166667 0 0 0 0.4 0 0.2 0 0 0 0.2 0 0 0.2 0 0 0 0.25 0.25 0 0 0 0 0 0 0 0 0 0.25 0 0.25 0 0 0 0.333333 0 0.333333 0 0 0 0 0.333333 0 0 0 0 0 0 0 
AGATCTAG 0.166667 0.166667 0 0 0.166667 0 0 0 0 0 0 0.166667 0 0 0.166667 0.166667 0 0 0 0.4 0 0 0.2 0 0 0.2 0 0 0.2 0 0 0 0.25 0.25 0 0 0 0 0 0 0 0 0 0.25 0 0 0.25 0 0 0 0.333333 0.333333 0 0 0 0 0.333333 0 0 0 0 0 0 0 
AGATCTAT 0.166667 0.166667 0 0 0.166667 0 0 0 0 0 0 0.166667 0 0 0 0.333333 0 0 0 0.4 0 0 0 0.2 0 0.2 0 0 0.2 0 0 0 0.25 0.25 0 0 0 0 0 0 0 0 0 0.25 0 0 0 0.25 0 0 0 0.666667 0 0 0 0 0.333333 0 0 0 0 0 0 0 
AGATCTCA 0.166667 0.166667 0 0 0 0.166667 0 0 0 0 0 0.166667 0.166667 0 0 0.166667 0 0 0 0.4 0.2 0 0 0 0 0.2 0 0 0 0.2 0 0 0 0.5 0 0 0 0 0 0 0 0 0 0.25 0.25 0 0 0 0.333333 0 0 0.333333 0 0 0 0 0 0.333333 0 0 0 0 0 0 
AGATCTCC 0.166667 0.166667 0 0 0 0.166667 0 0 0 0 0 0.166667 0 0.166667 0 0.166667 0 0 0 0.4 0 0.2 0 0 0 0.2 0 0 0 0.2 0 0 0 0.5 0 0 0 0 0 0 0 0 0 0.25 0 0.25 0 0 0 0.333333 0 0.333333 0 0 0 0 0 0.333333 0 0 0 0 0 0 
AGATCTGC 0.166667 0.166667 0 0 0 0 0.166667 0 0 0 0 0.166667 0 0.166667 0 0.166667 0 0 0 0.4 0 0.2 0 0 0 0.2 0 0 0 0 0.2 0 0 0.25 0.25 0 0 0 0 0 0 0 0 0.25 0 0.25 0 0 0 0.333333 0 0.333333 0 0 0 0 0 0 0.333333 0 0 0 0 0 
AGTAGATC 0.166667 0.166667 0 0.166667 0 0 0 0 0.166667 0 0 0.166667 0 0 0.166667 0 0.2 0 0 0.2 0 0 0 0 0 0.2 0.2 0 0.2 0 0 0 0 0.25 0.25 0 0 0 0 0 0.25 0 0 0 0 0 0 0.25 0.333333 0 0 0 0 0 0 0 0 0 0 0.333333 0 0.333333 0 0 
CAGATCTA 0.166667 0.166667 0 0 0.166667 0 0.166667 0 0 0 0 0.166667 0 0 0 0.166667 0 0 0 0.4 0.2 0 0 0 0 0.2 0 0 0.2 0 0 0 0.25 0.25 0 0 0 0 0 0.25 0 0 0 0.25 0 0 0 0 0 0 0 0.333333 0 0.333333 0 0 0.333333 0 0 0 0 0 0 0 
CGGAGATA 0.333333 0 0 0 0 0 0.166667 0 0.166667 0 0.166667 0.166667 0 0 0 0 0 0 0 0.2 0.2 0 0 0 0.4 0 0.2 0 0 0 0 0 0.25 0 0 0 0 0 0.25 0 0.25 0 0 0.25 0 0 0 0 0 0 0 0 0.333333 0 0 0 0.333333 0 0 0.333333 0 0 0 0 
CGTAGATC 0.166667 0.166667 0 0 0 0 0 0.166667 0.166667 0 0 0.166667 0 0 0.166667 0 0 0 0 0.2 0.2 0 0 0 0 0.2 0.2 0 0.2 0 0 0 0 0.25 0 0 0 0 0.25 0 0.25 0 0 0 0 0 0 0.25 0 0 0 0 0.333333 0 0 0 0 0 0 0.333333 0 0.333333 0 0 
GAGATCTA 0.166667 0.166667 0 0 0.166667 0 0 0 0 0 0.166667 0.166667 0 0 0 0.166667 0 0 0 0.4 0 0 0 0 0.2 0.2 0 0 0.2 0 0 0 0.25 0.25 0 0 0 0 0 0 0 0 0 0.5 0 0 0 0 0 0 0 0.333333 0 0 0 0 0.333333 0.333333 0 0 0 0 0 0 
GAGATCTC 0.166667 0.166667 0 0 0 0.166667 0 0 0 0 0.166667 0.166667 0 0 0 0.166667 0 0 0 0.4 0 0 0 0 0.2 0.2 0 0 0 0.2 0 0 0 0.5 0 0 0 0 0 0 0 0 0 0.5 0 0 0 0 0 0 0 0.333333 0 0 0 0 0 0.666667 0 0 0 0 0 0 
GATCTACA 0.166667 0.166667 0 0 0.166667 0 0 0 0 0 0 0.166667 0 0.166667 0 0.166667 0 0 0 0.2 0 0.2 0 0 0 0.2 0 0 0.4 0 0 0 0.25 0 0 0 0.25 0 0 0 0 0 0 0.25 0 0.25 0 0 0 0.333333 0 0 0 0 0 0 0.333333 0 0 0 0.333333 0 0 0 
GATCTACC 0 0.333333 0 0 0.166667 0 0 0 0 0 0 0.166667 0 0.166667 0 0.166667 0 0 0 0.2 0 0.2 0 0 0 0.2 0 0 0.2 0.2 0 0 0.25 0 0 0 0 0.25 0 0 0 0 0 0.25 0 0.25 0 0 0 0.333333 0 0 0 0 0 0 0.333333 0 0 0 0 0.333333 0 0 
GATCTCCA 0 0.166667 0 0 0.166667 0.166667 0 0 0 0 0 0.166667 0 0.166667 0 0.166667 0 0 0 0.2 0 0.2 0 0 0 0.2 0 0 0.2 0.2 0 0 0 0.25 0 0 0.25 0 0 0 0 0 0 0.25 0 0.25 0 0 0 0.333333 0 0 0 0 0 0 0 0.333333 0 0 0.333333 0 0 0 
GGAGATCC 0.166667 0.166667 0 0 0 0 0 0 0.166667 0 0.166667 0.166667 0 0.166667 0 0 0 0.2 0 0.2 0 0 0 0 0.2 0.2 0.2 0 0 0 0 0 0 0.25 0 0 0 0 0 0 0.25 0.25 0 0.25 0 0 0 0 0 0.333333 0 0 0 0 0 0 0 0.333333 0 0.333333 0 0 0 0 
GGATCTAC 0 0.166667 0 0 0.166667 0 0 0 0.166667 0 0 0.166667 0 0.166667 0 0.166667 0 0 0 0.2 0 0.2 0 0 0 0.2 0 0.2 0.2 0 0 0 0.25 0 0 0 0 0 0 0 0 0.25 0 0.25 0 0.25 0 0 0 0.333333 0 0 0 0 0 0 0.333333 0 0 0.333333 0 0 0 0 
TAGATCTA 0.166667 0.166667 0 0 0.166667 0 0 0 0 0 0 0.166667 0 0 0.166667 0.166667 0 0 0 0.4 0 0 0 0 0 0.2 0 0 0.4 0 0 0 0.25 0.25 0 0 0 0 0 0 0 0 0 0.25 0 0 0 0.25 0 0 0 0.333333 0 0 0 0 0.333333 0 0 0 0 0.333333 0 0 
TCTTGGCA 0 0 0 0 0 0 0 0.166667 0.166667 0.166667 0 0 0 0 0.333333 0.166667 0 0 0 0 0 0 0.2 0 0.2 0 0 0 0 0.2 0.2 0.2 0 0 0 0 0 0 0.25 0 0 0 0 0 0.25 0.25 0.25 0 0 0 0 0 0 0.333333 0 0 0 0 0 0 0.333333 0 0.333333 0 
