0.490845792
0.484877249
0.489509978
0.482503046
0.496788963
0.481826071
0.481941718
0.480945165
0.487227675
0.492984724
0.492811827
0.489204403
0.489896572
0.482499972
0.495026579
0.489229019
0.485424082
0.491634699
0.486440627
0.497228388
0.488619224
0.495783324
0.49770159
0.489429003
0.493377987
0.495629578
0.496469749
0.483235125
0.492979411
0.482601149
0.487594907
0.493678766
0.48351116
0.494224436
0.495603164
0.486546739
0.485514533
0.497260295
0.494102061
0.487854479
0.484229413
0.482535312
0.491497603
0.494346811
0.48969397
0.493803306
0.49113591
0.495256641
0.491281839
0.482533772
0.490116273
0.480385428
0.493739526
0.48236737
0.482283911
0.480720629
0.484511081
0.483362654
0.484527553
0.485724699
0.483271742
0.493920727
0.487038899
0.481053138
0.491715025
0.481932874
0.489505193
0.480722176
0.494566263
0.48057791
0.482033427
0.482869185
0.4948623
0.491263344
0.494481949
0.485400902
0.483077383
0.488661259
0.492540583
0.48247892
0.481087083
0.482740748
0.490742522
0.484603199
0.494970473
0.483242578
0.481649115
0.493140319
0.496305024
0.485387815
0.486419247
0.496410336
0.494209581
0.484035189
0.482258179
0.49185841
0.482973848
0.486075043
0.490031847
0.494575604
0.48368119
0.49206769
0.486566638
0.486829413
0.495807816
0.494582974
0.491940936
0.481732034
0.48786473
0.495606976
0.494186951
0.49061426
0.489296069
0.494985199
0.489799199
0.485353681
0.492778366
0.480088539
0.482778666
0.481866367
0.481233563
0.494668446
0.481155095
0.488339957
0.484826715
0.491986931
0.481374192
0.480167701
0.486518121
0.494769677
0.48434474
0.486542063
0.485218775
0.48857189
0.48107584
0.486032756
0.484455492
0.495771689
0.498934693
0.494203653
0.494152859
0.489851348
0.489364728
0.488061036
0.488736726
0.488793668
0.491454604
0.481700911
0.481006193
0.490888825
0.483960548
0.482736642
0.48649684
0.480986801
0.483052852
0.485725753
0.495623976
0.486136969
0.488130564
0.480516713
0.480405301
0.491030226
0.492939837
0.497190832
0.48686082
0.482452929
0.49203271
0.485178072
0.483711924
0.495648439
0.487191299
0.48410624
0.486728443
0.498167737
0.494459857
0.480995045
0.493442614
0.485347635
0.498600736
0.488366958
0.488711543
0.481035455
0.496265083
0.49873961
0.485994062
0.481121673
0.490283623
0.482398794
0.487127606
0.485313456
0.490836601
0.494885889
0.494275459
0.497302292
0.484070151
0.48572381
0.488556544
0.485636606
0.489673991
0.496351484
0.48386557
0.485921449
0.49113329
0.483362828
0.484742058
0.487058292
0.489844348
0.498930449
0.487811751
0.486588156
0.482095963
0.486123074
0.492412884
0.48515878
0.48444378
0.495493421
0.497329545
0.491537081
0.497425468
0.486179562
0.48641615
0.490351339
0.490219065
0.480432344
0.493391148
0.49642992
0.492610484
0.48101072
0.493848722
0.492116521
0.484502495
0.485942974
0.490689112
0.490666305
0.499356941
0.489803209
0.485550092
0.48807672
0.492062354
0.488655382
0.48257961
0.484127696
0.490241712
0.492352245
0.492731098
0.489738512
0.483451663
0.484835614
0.490757569
0.487634457
0.492521835
0.495243373
0.49528556
0.49508585
0.481853931
0.491007134
0.493561378
0.493403259
0.487501793
0.493687231
0.481609208
0.498395316
0.493620325
0.489237456
0.496148909
0.493998374
0.489505041
0.486511618
0.491729499
0.487439905
0.49382848
0.489730073
0.492460109
0.49250925
0.48613799
0.481732976
0.485600725
0.489415459
0.494100559
0.486150298
0.48508228
0.487263153
0.496342722
0.480388406
0.480226179
0.491667597
0.480569387
0.488271723
0.491152559
0.490890933
0.480307762
0.485045151
0.495780658
0.492835708
0.490127174
0.485909842
0.487529187
0.485891243
0.490038846
0.493208666
0.487990548
0.489735946
0.481790306
0.489517989
0.495183841
0.493033303
0.480383717
0.493974175
0.491838974
0.480788815
0.49161392
0.484618532
0.48883256
0.486659121
0.495202038
0.482439779
0.490580877
0.487126756
0.483132191
0.49538639
0.494432723
0.491990885
0.484499395
0.493751934
0.489627817
0.486361718
0.484941064
0.489358649
0.489606094
0.480266339
0.484579058
0.491176049
0.491870307
0.480269451
0.482671351
0.480448963
0.48707051
0.499527725
0.486228126
0.492946799
0.491437088
0.487490337
0.486427718
0.490130016
0.492738773
0.492536544
0.481730269
0.49495959
0.491729961
0.497861103
0.482219411
0.483922513
0.488232545
0.498077699
0.487563318
0.49864455
0.481363772
0.482243501
0.481431888
0.483760576
0.499233848
0.483691472
0.486835273
0.486306748
0.493114019
0.491757599
0.484292956
0.486146499
0.491292839
0.496639957
0.492803294
0.494984383
0.498633603
0.491146259
0.491920637
0.485914139
0.498491903
0.498189886
0.483694332
