AAAAAAAA 1 0 0 0 1 0 0 0 0 0 0 0 0 0 0 0 0 0 0 0 1 0 0 0 0 0 0 0 0 0 0 0 0 0 0 0 0 0 0 0 0 0 0 0 0 0 0 0 0 0 0 0 0 0 0 0 0 0 0 0 0 0 0 0 0 0 0 0 0 0 0 0 0 0 0 0 0 0 0 0 0 0 0 0 
AAAAAAAT 0.875 0 0 0.125 0.857143 0 0 0.142857 0 0 0 0 0 0 0 0 0 0 0 0 0.833333 0 0 0.166667 0 0 0 0 0 0 0 0 0 0 0 0 0 0 0 0 0 0 0 0 0 0 0 0 0 0 0 0 0 0 0 0 0 0 0 0 0 0 0 0 0 0 0 0 0 0 0 0 0 0 0 0 0 0 0 0 0 0 0 0 
AAAAAATA 0.875 0 0 0.125 0.714286 0 0 0.142857 0 0 0 0 0 0 0 0 0.142857 0 0 0 0.666667 0 0 0.166667 0 0 0 0 0 0 0 0 0.166667 0 0 0 0 0 0 0 0 0 0 0 0 0 0 0 0 0 0 0 0 0 0 0 0 0 0 0 0 0 0 0 0 0 0 0 0 0 0 0 0 0 0 0 0 0 0 0 0 0 0 0 
AAAAAATC 0.75 0.125 0 0.125 0.714286 0 0 0.142857 0 0 0 0 0 0 0 0 0 0.142857 0 0 0.666667 0 0 0.166667 0 0 0 0 0 0 0 0 0 0.166667 0 0 0 0 0 0 0 0 0 0 0 0 0 0 0 0 0 0 0 0 0 0 0 0 0 0 0 0 0 0 0 0 0 0 0 0 0 0 0 0 0 0 0 0 0 0 0 0 0 0 
AAAAAATT 0.75 0 0 0.25 0.714286 0 0 0.142857 0 0 0 0 0 0 0 0 0 0 0 0.142857 0.666667 0 0 0.166667 0 0 0 0 0 0 0 0 0 0 0 0.166667 0 0 0 0 0 0 0 0 0 0 0 0 0 0 0 0 0 0 0 0 0 0 0 0 0 0 0 0 0 0 0 0 0 0 0 0 0 0 0 0 0 0 0 0 0 0 0 0 
AAAAATAA 0.875 0 0 0.125 0.714286 0 0 0.142857 0 0 0 0 0 0 0 0 0.142857 0 0 0 0.5 0 0 0.166667 0 0 0 0 0 0 0 0 0.166667 0 0 0 0 0 0 0 0 0 0 0 0 0 0 0 0 0 0 0 0 0 0 0 0 0 0 0 0 0 0 0 0 0 0 0 0.166667 0 0 0 0 0 0 0 0 0 0 0 0 0 0 0 
AAAAATAC 0.75 0.125 0 0.125 0.571429 0.142857 0 0.142857 0 0 0 0 0 0 0 0 0.142857 0 0 0 0.5 0 0 0.166667 0 0 0 0 0 0 0 0 0.166667 0 0 0 0 0 0 0 0 0 0 0 0 0 0 0 0 0 0 0 0 0 0 0 0 0 0 0 0 0 0 0 0 0 0 0 0 0.166667 0 0 0 0 0 0 0 0 0 0 0 0 0 0 
AAAAATAG 0.75 0 0.125 0.125 0.571429 0 0.142857 0.142857 0 0 0 0 0 0 0 0 0.142857 0 0 0 0.5 0 0 0.166667 0 0 0 0 0 0 0 0 0.166667 0 0 0 0 0 0 0 0 0 0 0 0 0 0 0 0 0 0 0 0 0 0 0 0 0 0 0 0 0 0 0 0 0 0 0 0 0 0.166667 0 0 0 0 0 0 0 0 0 0 0 0 0 
AAAAATAT 0.75 0 0 0.25 0.571429 0 0 0.285714 0 0 0 0 0 0 0 0 0.142857 0 0 0 0.5 0 0 0.166667 0 0 0 0 0 0 0 0 0.166667 0 0 0 0 0 0 0 0 0 0 0 0 0 0 0 0 0 0 0 0 0 0 0 0 0 0 0 0 0 0 0 0 0 0 0 0 0 0 0.166667 0 0 0 0 0 0 0 0 0 0 0 0 
AAAAATCA 0.75 0.125 0 0.125 0.571429 0 0 0.142857 0.142857 0 0 0 0 0 0 0 0 0.142857 0 0 0.5 0 0 0.166667 0 0 0 0 0 0 0 0 0 0.166667 0 0 0 0 0 0 0 0 0 0 0 0 0 0 0 0 0 0 0 0 0 0 0 0 0 0 0 0 0 0 0 0 0 0 0 0 0 0 0.166667 0 0 0 0 0 0 0 0 0 0 0 
AAAAATTA 0.75 0 0 0.25 0.571429 0 0 0.142857 0 0 0 0 0 0 0 0 0.142857 0 0 0.142857 0.5 0 0 0.166667 0 0 0 0 0 0 0 0 0 0 0 0.166667 0 0 0 0 0 0 0 0 0 0 0 0 0 0 0 0 0 0 0 0 0 0 0 0 0 0 0 0 0 0 0 0 0 0 0 0 0 0 0 0 0 0 0 0 0.166667 0 0 0 
AAAAATTC 0.625 0.125 0 0.25 0.571429 0 0 0.142857 0 0 0 0 0 0 0 0 0 0.142857 0 0.142857 0.5 0 0 0.166667 0 0 0 0 0 0 0 0 0 0 0 0.166667 0 0 0 0 0 0 0 0 0 0 0 0 0 0 0 0 0 0 0 0 0 0 0 0 0 0 0 0 0 0 0 0 0 0 0 0 0 0 0 0 0 0 0 0 0 0.166667 0 0 
AAAAATTG 0.625 0 0.125 0.25 0.571429 0 0 0.142857 0 0 0 0 0 0 0 0 0 0 0.142857 0.142857 0.5 0 0 0.166667 0 0 0 0 0 0 0 0 0 0 0 0.166667 0 0 0 0 0 0 0 0 0 0 0 0 0 0 0 0 0 0 0 0 0 0 0 0 0 0 0 0 0 0 0 0 0 0 0 0 0 0 0 0 0 0 0 0 0 0 0.166667 0 
AAAAATTT 0.625 0 0 0.375 0.571429 0 0 0.142857 0 0 0 0 0 0 0 0 0 0 0 0.285714 0.5 0 0 0.166667 0 0 0 0 0 0 0 0 0 0 0 0.166667 0 0 0 0 0 0 0 0 0 0 0 0 0 0 0 0 0 0 0 0 0 0 0 0 0 0 0 0 0 0 0 0 0 0 0 0 0 0 0 0 0 0 0 0 0 0 0 0.166667 
AAAATAAA 0.875 0 0 0.125 0.714286 0 0 0.142857 0 0 0 0 0 0 0 0 0.142857 0 0 0 0.5 0 0 0.166667 0 0 0 0 0 0 0 0 0.166667 0 0 0 0 0 0 0 0 0 0 0 0 0 0 0 0 0 0 0 0 0 0 0 0 0 0 0 0 0 0 0 0 0 0 0 0.166667 0 0 0 0 0 0 0 0 0 0 0 0 0 0 0 
AAAATAAT 0.75 0 0 0.25 0.571429 0 0 0.285714 0 0 0 0 0 0 0 0 0.142857 0 0 0 0.333333 0 0 0.333333 0 0 0 0 0 0 0 0 0.166667 0 0 0 0 0 0 0 0 0 0 0 0 0 0 0 0 0 0 0 0 0 0 0 0 0 0 0 0 0 0 0 0 0 0 0 0.166667 0 0 0 0 0 0 0 0 0 0 0 0 0 0 0 
AAAATATA 0.75 0 0 0.25 0.428571 0 0 0.285714 0 0 0 0 0 0 0 0 0.285714 0 0 0 0.333333 0 0 0.166667 0 0 0 0 0 0 0 0 0.333333 0 0 0 0 0 0 0 0 0 0 0 0 0 0 0 0 0 0 0 0 0 0 0 0 0 0 0 0 0 0 0 0 0 0 0 0 0 0 0.166667 0 0 0 0 0 0 0 0 0 0 0 0 
AAAATATC 0.625 0.125 0 0.25 0.428571 0 0 0.285714 0 0 0 0 0 0 0 0 0.142857 0.142857 0 0 0.333333 0 0 0.166667 0 0 0 0 0 0 0 0 0.166667 0.166667 0 0 0 0 0 0 0 0 0 0 0 0 0 0 0 0 0 0 0 0 0 0 0 0 0 0 0 0 0 0 0 0 0 0 0 0 0 0.166667 0 0 0 0 0 0 0 0 0 0 0 0 
AAAATATT 0.625 0 0 0.375 0.428571 0 0 0.285714 0 0 0 0 0 0 0 0 0.142857 0 0 0.142857 0.333333 0 0 0.166667 0 0 0 0 0 0 0 0 0.166667 0 0 0.166667 0 0 0 0 0 0 0 0 0 0 0 0 0 0 0 0 0 0 0 0 0 0 0 0 0 0 0 0 0 0 0 0 0 0 0 0.166667 0 0 0 0 0 0 0 0 0 0 0 0 
AAAATTAA 0.75 0 0 0.25 0.571429 0 0 0.142857 0 0 0 0 0 0 0 0 0.142857 0 0 0.142857 0.333333 0 0 0.166667 0 0 0 0 0 0 0 0 0 0 0 0.166667 0 0 0 0 0 0 0 0 0 0 0 0 0 0 0 0 0 0 0 0 0 0 0 0 0 0 0 0 0 0 0 0 0.166667 0 0 0 0 0 0 0 0 0 0 0 0.166667 0 0 0 
AAAATTAC 0.625 0.125 0 0.25 0.428571 0.142857 0 0.142857 0 0 0 0 0 0 0 0 0.142857 0 0 0.142857 0.333333 0 0 0.166667 0 0 0 0 0 0 0 0 0 0 0 0.166667 0 0 0 0 0 0 0 0 0 0 0 0 0 0 0 0 0 0 0 0 0 0 0 0 0 0 0 0 0 0 0 0 0 0.166667 0 0 0 0 0 0 0 0 0 0 0.166667 0 0 0 
AAAATTAT 0.625 0 0 0.375 0.428571 0 0 0.285714 0 0 0 0 0 0 0 0 0.142857 0 0 0.142857 0.333333 0 0 0.166667 0 0 0 0 0 0 0 0 0 0 0 0.166667 0 0 0 0 0 0 0 0 0 0 0 0 0 0 0 0 0 0 0 0 0 0 0 0 0 0 0 0 0 0 0 0 0 0 0 0.166667 0 0 0 0 0 0 0 0 0.166667 0 0 0 
AAAATTCG 0.5 0.125 0.125 0.25 0.428571 0 0 0.142857 0 0 0.142857 0 0 0 0 0 0 0.142857 0 0.142857 0.333333 0 0 0.166667 0 0 0 0 0 0 0 0 0 0 0 0.166667 0 0 0 0 0 0 0 0 0 0 0 0 0 0 0 0 0 0 0 0 0 0 0 0 0 0 0 0 0 0 0 0 0 0 0 0 0 0 0.166667 0 0 0 0 0 0 0.166667 0 0 
AAAATTCT 0.5 0.125 0 0.375 0.428571 0 0 0.142857 0 0 0 0.142857 0 0 0 0 0 0.142857 0 0.142857 0.333333 0 0 0.166667 0 0 0 0 0 0 0 0 0 0 0 0.166667 0 0 0 0 0 0 0 0 0 0 0 0 0 0 0 0 0 0 0 0 0 0 0 0 0 0 0 0 0 0 0 0 0 0 0 0 0 0 0 0.166667 0 0 0 0 0 0.166667 0 0 
AAAATTTA 0.625 0 0 0.375 0.428571 0 0 0.142857 0 0 0 0 0 0 0 0 0.142857 0 0 0.285714 0.333333 0 0 0.166667 0 0 0 0 0 0 0 0 0 0 0 0.166667 0 0 0 0 0 0 0 0 0 0 0 0 0 0 0 0 0 0 0 0 0 0 0 0 0 0 0 0 0 0 0 0 0 0 0 0 0 0 0 0 0 0 0 0 0.166667 0 0 0.166667 
AAAATTTC 0.5 0.125 0 0.375 0.428571 0 0 0.142857 0 0 0 0 0 0 0 0 0 0.142857 0 0.285714 0.333333 0 0 0.166667 0 0 0 0 0 0 0 0 0 0 0 0.166667 0 0 0 0 0 0 0 0 0 0 0 0 0 0 0 0 0 0 0 0 0 0 0 0 0 0 0 0 0 0 0 0 0 0 0 0 0 0 0 0 0 0 0 0 0 0.166667 0 0.166667 
AAAATTTT 0.5 0 0 0.5 0.428571 0 0 0.142857 0 0 0 0 0 0 0 0 0 0 0 0.428571 0.333333 0 0 0.166667 0 0 0 0 0 0 0 0 0 0 0 0.166667 0 0 0 0 0 0 0 0 0 0 0 0 0 0 0 0 0 0 0 0 0 0 0 0 0 0 0 0 0 0 0 0 0 0 0 0 0 0 0 0 0 0 0 0 0 0 0 0.333333 
AAATAAAA 0.875 0 0 0.125 0.714286 0 0 0.142857 0 0 0 0 0 0 0 0 0.142857 0 0 0 0.5 0 0 0.166667 0 0 0 0 0 0 0 0 0.166667 0 0 0 0 0 0 0 0 0 0 0 0 0 0 0 0 0 0 0 0 0 0 0 0 0 0 0 0 0 0 0 0 0 0 0 0.166667 0 0 0 0 0 0 0 0 0 0 0 0 0 0 0 
AAATAAAT 0.75 0 0 0.25 0.571429 0 0 0.285714 0 0 0 0 0 0 0 0 0.142857 0 0 0 0.333333 0 0 0.333333 0 0 0 0 0 0 0 0 0.166667 0 0 0 0 0 0 0 0 0 0 0 0 0 0 0 0 0 0 0 0 0 0 0 0 0 0 0 0 0 0 0 0 0 0 0 0.166667 0 0 0 0 0 0 0 0 0 0 0 0 0 0 0 
AAATAATA 0.75 0 0 0.25 0.428571 0 0 0.285714 0 0 0 0 0 0 0 0 0.285714 0 0 0 0.166667 0 0 0.333333 0 0 0 0 0 0 0 0 0.333333 0 0 0 0 0 0 0 0 0 0 0 0 0 0 0 0 0 0 0 0 0 0 0 0 0 0 0 0 0 0 0 0 0 0 0 0.166667 0 0 0 0 0 0 0 0 0 0 0 0 0 0 0 
AAATAATC 0.625 0.125 0 0.25 0.428571 0 0 0.285714 0 0 0 0 0 0 0 0 0.142857 0.142857 0 0 0.166667 0 0 0.333333 0 0 0 0 0 0 0 0 0.166667 0.166667 0 0 0 0 0 0 0 0 0 0 0 0 0 0 0 0 0 0 0 0 0 0 0 0 0 0 0 0 0 0 0 0 0 0 0.166667 0 0 0 0 0 0 0 0 0 0 0 0 0 0 0 
AAATAATT 0.625 0 0 0.375 0.428571 0 0 0.285714 0 0 0 0 0 0 0 0 0.142857 0 0 0.142857 0.166667 0 0 0.333333 0 0 0 0 0 0 0 0 0.166667 0 0 0.166667 0 0 0 0 0 0 0 0 0 0 0 0 0 0 0 0 0 0 0 0 0 0 0 0 0 0 0 0 0 0 0 0 0.166667 0 0 0 0 0 0 0 0 0 0 0 0 0 0 0 
AAATATAT 0.625 0 0 0.375 0.285714 0 0 0.428571 0 0 0 0 0 0 0 0 0.285714 0 0 0 0.166667 0 0 0.166667 0 0 0 0 0 0 0 0 0.333333 0 0 0 0 0 0 0 0 0 0 0 0 0 0 0 0 0 0 0 0 0 0 0 0 0 0 0 0 0 0 0 0 0 0 0 0 0 0 0.333333 0 0 0 0 0 0 0 0 0 0 0 0 
AAATATTA 0.625 0 0 0.375 0.285714 0 0 0.285714 0 0 0 0 0 0 0 0 0.285714 0 0 0.142857 0.166667 0 0 0.166667 0 0 0 0 0 0 0 0 0.166667 0 0 0.166667 0 0 0 0 0 0 0 0 0 0 0 0 0 0 0 0 0 0 0 0 0 0 0 0 0 0 0 0 0 0 0 0 0 0 0 0.166667 0 0 0 0 0 0 0 0 0.166667 0 0 0 
AAATATTC 0.5 0.125 0 0.375 0.285714 0 0 0.285714 0 0 0 0 0 0 0 0 0.142857 0.142857 0 0.142857 0.166667 0 0 0.166667 0 0 0 0 0 0 0 0 0.166667 0 0 0.166667 0 0 0 0 0 0 0 0 0 0 0 0 0 0 0 0 0 0 0 0 0 0 0 0 0 0 0 0 0 0 0 0 0 0 0 0.166667 0 0 0 0 0 0 0 0 0 0.166667 0 0 
AAATATTT 0.5 0 0 0.5 0.285714 0 0 0.285714 0 0 0 0 0 0 0 0 0.142857 0 0 0.285714 0.166667 0 0 0.166667 0 0 0 0 0 0 0 0 0.166667 0 0 0.166667 0 0 0 0 0 0 0 0 0 0 0 0 0 0 0 0 0 0 0 0 0 0 0 0 0 0 0 0 0 0 0 0 0 0 0 0.166667 0 0 0 0 0 0 0 0 0 0 0 0.166667 
AAATTAAA 0.75 0 0 0.25 0.571429 0 0 0.142857 0 0 0 0 0 0 0 0 0.142857 0 0 0.142857 0.333333 0 0 0.166667 0 0 0 0 0 0 0 0 0 0 0 0.166667 0 0 0 0 0 0 0 0 0 0 0 0 0 0 0 0 0 0 0 0 0 0 0 0 0 0 0 0 0 0 0 0 0.166667 0 0 0 0 0 0 0 0 0 0 0 0.166667 0 0 0 
AAATTAAC 0.625 0.125 0 0.25 0.428571 0.142857 0 0.142857 0 0 0 0 0 0 0 0 0.142857 0 0 0.142857 0.166667 0.166667 0 0.166667 0 0 0 0 0 0 0 0 0 0 0 0.166667 0 0 0 0 0 0 0 0 0 0 0 0 0 0 0 0 0 0 0 0 0 0 0 0 0 0 0 0 0 0 0 0 0.166667 0 0 0 0 0 0 0 0 0 0 0 0.166667 0 0 0 
AAATTAAT 0.625 0 0 0.375 0.428571 0 0 0.285714 0 0 0 0 0 0 0 0 0.142857 0 0 0.142857 0.166667 0 0 0.333333 0 0 0 0 0 0 0 0 0 0 0 0.166667 0 0 0 0 0 0 0 0 0 0 0 0 0 0 0 0 0 0 0 0 0 0 0 0 0 0 0 0 0 0 0 0 0.166667 0 0 0 0 0 0 0 0 0 0 0 0.166667 0 0 0 
AAATTATA 0.625 0 0 0.375 0.285714 0 0 0.285714 0 0 0 0 0 0 0 0 0.285714 0 0 0.142857 0.166667 0 0 0.166667 0 0 0 0 0 0 0 0 0.166667 0 0 0.166667 0 0 0 0 0 0 0 0 0 0 0 0 0 0 0 0 0 0 0 0 0 0 0 0 0 0 0 0 0 0 0 0 0 0 0 0.166667 0 0 0 0 0 0 0 0 0.166667 0 0 0 
AAATTATC 0.5 0.125 0 0.375 0.285714 0 0 0.285714 0 0 0 0 0 0 0 0 0.142857 0.142857 0 0.142857 0.166667 0 0 0.166667 0 0 0 0 0 0 0 0 0 0.166667 0 0.166667 0 0 0 0 0 0 0 0 0 0 0 0 0 0 0 0 0 0 0 0 0 0 0 0 0 0 0 0 0 0 0 0 0 0 0 0.166667 0 0 0 0 0 0 0 0 0.166667 0 0 0 
AAATTATG 0.5 0 0.125 0.375 0.285714 0 0 0.285714 0 0 0 0 0 0 0 0 0.142857 0 0.142857 0.142857 0.166667 0 0 0.166667 0 0 0 0 0 0 0 0 0 0 0.166667 0.166667 0 0 0 0 0 0 0 0 0 0 0 0 0 0 0 0 0 0 0 0 0 0 0 0 0 0 0 0 0 0 0 0 0 0 0 0.166667 0 0 0 0 0 0 0 0 0.166667 0 0 0 
AAATTATT 0.5 0 0 0.5 0.285714 0 0 0.285714 0 0 0 0 0 0 0 0 0.142857 0 0 0.285714 0.166667 0 0 0.166667 0 0 0 0 0 0 0 0 0 0 0 0.333333 0 0 0 0 0 0 0 0 0 0 0 0 0 0 0 0 0 0 0 0 0 0 0 0 0 0 0 0 0 0 0 0 0 0 0 0.166667 0 0 0 0 0 0 0 0 0.166667 0 0 0 
AAATTTAA 0.625 0 0 0.375 0.428571 0 0 0.142857 0 0 0 0 0 0 0 0 0.142857 0 0 0.285714 0.166667 0 0 0.166667 0 0 0 0 0 0 0 0 0 0 0 0.166667 0 0 0 0 0 0 0 0 0 0 0 0 0 0 0 0 0 0 0 0 0 0 0 0 0 0 0 0 0 0 0 0 0.166667 0 0 0 0 0 0 0 0 0 0 0 0.166667 0 0 0.166667 
AAATTTAT 0.5 0 0 0.5 0.285714 0 0 0.285714 0 0 0 0 0 0 0 0 0.142857 0 0 0.285714 0.166667 0 0 0.166667 0 0 0 0 0 0 0 0 0 0 0 0.166667 0 0 0 0 0 0 0 0 0 0 0 0 0 0 0 0 0 0 0 0 0 0 0 0 0 0 0 0 0 0 0 0 0 0 0 0.166667 0 0 0 0 0 0 0 0 0.166667 0 0 0.166667 
AAATTTCT 0.375 0.125 0 0.5 0.285714 0 0 0.142857 0 0 0 0.142857 0 0 0 0 0 0.142857 0 0.285714 0.166667 0 0 0.166667 0 0 0 0 0 0 0 0 0 0 0 0.166667 0 0 0 0 0 0 0 0 0 0 0 0 0 0 0 0 0 0 0 0 0 0 0 0 0 0 0 0 0 0 0 0 0 0 0 0 0 0 0 0.166667 0 0 0 0 0 0.166667 0 0.166667 
AAATTTTA 0.5 0 0 0.5 0.285714 0 0 0.142857 0 0 0 0 0 0 0 0 0.142857 0 0 0.428571 0.166667 0 0 0.166667 0 0 0 0 0 0 0 0 0 0 0 0.166667 0 0 0 0 0 0 0 0 0 0 0 0 0 0 0 0 0 0 0 0 0 0 0 0 0 0 0 0 0 0 0 0 0 0 0 0 0 0 0 0 0 0 0 0 0.166667 0 0 0.333333 
AAATTTTC 0.375 0.125 0 0.5 0.285714 0 0 0.142857 0 0 0 0 0 0 0 0 0 0.142857 0 0.428571 0.166667 0 0 0.166667 0 0 0 0 0 0 0 0 0 0 0 0.166667 0 0 0 0 0 0 0 0 0 0 0 0 0 0 0 0 0 0 0 0 0 0 0 0 0 0 0 0 0 0 0 0 0 0 0 0 0 0 0 0 0 0 0 0 0 0.166667 0 0.333333 
AAATTTTG 0.375 0 0.125 0.5 0.285714 0 0 0.142857 0 0 0 0 0 0 0 0 0 0 0.142857 0.428571 0.166667 0 0 0.166667 0 0 0 0 0 0 0 0 0 0 0 0.166667 0 0 0 0 0 0 0 0 0 0 0 0 0 0 0 0 0 0 0 0 0 0 0 0 0 0 0 0 0 0 0 0 0 0 0 0 0 0 0 0 0 0 0 0 0 0 0.166667 0.333333 
AAGAAATT 0.625 0 0.125 0.25 0.428571 0 0.142857 0.142857 0 0 0 0 0.142857 0 0 0 0 0 0 0.142857 0.166667 0 0.166667 0.166667 0 0 0 0 0.166667 0 0 0 0 0 0 0.166667 0 0 0 0 0 0 0 0 0 0 0 0 0 0 0 0 0.166667 0 0 0 0 0 0 0 0 0 0 0 0 0 0 0 0 0 0 0 0 0 0 0 0 0 0 0 0 0 0 0 
AATAAAAA 0.875 0 0 0.125 0.714286 0 0 0.142857 0 0 0 0 0 0 0 0 0.142857 0 0 0 0.5 0 0 0.166667 0 0 0 0 0 0 0 0 0.166667 0 0 0 0 0 0 0 0 0 0 0 0 0 0 0 0 0 0 0 0 0 0 0 0 0 0 0 0 0 0 0 0 0 0 0 0.166667 0 0 0 0 0 0 0 0 0 0 0 0 0 0 0 
AATAAAAT 0.75 0 0 0.25 0.571429 0 0 0.285714 0 0 0 0 0 0 0 0 0.142857 0 0 0 0.333333 0 0 0.333333 0 0 0 0 0 0 0 0 0.166667 0 0 0 0 0 0 0 0 0 0 0 0 0 0 0 0 0 0 0 0 0 0 0 0 0 0 0 0 0 0 0 0 0 0 0 0.166667 0 0 0 0 0 0 0 0 0 0 0 0 0 0 0 
AATAAATA 0.75 0 0 0.25 0.428571 0 0 0.285714 0 0 0 0 0 0 0 0 0.285714 0 0 0 0.166667 0 0 0.333333 0 0 0 0 0 0 0 0 0.333333 0 0 0 0 0 0 0 0 0 0 0 0 0 0 0 0 0 0 0 0 0 0 0 0 0 0 0 0 0 0 0 0 0 0 0 0.166667 0 0 0 0 0 0 0 0 0 0 0 0 0 0 0 
AATAAATC 0.625 0.125 0 0.25 0.428571 0 0 0.285714 0 0 0 0 0 0 0 0 0.142857 0.142857 0 0 0.166667 0 0 0.333333 0 0 0 0 0 0 0 0 0.166667 0.166667 0 0 0 0 0 0 0 0 0 0 0 0 0 0 0 0 0 0 0 0 0 0 0 0 0 0 0 0 0 0 0 0 0 0 0.166667 0 0 0 0 0 0 0 0 0 0 0 0 0 0 0 
AATAAATT 0.625 0 0 0.375 0.428571 0 0 0.285714 0 0 0 0 0 0 0 0 0.142857 0 0 0.142857 0.166667 0 0 0.333333 0 0 0 0 0 0 0 0 0.166667 0 0 0.166667 0 0 0 0 0 0 0 0 0 0 0 0 0 0 0 0 0 0 0 0 0 0 0 0 0 0 0 0 0 0 0 0 0.166667 0 0 0 0 0 0 0 0 0 0 0 0 0 0 0 
AATAATAA 0.75 0 0 0.25 0.428571 0 0 0.285714 0 0 0 0 0 0 0 0 0.285714 0 0 0 0 0 0 0.333333 0 0 0 0 0 0 0 0 0.333333 0 0 0 0 0 0 0 0 0 0 0 0 0 0 0 0 0 0 0 0 0 0 0 0 0 0 0 0 0 0 0 0 0 0 0 0.333333 0 0 0 0 0 0 0 0 0 0 0 0 0 0 0 
AATAATAT 0.625 0 0 0.375 0.285714 0 0 0.428571 0 0 0 0 0 0 0 0 0.285714 0 0 0 0 0 0 0.333333 0 0 0 0 0 0 0 0 0.333333 0 0 0 0 0 0 0 0 0 0 0 0 0 0 0 0 0 0 0 0 0 0 0 0 0 0 0 0 0 0 0 0 0 0 0 0.166667 0 0 0.166667 0 0 0 0 0 0 0 0 0 0 0 0 
AATAATTA 0.625 0 0 0.375 0.285714 0 0 0.285714 0 0 0 0 0 0 0 0 0.285714 0 0 0.142857 0 0 0 0.333333 0 0 0 0 0 0 0 0 0.166667 0 0 0.166667 0 0 0 0 0 0 0 0 0 0 0 0 0 0 0 0 0 0 0 0 0 0 0 0 0 0 0 0 0 0 0 0 0.166667 0 0 0 0 0 0 0 0 0 0 0 0.166667 0 0 0 
AATAATTC 0.5 0.125 0 0.375 0.285714 0 0 0.285714 0 0 0 0 0 0 0 0 0.142857 0.142857 0 0.142857 0 0 0 0.333333 0 0 0 0 0 0 0 0 0.166667 0 0 0.166667 0 0 0 0 0 0 0 0 0 0 0 0 0 0 0 0 0 0 0 0 0 0 0 0 0 0 0 0 0 0 0 0 0.166667 0 0 0 0 0 0 0 0 0 0 0 0 0.166667 0 0 
AATAATTG 0.5 0 0.125 0.375 0.285714 0 0 0.285714 0 0 0 0 0 0 0 0 0.142857 0 0.142857 0.142857 0 0 0 0.333333 0 0 0 0 0 0 0 0 0.166667 0 0 0.166667 0 0 0 0 0 0 0 0 0 0 0 0 0 0 0 0 0 0 0 0 0 0 0 0 0 0 0 0 0 0 0 0 0.166667 0 0 0 0 0 0 0 0 0 0 0 0 0 0.166667 0 
AATATAAT 0.625 0 0 0.375 0.285714 0 0 0.428571 0 0 0 0 0 0 0 0 0.285714 0 0 0 0 0 0 0.333333 0 0 0 0 0 0 0 0 0.333333 0 0 0 0 0 0 0 0 0 0 0 0 0 0 0 0 0 0 0 0 0 0 0 0 0 0 0 0 0 0 0 0 0 0 0 0.166667 0 0 0.166667 0 0 0 0 0 0 0 0 0 0 0 0 
AATATATA 0.625 0 0 0.375 0.142857 0 0 0.428571 0 0 0 0 0 0 0 0 0.428571 0 0 0 0 0 0 0.166667 0 0 0 0 0 0 0 0 0.5 0 0 0 0 0 0 0 0 0 0 0 0 0 0 0 0 0 0 0 0 0 0 0 0 0 0 0 0 0 0 0 0 0 0 0 0 0 0 0.333333 0 0 0 0 0 0 0 0 0 0 0 0 
AATATATT 0.5 0 0 0.5 0.142857 0 0 0.428571 0 0 0 0 0 0 0 0 0.285714 0 0 0.142857 0 0 0 0.166667 0 0 0 0 0 0 0 0 0.333333 0 0 0.166667 0 0 0 0 0 0 0 0 0 0 0 0 0 0 0 0 0 0 0 0 0 0 0 0 0 0 0 0 0 0 0 0 0 0 0 0.333333 0 0 0 0 0 0 0 0 0 0 0 0 
AATATTAA 0.625 0 0 0.375 0.285714 0 0 0.285714 0 0 0 0 0 0 0 0 0.285714 0 0 0.142857 0 0 0 0.166667 0 0 0 0 0 0 0 0 0.166667 0 0 0.166667 0 0 0 0 0 0 0 0 0 0 0 0 0 0 0 0 0 0 0 0 0 0 0 0 0 0 0 0 0 0 0 0 0.166667 0 0 0.166667 0 0 0 0 0 0 0 0 0.166667 0 0 0 
AATATTAT 0.5 0 0 0.5 0.142857 0 0 0.428571 0 0 0 0 0 0 0 0 0.285714 0 0 0.142857 0 0 0 0.166667 0 0 0 0 0 0 0 0 0.166667 0 0 0.166667 0 0 0 0 0 0 0 0 0 0 0 0 0 0 0 0 0 0 0 0 0 0 0 0 0 0 0 0 0 0 0 0 0 0 0 0.333333 0 0 0 0 0 0 0 0 0.166667 0 0 0 
AATATTCA 0.5 0.125 0 0.375 0.142857 0 0 0.285714 0.142857 0 0 0 0 0 0 0 0.142857 0.142857 0 0.142857 0 0 0 0.166667 0 0 0 0 0 0 0 0 0.166667 0 0 0.166667 0 0 0 0 0 0 0 0 0 0 0 0 0 0 0 0 0 0 0 0 0 0 0 0 0 0 0 0 0 0 0 0 0 0 0 0.166667 0.166667 0 0 0 0 0 0 0 0 0.166667 0 0 
AATATTCG 0.375 0.125 0.125 0.375 0.142857 0 0 0.285714 0 0 0.142857 0 0 0 0 0 0.142857 0.142857 0 0.142857 0 0 0 0.166667 0 0 0 0 0 0 0 0 0.166667 0 0 0.166667 0 0 0 0 0 0 0 0 0 0 0 0 0 0 0 0 0 0 0 0 0 0 0 0 0 0 0 0 0 0 0 0 0 0 0 0.166667 0 0 0.166667 0 0 0 0 0 0 0.166667 0 0 
AATATTCT 0.375 0.125 0 0.5 0.142857 0 0 0.285714 0 0 0 0.142857 0 0 0 0 0.142857 0.142857 0 0.142857 0 0 0 0.166667 0 0 0 0 0 0 0 0 0.166667 0 0 0.166667 0 0 0 0 0 0 0 0 0 0 0 0 0 0 0 0 0 0 0 0 0 0 0 0 0 0 0 0 0 0 0 0 0 0 0 0.166667 0 0 0 0.166667 0 0 0 0 0 0.166667 0 0 
AATATTTA 0.5 0 0 0.5 0.142857 0 0 0.285714 0 0 0 0 0 0 0 0 0.285714 0 0 0.285714 0 0 0 0.166667 0 0 0 0 0 0 0 0 0.166667 0 0 0.166667 0 0 0 0 0 0 0 0 0 0 0 0 0 0 0 0 0 0 0 0 0 0 0 0 0 0 0 0 0 0 0 0 0 0 0 0.166667 0 0 0 0 0 0 0 0 0.166667 0 0 0.166667 
AATATTTC 0.375 0.125 0 0.5 0.142857 0 0 0.285714 0 0 0 0 0 0 0 0 0.142857 0.142857 0 0.285714 0 0 0 0.166667 0 0 0 0 0 0 0 0 0.166667 0 0 0.166667 0 0 0 0 0 0 0 0 0 0 0 0 0 0 0 0 0 0 0 0 0 0 0 0 0 0 0 0 0 0 0 0 0 0 0 0.166667 0 0 0 0 0 0 0 0 0 0.166667 0 0.166667 
AATATTTG 0.375 0 0.125 0.5 0.142857 0 0 0.285714 0 0 0 0 0 0 0 0 0.142857 0 0.142857 0.285714 0 0 0 0.166667 0 0 0 0 0 0 0 0 0.166667 0 0 0.166667 0 0 0 0 0 0 0 0 0 0 0 0 0 0 0 0 0 0 0 0 0 0 0 0 0 0 0 0 0 0 0 0 0 0 0 0.166667 0 0 0 0 0 0 0 0 0 0 0.166667 0.166667 
AATTAAAA 0.75 0 0 0.25 0.571429 0 0 0.142857 0 0 0 0 0 0 0 0 0.142857 0 0 0.142857 0.333333 0 0 0.166667 0 0 0 0 0 0 0 0 0 0 0 0.166667 0 0 0 0 0 0 0 0 0 0 0 0 0 0 0 0 0 0 0 0 0 0 0 0 0 0 0 0 0 0 0 0 0.166667 0 0 0 0 0 0 0 0 0 0 0 0.166667 0 0 0 
AATTAAAT 0.625 0 0 0.375 0.428571 0 0 0.285714 0 0 0 0 0 0 0 0 0.142857 0 0 0.142857 0.166667 0 0 0.333333 0 0 0 0 0 0 0 0 0 0 0 0.166667 0 0 0 0 0 0 0 0 0 0 0 0 0 0 0 0 0 0 0 0 0 0 0 0 0 0 0 0 0 0 0 0 0.166667 0 0 0 0 0 0 0 0 0 0 0 0.166667 0 0 0 
AATTAATA 0.625 0 0 0.375 0.285714 0 0 0.285714 0 0 0 0 0 0 0 0 0.285714 0 0 0.142857 0 0 0 0.333333 0 0 0 0 0 0 0 0 0.166667 0 0 0.166667 0 0 0 0 0 0 0 0 0 0 0 0 0 0 0 0 0 0 0 0 0 0 0 0 0 0 0 0 0 0 0 0 0.166667 0 0 0 0 0 0 0 0 0 0 0 0.166667 0 0 0 
AATTAATC 0.5 0.125 0 0.375 0.285714 0 0 0.285714 0 0 0 0 0 0 0 0 0.142857 0.142857 0 0.142857 0 0 0 0.333333 0 0 0 0 0 0 0 0 0 0.166667 0 0.166667 0 0 0 0 0 0 0 0 0 0 0 0 0 0 0 0 0 0 0 0 0 0 0 0 0 0 0 0 0 0 0 0 0.166667 0 0 0 0 0 0 0 0 0 0 0 0.166667 0 0 0 
AATTAATT 0.5 0 0 0.5 0.285714 0 0 0.285714 0 0 0 0 0 0 0 0 0.142857 0 0 0.285714 0 0 0 0.333333 0 0 0 0 0 0 0 0 0 0 0 0.333333 0 0 0 0 0 0 0 0 0 0 0 0 0 0 0 0 0 0 0 0 0 0 0 0 0 0 0 0 0 0 0 0 0.166667 0 0 0 0 0 0 0 0 0 0 0 0.166667 0 0 0 
AATTATAA 0.625 0 0 0.375 0.285714 0 0 0.285714 0 0 0 0 0 0 0 0 0.285714 0 0 0.142857 0 0 0 0.166667 0 0 0 0 0 0 0 0 0.166667 0 0 0.166667 0 0 0 0 0 0 0 0 0 0 0 0 0 0 0 0 0 0 0 0 0 0 0 0 0 0 0 0 0 0 0 0 0.166667 0 0 0.166667 0 0 0 0 0 0 0 0 0.166667 0 0 0 
AATTATAT 0.5 0 0 0.5 0.142857 0 0 0.428571 0 0 0 0 0 0 0 0 0.285714 0 0 0.142857 0 0 0 0.166667 0 0 0 0 0 0 0 0 0.166667 0 0 0.166667 0 0 0 0 0 0 0 0 0 0 0 0 0 0 0 0 0 0 0 0 0 0 0 0 0 0 0 0 0 0 0 0 0 0 0 0.333333 0 0 0 0 0 0 0 0 0.166667 0 0 0 
AATTATTA 0.5 0 0 0.5 0.142857 0 0 0.285714 0 0 0 0 0 0 0 0 0.285714 0 0 0.285714 0 0 0 0.166667 0 0 0 0 0 0 0 0 0 0 0 0.333333 0 0 0 0 0 0 0 0 0 0 0 0 0 0 0 0 0 0 0 0 0 0 0 0 0 0 0 0 0 0 0 0 0 0 0 0.166667 0 0 0 0 0 0 0 0 0.333333 0 0 0 
AATTATTC 0.375 0.125 0 0.5 0.142857 0 0 0.285714 0 0 0 0 0 0 0 0 0.142857 0.142857 0 0.285714 0 0 0 0.166667 0 0 0 0 0 0 0 0 0 0 0 0.333333 0 0 0 0 0 0 0 0 0 0 0 0 0 0 0 0 0 0 0 0 0 0 0 0 0 0 0 0 0 0 0 0 0 0 0 0.166667 0 0 0 0 0 0 0 0 0.166667 0.166667 0 0 
AATTATTG 0.375 0 0.125 0.5 0.142857 0 0 0.285714 0 0 0 0 0 0 0 0 0.142857 0 0.142857 0.285714 0 0 0 0.166667 0 0 0 0 0 0 0 0 0 0 0 0.333333 0 0 0 0 0 0 0 0 0 0 0 0 0 0 0 0 0 0 0 0 0 0 0 0 0 0 0 0 0 0 0 0 0 0 0 0.166667 0 0 0 0 0 0 0 0 0.166667 0 0.166667 0 
AATTTAAA 0.625 0 0 0.375 0.428571 0 0 0.142857 0 0 0 0 0 0 0 0 0.142857 0 0 0.285714 0.166667 0 0 0.166667 0 0 0 0 0 0 0 0 0 0 0 0.166667 0 0 0 0 0 0 0 0 0 0 0 0 0 0 0 0 0 0 0 0 0 0 0 0 0 0 0 0 0 0 0 0 0.166667 0 0 0 0 0 0 0 0 0 0 0 0.166667 0 0 0.166667 
AATTTAAT 0.5 0 0 0.5 0.285714 0 0 0.285714 0 0 0 0 0 0 0 0 0.142857 0 0 0.285714 0 0 0 0.333333 0 0 0 0 0 0 0 0 0 0 0 0.166667 0 0 0 0 0 0 0 0 0 0 0 0 0 0 0 0 0 0 0 0 0 0 0 0 0 0 0 0 0 0 0 0 0.166667 0 0 0 0 0 0 0 0 0 0 0 0.166667 0 0 0.166667 
AATTTATA 0.5 0 0 0.5 0.142857 0 0 0.285714 0 0 0 0 0 0 0 0 0.285714 0 0 0.285714 0 0 0 0.166667 0 0 0 0 0 0 0 0 0.166667 0 0 0.166667 0 0 0 0 0 0 0 0 0 0 0 0 0 0 0 0 0 0 0 0 0 0 0 0 0 0 0 0 0 0 0 0 0 0 0 0.166667 0 0 0 0 0 0 0 0 0.166667 0 0 0.166667 
AATTTATC 0.375 0.125 0 0.5 0.142857 0 0 0.285714 0 0 0 0 0 0 0 0 0.142857 0.142857 0 0.285714 0 0 0 0.166667 0 0 0 0 0 0 0 0 0 0.166667 0 0.166667 0 0 0 0 0 0 0 0 0 0 0 0 0 0 0 0 0 0 0 0 0 0 0 0 0 0 0 0 0 0 0 0 0 0 0 0.166667 0 0 0 0 0 0 0 0 0.166667 0 0 0.166667 
AATTTATG 0.375 0 0.125 0.5 0.142857 0 0 0.285714 0 0 0 0 0 0 0 0 0.142857 0 0.142857 0.285714 0 0 0 0.166667 0 0 0 0 0 0 0 0 0 0 0.166667 0.166667 0 0 0 0 0 0 0 0 0 0 0 0 0 0 0 0 0 0 0 0 0 0 0 0 0 0 0 0 0 0 0 0 0 0 0 0.166667 0 0 0 0 0 0 0 0 0.166667 0 0 0.166667 
AATTTTAA 0.5 0 0 0.5 0.285714 0 0 0.142857 0 0 0 0 0 0 0 0 0.142857 0 0 0.428571 0 0 0 0.166667 0 0 0 0 0 0 0 0 0 0 0 0.166667 0 0 0 0 0 0 0 0 0 0 0 0 0 0 0 0 0 0 0 0 0 0 0 0 0 0 0 0 0 0 0 0 0.166667 0 0 0 0 0 0 0 0 0 0 0 0.166667 0 0 0.333333 
AATTTTAC 0.375 0.125 0 0.5 0.142857 0.142857 0 0.142857 0 0 0 0 0 0 0 0 0.142857 0 0 0.428571 0 0 0 0.166667 0 0 0 0 0 0 0 0 0 0 0 0.166667 0 0 0 0 0 0 0 0 0 0 0 0 0 0 0 0 0 0 0 0 0 0 0 0 0 0 0 0 0 0 0 0 0 0.166667 0 0 0 0 0 0 0 0 0 0 0.166667 0 0 0.333333 
AATTTTAG 0.375 0 0.125 0.5 0.142857 0 0.142857 0.142857 0 0 0 0 0 0 0 0 0.142857 0 0 0.428571 0 0 0 0.166667 0 0 0 0 0 0 0 0 0 0 0 0.166667 0 0 0 0 0 0 0 0 0 0 0 0 0 0 0 0 0 0 0 0 0 0 0 0 0 0 0 0 0 0 0 0 0 0 0.166667 0 0 0 0 0 0 0 0 0 0.166667 0 0 0.333333 
AATTTTAT 0.375 0 0 0.625 0.142857 0 0 0.285714 0 0 0 0 0 0 0 0 0.142857 0 0 0.428571 0 0 0 0.166667 0 0 0 0 0 0 0 0 0 0 0 0.166667 0 0 0 0 0 0 0 0 0 0 0 0 0 0 0 0 0 0 0 0 0 0 0 0 0 0 0 0 0 0 0 0 0 0 0 0.166667 0 0 0 0 0 0 0 0 0.166667 0 0 0.333333 
AATTTTCA 0.375 0.125 0 0.5 0.142857 0 0 0.142857 0.142857 0 0 0 0 0 0 0 0 0.142857 0 0.428571 0 0 0 0.166667 0 0 0 0 0 0 0 0 0 0 0 0.166667 0 0 0 0 0 0 0 0 0 0 0 0 0 0 0 0 0 0 0 0 0 0 0 0 0 0 0 0 0 0 0 0 0 0 0 0 0.166667 0 0 0 0 0 0 0 0 0.166667 0 0.333333 
AATTTTCC 0.25 0.25 0 0.5 0.142857 0 0 0.142857 0 0.142857 0 0 0 0 0 0 0 0.142857 0 0.428571 0 0 0 0.166667 0 0 0 0 0 0 0 0 0 0 0 0.166667 0 0 0 0 0 0 0 0 0 0 0 0 0 0 0 0 0 0 0 0 0 0 0 0 0 0 0 0 0 0 0 0 0 0 0 0 0 0.166667 0 0 0 0 0 0 0 0.166667 0 0.333333 
AATTTTCT 0.25 0.125 0 0.625 0.142857 0 0 0.142857 0 0 0 0.142857 0 0 0 0 0 0.142857 0 0.428571 0 0 0 0.166667 0 0 0 0 0 0 0 0 0 0 0 0.166667 0 0 0 0 0 0 0 0 0 0 0 0 0 0 0 0 0 0 0 0 0 0 0 0 0 0 0 0 0 0 0 0 0 0 0 0 0 0 0 0.166667 0 0 0 0 0 0.166667 0 0.333333 
AATTTTTA 0.375 0 0 0.625 0.142857 0 0 0.142857 0 0 0 0 0 0 0 0 0.142857 0 0 0.571429 0 0 0 0.166667 0 0 0 0 0 0 0 0 0 0 0 0.166667 0 0 0 0 0 0 0 0 0 0 0 0 0 0 0 0 0 0 0 0 0 0 0 0 0 0 0 0 0 0 0 0 0 0 0 0 0 0 0 0 0 0 0 0 0.166667 0 0 0.5 
AATTTTTC 0.25 0.125 0 0.625 0.142857 0 0 0.142857 0 0 0 0 0 0 0 0 0 0.142857 0 0.571429 0 0 0 0.166667 0 0 0 0 0 0 0 0 0 0 0 0.166667 0 0 0 0 0 0 0 0 0 0 0 0 0 0 0 0 0 0 0 0 0 0 0 0 0 0 0 0 0 0 0 0 0 0 0 0 0 0 0 0 0 0 0 0 0 0.166667 0 0.5 
AATTTTTG 0.25 0 0.125 0.625 0.142857 0 0 0.142857 0 0 0 0 0 0 0 0 0 0 0.142857 0.571429 0 0 0 0.166667 0 0 0 0 0 0 0 0 0 0 0 0.166667 0 0 0 0 0 0 0 0 0 0 0 0 0 0 0 0 0 0 0 0 0 0 0 0 0 0 0 0 0 0 0 0 0 0 0 0 0 0 0 0 0 0 0 0 0 0 0.166667 0.5 
AGAAAAAT 0.75 0 0.125 0.125 0.571429 0 0.142857 0.142857 0 0 0 0 0.142857 0 0 0 0 0 0 0 0.5 0 0 0.166667 0 0 0 0 0.166667 0 0 0 0 0 0 0 0 0 0 0 0 0 0 0 0 0 0 0 0 0 0 0 0.166667 0 0 0 0 0 0 0 0 0 0 0 0 0 0 0 0 0 0 0 0 0 0 0 0 0 0 0 0 0 0 0 
AGAAAATA 0.75 0 0.125 0.125 0.428571 0 0.142857 0.142857 0 0 0 0 0.142857 0 0 0 0.142857 0 0 0 0.333333 0 0 0.166667 0 0 0 0 0.166667 0 0 0 0.166667 0 0 0 0 0 0 0 0 0 0 0 0 0 0 0 0 0 0 0 0.166667 0 0 0 0 0 0 0 0 0 0 0 0 0 0 0 0 0 0 0 0 0 0 0 0 0 0 0 0 0 0 0 
AGAATTAA 0.625 0 0.125 0.25 0.285714 0 0.142857 0.142857 0 0 0 0 0.142857 0 0 0 0.142857 0 0 0.142857 0 0 0 0.166667 0 0 0 0 0.166667 0 0 0 0 0 0 0.166667 0 0 0 0 0 0 0 0 0 0 0 0 0 0 0 0 0.166667 0 0 0 0 0 0 0 0 0 0 0 0 0 0 0 0.166667 0 0 0 0 0 0 0 0 0 0 0 0.166667 0 0 0 
AGAATTTA 0.5 0 0.125 0.375 0.142857 0 0.142857 0.142857 0 0 0 0 0.142857 0 0 0 0.142857 0 0 0.285714 0 0 0 0.166667 0 0 0 0 0.166667 0 0 0 0 0 0 0.166667 0 0 0 0 0 0 0 0 0 0 0 0 0 0 0 0 0.166667 0 0 0 0 0 0 0 0 0 0 0 0 0 0 0 0 0 0 0 0 0 0 0 0 0 0 0 0.166667 0 0 0.166667 
ATAAAAAA 0.875 0 0 0.125 0.714286 0 0 0.142857 0 0 0 0 0 0 0 0 0.142857 0 0 0 0.666667 0 0 0 0 0 0 0 0 0 0 0 0.166667 0 0 0 0 0 0 0 0 0 0 0 0 0 0 0 0 0 0 0 0 0 0 0 0 0 0 0 0 0 0 0 0 0 0 0 0.166667 0 0 0 0 0 0 0 0 0 0 0 0 0 0 0 
ATAAAAAT 0.75 0 0 0.25 0.571429 0 0 0.285714 0 0 0 0 0 0 0 0 0.142857 0 0 0 0.5 0 0 0.166667 0 0 0 0 0 0 0 0 0.166667 0 0 0 0 0 0 0 0 0 0 0 0 0 0 0 0 0 0 0 0 0 0 0 0 0 0 0 0 0 0 0 0 0 0 0 0.166667 0 0 0 0 0 0 0 0 0 0 0 0 0 0 0 
ATAAAATA 0.75 0 0 0.25 0.428571 0 0 0.285714 0 0 0 0 0 0 0 0 0.285714 0 0 0 0.333333 0 0 0.166667 0 0 0 0 0 0 0 0 0.333333 0 0 0 0 0 0 0 0 0 0 0 0 0 0 0 0 0 0 0 0 0 0 0 0 0 0 0 0 0 0 0 0 0 0 0 0.166667 0 0 0 0 0 0 0 0 0 0 0 0 0 0 0 
ATAAATAA 0.75 0 0 0.25 0.428571 0 0 0.285714 0 0 0 0 0 0 0 0 0.285714 0 0 0 0.166667 0 0 0.166667 0 0 0 0 0 0 0 0 0.333333 0 0 0 0 0 0 0 0 0 0 0 0 0 0 0 0 0 0 0 0 0 0 0 0 0 0 0 0 0 0 0 0 0 0 0 0.333333 0 0 0 0 0 0 0 0 0 0 0 0 0 0 0 
ATAAATAT 0.625 0 0 0.375 0.285714 0 0 0.428571 0 0 0 0 0 0 0 0 0.285714 0 0 0 0.166667 0 0 0.166667 0 0 0 0 0 0 0 0 0.333333 0 0 0 0 0 0 0 0 0 0 0 0 0 0 0 0 0 0 0 0 0 0 0 0 0 0 0 0 0 0 0 0 0 0 0 0.166667 0 0 0.166667 0 0 0 0 0 0 0 0 0 0 0 0 
ATAAATTA 0.625 0 0 0.375 0.285714 0 0 0.285714 0 0 0 0 0 0 0 0 0.285714 0 0 0.142857 0.166667 0 0 0.166667 0 0 0 0 0 0 0 0 0.166667 0 0 0.166667 0 0 0 0 0 0 0 0 0 0 0 0 0 0 0 0 0 0 0 0 0 0 0 0 0 0 0 0 0 0 0 0 0.166667 0 0 0 0 0 0 0 0 0 0 0 0.166667 0 0 0 
ATAAATTC 0.5 0.125 0 0.375 0.285714 0 0 0.285714 0 0 0 0 0 0 0 0 0.142857 0.142857 0 0.142857 0.166667 0 0 0.166667 0 0 0 0 0 0 0 0 0.166667 0 0 0.166667 0 0 0 0 0 0 0 0 0 0 0 0 0 0 0 0 0 0 0 0 0 0 0 0 0 0 0 0 0 0 0 0 0.166667 0 0 0 0 0 0 0 0 0 0 0 0 0.166667 0 0 
ATAATAAA 0.75 0 0 0.25 0.428571 0 0 0.285714 0 0 0 0 0 0 0 0 0.285714 0 0 0 0.166667 0 0 0.166667 0 0 0 0 0 0 0 0 0.333333 0 0 0 0 0 0 0 0 0 0 0 0 0 0 0 0 0 0 0 0 0 0 0 0 0 0 0 0 0 0 0 0 0 0 0 0.333333 0 0 0 0 0 0 0 0 0 0 0 0 0 0 0 
ATAATAAT 0.625 0 0 0.375 0.285714 0 0 0.428571 0 0 0 0 0 0 0 0 0.285714 0 0 0 0 0 0 0.333333 0 0 0 0 0 0 0 0 0.333333 0 0 0 0 0 0 0 0 0 0 0 0 0 0 0 0 0 0 0 0 0 0 0 0 0 0 0 0 0 0 0 0 0 0 0 0.333333 0 0 0 0 0 0 0 0 0 0 0 0 0 0 0 
ATAATATA 0.625 0 0 0.375 0.142857 0 0 0.428571 0 0 0 0 0 0 0 0 0.428571 0 0 0 0 0 0 0.166667 0 0 0 0 0 0 0 0 0.5 0 0 0 0 0 0 0 0 0 0 0 0 0 0 0 0 0 0 0 0 0 0 0 0 0 0 0 0 0 0 0 0 0 0 0 0.166667 0 0 0.166667 0 0 0 0 0 0 0 0 0 0 0 0 
ATAATTAA 0.625 0 0 0.375 0.285714 0 0 0.285714 0 0 0 0 0 0 0 0 0.285714 0 0 0.142857 0 0 0 0.166667 0 0 0 0 0 0 0 0 0.166667 0 0 0.166667 0 0 0 0 0 0 0 0 0 0 0 0 0 0 0 0 0 0 0 0 0 0 0 0 0 0 0 0 0 0 0 0 0.333333 0 0 0 0 0 0 0 0 0 0 0 0.166667 0 0 0 
ATAATTAC 0.5 0.125 0 0.375 0.142857 0.142857 0 0.285714 0 0 0 0 0 0 0 0 0.285714 0 0 0.142857 0 0 0 0.166667 0 0 0 0 0 0 0 0 0.166667 0 0 0.166667 0 0 0 0 0 0 0 0 0 0 0 0 0 0 0 0 0 0 0 0 0 0 0 0 0 0 0 0 0 0 0 0 0.166667 0.166667 0 0 0 0 0 0 0 0 0 0 0.166667 0 0 0 
ATAATTAT 0.5 0 0 0.5 0.142857 0 0 0.428571 0 0 0 0 0 0 0 0 0.285714 0 0 0.142857 0 0 0 0.166667 0 0 0 0 0 0 0 0 0.166667 0 0 0.166667 0 0 0 0 0 0 0 0 0 0 0 0 0 0 0 0 0 0 0 0 0 0 0 0 0 0 0 0 0 0 0 0 0.166667 0 0 0.166667 0 0 0 0 0 0 0 0 0.166667 0 0 0 
ATAATTTA 0.5 0 0 0.5 0.142857 0 0 0.285714 0 0 0 0 0 0 0 0 0.285714 0 0 0.285714 0 0 0 0.166667 0 0 0 0 0 0 0 0 0.166667 0 0 0.166667 0 0 0 0 0 0 0 0 0 0 0 0 0 0 0 0 0 0 0 0 0 0 0 0 0 0 0 0 0 0 0 0 0.166667 0 0 0 0 0 0 0 0 0 0 0 0.166667 0 0 0.166667 
ATAATTTC 0.375 0.125 0 0.5 0.142857 0 0 0.285714 0 0 0 0 0 0 0 0 0.142857 0.142857 0 0.285714 0 0 0 0.166667 0 0 0 0 0 0 0 0 0.166667 0 0 0.166667 0 0 0 0 0 0 0 0 0 0 0 0 0 0 0 0 0 0 0 0 0 0 0 0 0 0 0 0 0 0 0 0 0.166667 0 0 0 0 0 0 0 0 0 0 0 0 0.166667 0 0.166667 
ATATAAAT 0.625 0 0 0.375 0.285714 0 0 0.428571 0 0 0 0 0 0 0 0 0.285714 0 0 0 0.166667 0 0 0.166667 0 0 0 0 0 0 0 0 0.333333 0 0 0 0 0 0 0 0 0 0 0 0 0 0 0 0 0 0 0 0 0 0 0 0 0 0 0 0 0 0 0 0 0 0 0 0.166667 0 0 0.166667 0 0 0 0 0 0 0 0 0 0 0 0 
ATATATAA 0.625 0 0 0.375 0.142857 0 0 0.428571 0 0 0 0 0 0 0 0 0.428571 0 0 0 0 0 0 0 0 0 0 0 0 0 0 0 0.5 0 0 0 0 0 0 0 0 0 0 0 0 0 0 0 0 0 0 0 0 0 0 0 0 0 0 0 0 0 0 0 0 0 0 0 0.166667 0 0 0.333333 0 0 0 0 0 0 0 0 0 0 0 0 
ATATATTA 0.5 0 0 0.5 0 0 0 0.428571 0 0 0 0 0 0 0 0 0.428571 0 0 0.142857 0 0 0 0 0 0 0 0 0 0 0 0 0.333333 0 0 0.166667 0 0 0 0 0 0 0 0 0 0 0 0 0 0 0 0 0 0 0 0 0 0 0 0 0 0 0 0 0 0 0 0 0 0 0 0.333333 0 0 0 0 0 0 0 0 0.166667 0 0 0 
ATATTAAA 0.625 0 0 0.375 0.285714 0 0 0.285714 0 0 0 0 0 0 0 0 0.285714 0 0 0.142857 0.166667 0 0 0 0 0 0 0 0 0 0 0 0.166667 0 0 0.166667 0 0 0 0 0 0 0 0 0 0 0 0 0 0 0 0 0 0 0 0 0 0 0 0 0 0 0 0 0 0 0 0 0.166667 0 0 0.166667 0 0 0 0 0 0 0 0 0.166667 0 0 0 
ATATTAAT 0.5 0 0 0.5 0.142857 0 0 0.428571 0 0 0 0 0 0 0 0 0.285714 0 0 0.142857 0 0 0 0.166667 0 0 0 0 0 0 0 0 0.166667 0 0 0.166667 0 0 0 0 0 0 0 0 0 0 0 0 0 0 0 0 0 0 0 0 0 0 0 0 0 0 0 0 0 0 0 0 0.166667 0 0 0.166667 0 0 0 0 0 0 0 0 0.166667 0 0 0 
ATATTTAA 0.5 0 0 0.5 0.142857 0 0 0.285714 0 0 0 0 0 0 0 0 0.285714 0 0 0.285714 0 0 0 0 0 0 0 0 0 0 0 0 0.166667 0 0 0.166667 0 0 0 0 0 0 0 0 0 0 0 0 0 0 0 0 0 0 0 0 0 0 0 0 0 0 0 0 0 0 0 0 0.166667 0 0 0.166667 0 0 0 0 0 0 0 0 0.166667 0 0 0.166667 
ATATTTAG 0.375 0 0.125 0.5 0 0 0.142857 0.285714 0 0 0 0 0 0 0 0 0.285714 0 0 0.285714 0 0 0 0 0 0 0 0 0 0 0 0 0.166667 0 0 0.166667 0 0 0 0 0 0 0 0 0 0 0 0 0 0 0 0 0 0 0 0 0 0 0 0 0 0 0 0 0 0 0 0 0 0 0.166667 0.166667 0 0 0 0 0 0 0 0 0.166667 0 0 0.166667 
ATATTTTA 0.375 0 0 0.625 0 0 0 0.285714 0 0 0 0 0 0 0 0 0.285714 0 0 0.428571 0 0 0 0 0 0 0 0 0 0 0 0 0.166667 0 0 0.166667 0 0 0 0 0 0 0 0 0 0 0 0 0 0 0 0 0 0 0 0 0 0 0 0 0 0 0 0 0 0 0 0 0 0 0 0.166667 0 0 0 0 0 0 0 0 0.166667 0 0 0.333333 
ATATTTTC 0.25 0.125 0 0.625 0 0 0 0.285714 0 0 0 0 0 0 0 0 0.142857 0.142857 0 0.428571 0 0 0 0 0 0 0 0 0 0 0 0 0.166667 0 0 0.166667 0 0 0 0 0 0 0 0 0 0 0 0 0 0 0 0 0 0 0 0 0 0 0 0 0 0 0 0 0 0 0 0 0 0 0 0.166667 0 0 0 0 0 0 0 0 0 0.166667 0 0.333333 
ATTAAAAA 0.75 0 0 0.25 0.571429 0 0 0.142857 0 0 0 0 0 0 0 0 0.142857 0 0 0.142857 0.5 0 0 0 0 0 0 0 0 0 0 0 0 0 0 0.166667 0 0 0 0 0 0 0 0 0 0 0 0 0 0 0 0 0 0 0 0 0 0 0 0 0 0 0 0 0 0 0 0 0.166667 0 0 0 0 0 0 0 0 0 0 0 0.166667 0 0 0 
ATTAAAAT 0.625 0 0 0.375 0.428571 0 0 0.285714 0 0 0 0 0 0 0 0 0.142857 0 0 0.142857 0.333333 0 0 0.166667 0 0 0 0 0 0 0 0 0 0 0 0.166667 0 0 0 0 0 0 0 0 0 0 0 0 0 0 0 0 0 0 0 0 0 0 0 0 0 0 0 0 0 0 0 0 0.166667 0 0 0 0 0 0 0 0 0 0 0 0.166667 0 0 0 
ATTAAATA 0.625 0 0 0.375 0.285714 0 0 0.285714 0 0 0 0 0 0 0 0 0.285714 0 0 0.142857 0.166667 0 0 0.166667 0 0 0 0 0 0 0 0 0.166667 0 0 0.166667 0 0 0 0 0 0 0 0 0 0 0 0 0 0 0 0 0 0 0 0 0 0 0 0 0 0 0 0 0 0 0 0 0.166667 0 0 0 0 0 0 0 0 0 0 0 0.166667 0 0 0 
ATTAATAA 0.625 0 0 0.375 0.285714 0 0 0.285714 0 0 0 0 0 0 0 0 0.285714 0 0 0.142857 0 0 0 0.166667 0 0 0 0 0 0 0 0 0.166667 0 0 0.166667 0 0 0 0 0 0 0 0 0 0 0 0 0 0 0 0 0 0 0 0 0 0 0 0 0 0 0 0 0 0 0 0 0.333333 0 0 0 0 0 0 0 0 0 0 0 0.166667 0 0 0 
ATTAATTA 0.5 0 0 0.5 0.142857 0 0 0.285714 0 0 0 0 0 0 0 0 0.285714 0 0 0.285714 0 0 0 0.166667 0 0 0 0 0 0 0 0 0 0 0 0.333333 0 0 0 0 0 0 0 0 0 0 0 0 0 0 0 0 0 0 0 0 0 0 0 0 0 0 0 0 0 0 0 0 0.166667 0 0 0 0 0 0 0 0 0 0 0 0.333333 0 0 0 
ATTAATTC 0.375 0.125 0 0.5 0.142857 0 0 0.285714 0 0 0 0 0 0 0 0 0.142857 0.142857 0 0.285714 0 0 0 0.166667 0 0 0 0 0 0 0 0 0 0 0 0.333333 0 0 0 0 0 0 0 0 0 0 0 0 0 0 0 0 0 0 0 0 0 0 0 0 0 0 0 0 0 0 0 0 0.166667 0 0 0 0 0 0 0 0 0 0 0 0.166667 0.166667 0 0 
ATTAATTG 0.375 0 0.125 0.5 0.142857 0 0 0.285714 0 0 0 0 0 0 0 0 0.142857 0 0.142857 0.285714 0 0 0 0.166667 0 0 0 0 0 0 0 0 0 0 0 0.333333 0 0 0 0 0 0 0 0 0 0 0 0 0 0 0 0 0 0 0 0 0 0 0 0 0 0 0 0 0 0 0 0 0.166667 0 0 0 0 0 0 0 0 0 0 0 0.166667 0 0.166667 0 
ATTATTAA 0.5 0 0 0.5 0.142857 0 0 0.285714 0 0 0 0 0 0 0 0 0.285714 0 0 0.285714 0 0 0 0 0 0 0 0 0 0 0 0 0 0 0 0.333333 0 0 0 0 0 0 0 0 0 0 0 0 0 0 0 0 0 0 0 0 0 0 0 0 0 0 0 0 0 0 0 0 0.166667 0 0 0.166667 0 0 0 0 0 0 0 0 0.333333 0 0 0 
ATTATTTA 0.375 0 0 0.625 0 0 0 0.285714 0 0 0 0 0 0 0 0 0.285714 0 0 0.428571 0 0 0 0 0 0 0 0 0 0 0 0 0 0 0 0.333333 0 0 0 0 0 0 0 0 0 0 0 0 0 0 0 0 0 0 0 0 0 0 0 0 0 0 0 0 0 0 0 0 0 0 0 0.166667 0 0 0 0 0 0 0 0 0.333333 0 0 0.166667 
ATTATTTC 0.25 0.125 0 0.625 0 0 0 0.285714 0 0 0 0 0 0 0 0 0.142857 0.142857 0 0.428571 0 0 0 0 0 0 0 0 0 0 0 0 0 0 0 0.333333 0 0 0 0 0 0 0 0 0 0 0 0 0 0 0 0 0 0 0 0 0 0 0 0 0 0 0 0 0 0 0 0 0 0 0 0.166667 0 0 0 0 0 0 0 0 0.166667 0.166667 0 0.166667 
ATTATTTG 0.25 0 0.125 0.625 0 0 0 0.285714 0 0 0 0 0 0 0 0 0.142857 0 0.142857 0.428571 0 0 0 0 0 0 0 0 0 0 0 0 0 0 0 0.333333 0 0 0 0 0 0 0 0 0 0 0 0 0 0 0 0 0 0 0 0 0 0 0 0 0 0 0 0 0 0 0 0 0 0 0 0.166667 0 0 0 0 0 0 0 0 0.166667 0 0.166667 0.166667 
ATTTAAAA 0.625 0 0 0.375 0.428571 0 0 0.142857 0 0 0 0 0 0 0 0 0.142857 0 0 0.285714 0.333333 0 0 0 0 0 0 0 0 0 0 0 0 0 0 0.166667 0 0 0 0 0 0 0 0 0 0 0 0 0 0 0 0 0 0 0 0 0 0 0 0 0 0 0 0 0 0 0 0 0.166667 0 0 0 0 0 0 0 0 0 0 0 0.166667 0 0 0.166667 
ATTTAAAT 0.5 0 0 0.5 0.285714 0 0 0.285714 0 0 0 0 0 0 0 0 0.142857 0 0 0.285714 0.166667 0 0 0.166667 0 0 0 0 0 0 0 0 0 0 0 0.166667 0 0 0 0 0 0 0 0 0 0 0 0 0 0 0 0 0 0 0 0 0 0 0 0 0 0 0 0 0 0 0 0 0.166667 0 0 0 0 0 0 0 0 0 0 0 0.166667 0 0 0.166667 
ATTTAATA 0.5 0 0 0.5 0.142857 0 0 0.285714 0 0 0 0 0 0 0 0 0.285714 0 0 0.285714 0 0 0 0.166667 0 0 0 0 0 0 0 0 0.166667 0 0 0.166667 0 0 0 0 0 0 0 0 0 0 0 0 0 0 0 0 0 0 0 0 0 0 0 0 0 0 0 0 0 0 0 0 0.166667 0 0 0 0 0 0 0 0 0 0 0 0.166667 0 0 0.166667 
ATTTATTA 0.375 0 0 0.625 0 0 0 0.285714 0 0 0 0 0 0 0 0 0.285714 0 0 0.428571 0 0 0 0 0 0 0 0 0 0 0 0 0 0 0 0.333333 0 0 0 0 0 0 0 0 0 0 0 0 0 0 0 0 0 0 0 0 0 0 0 0 0 0 0 0 0 0 0 0 0 0 0 0.166667 0 0 0 0 0 0 0 0 0.333333 0 0 0.166667 
ATTTATTC 0.25 0.125 0 0.625 0 0 0 0.285714 0 0 0 0 0 0 0 0 0.142857 0.142857 0 0.428571 0 0 0 0 0 0 0 0 0 0 0 0 0 0 0 0.333333 0 0 0 0 0 0 0 0 0 0 0 0 0 0 0 0 0 0 0 0 0 0 0 0 0 0 0 0 0 0 0 0 0 0 0 0.166667 0 0 0 0 0 0 0 0 0.166667 0.166667 0 0.166667 
ATTTATTG 0.25 0 0.125 0.625 0 0 0 0.285714 0 0 0 0 0 0 0 0 0.142857 0 0.142857 0.428571 0 0 0 0 0 0 0 0 0 0 0 0 0 0 0 0.333333 0 0 0 0 0 0 0 0 0 0 0 0 0 0 0 0 0 0 0 0 0 0 0 0 0 0 0 0 0 0 0 0 0 0 0 0.166667 0 0 0 0 0 0 0 0 0.166667 0 0.166667 0.166667 
ATTTTAAA 0.5 0 0 0.5 0.285714 0 0 0.142857 0 0 0 0 0 0 0 0 0.142857 0 0 0.428571 0.166667 0 0 0 0 0 0 0 0 0 0 0 0 0 0 0.166667 0 0 0 0 0 0 0 0 0 0 0 0 0 0 0 0 0 0 0 0 0 0 0 0 0 0 0 0 0 0 0 0 0.166667 0 0 0 0 0 0 0 0 0 0 0 0.166667 0 0 0.333333 
ATTTTATA 0.375 0 0 0.625 0 0 0 0.285714 0 0 0 0 0 0 0 0 0.285714 0 0 0.428571 0 0 0 0 0 0 0 0 0 0 0 0 0.166667 0 0 0.166667 0 0 0 0 0 0 0 0 0 0 0 0 0 0 0 0 0 0 0 0 0 0 0 0 0 0 0 0 0 0 0 0 0 0 0 0.166667 0 0 0 0 0 0 0 0 0.166667 0 0 0.333333 
ATTTTATC 0.25 0.125 0 0.625 0 0 0 0.285714 0 0 0 0 0 0 0 0 0.142857 0.142857 0 0.428571 0 0 0 0 0 0 0 0 0 0 0 0 0 0.166667 0 0.166667 0 0 0 0 0 0 0 0 0 0 0 0 0 0 0 0 0 0 0 0 0 0 0 0 0 0 0 0 0 0 0 0 0 0 0 0.166667 0 0 0 0 0 0 0 0 0.166667 0 0 0.333333 
ATTTTCTA 0.25 0.125 0 0.625 0 0 0 0.142857 0 0 0 0.142857 0 0 0 0 0.142857 0.142857 0 0.428571 0 0 0 0 0 0 0 0 0 0 0 0 0 0 0 0.166667 0 0 0 0 0 0 0 0 0 0 0 0 0.166667 0 0 0 0 0 0 0 0 0 0 0 0 0 0 0 0 0 0 0 0 0 0 0 0 0 0 0.166667 0 0 0 0 0 0.166667 0 0.333333 
ATTTTTAA 0.375 0 0 0.625 0.142857 0 0 0.142857 0 0 0 0 0 0 0 0 0.142857 0 0 0.571429 0 0 0 0 0 0 0 0 0 0 0 0 0 0 0 0.166667 0 0 0 0 0 0 0 0 0 0 0 0 0 0 0 0 0 0 0 0 0 0 0 0 0 0 0 0 0 0 0 0 0.166667 0 0 0 0 0 0 0 0 0 0 0 0.166667 0 0 0.5 
ATTTTTAG 0.25 0 0.125 0.625 0 0 0.142857 0.142857 0 0 0 0 0 0 0 0 0.142857 0 0 0.571429 0 0 0 0 0 0 0 0 0 0 0 0 0 0 0 0.166667 0 0 0 0 0 0 0 0 0 0 0 0 0 0 0 0 0 0 0 0 0 0 0 0 0 0 0 0 0 0 0 0 0 0 0.166667 0 0 0 0 0 0 0 0 0 0.166667 0 0 0.5 
ATTTTTCA 0.25 0.125 0 0.625 0 0 0 0.142857 0.142857 0 0 0 0 0 0 0 0 0.142857 0 0.571429 0 0 0 0 0 0 0 0 0 0 0 0 0 0 0 0.166667 0 0 0 0 0 0 0 0 0 0 0 0 0 0 0 0 0 0 0 0 0 0 0 0 0 0 0 0 0 0 0 0 0 0 0 0 0.166667 0 0 0 0 0 0 0 0 0.166667 0 0.5 
ATTTTTCG 0.125 0.125 0.125 0.625 0 0 0 0.142857 0 0 0.142857 0 0 0 0 0 0 0.142857 0 0.571429 0 0 0 0 0 0 0 0 0 0 0 0 0 0 0 0.166667 0 0 0 0 0 0 0 0 0 0 0 0 0 0 0 0 0 0 0 0 0 0 0 0 0 0 0 0 0 0 0 0 0 0 0 0 0 0 0.166667 0 0 0 0 0 0 0.166667 0 0.5 
ATTTTTTA 0.25 0 0 0.75 0 0 0 0.142857 0 0 0 0 0 0 0 0 0.142857 0 0 0.714286 0 0 0 0 0 0 0 0 0 0 0 0 0 0 0 0.166667 0 0 0 0 0 0 0 0 0 0 0 0 0 0 0 0 0 0 0 0 0 0 0 0 0 0 0 0 0 0 0 0 0 0 0 0 0 0 0 0 0 0 0 0 0.166667 0 0 0.666667 
ATTTTTTC 0.125 0.125 0 0.75 0 0 0 0.142857 0 0 0 0 0 0 0 0 0 0.142857 0 0.714286 0 0 0 0 0 0 0 0 0 0 0 0 0 0 0 0.166667 0 0 0 0 0 0 0 0 0 0 0 0 0 0 0 0 0 0 0 0 0 0 0 0 0 0 0 0 0 0 0 0 0 0 0 0 0 0 0 0 0 0 0 0 0 0.166667 0 0.666667 
ATTTTTTG 0.125 0 0.125 0.75 0 0 0 0.142857 0 0 0 0 0 0 0 0 0 0 0.142857 0.714286 0 0 0 0 0 0 0 0 0 0 0 0 0 0 0 0.166667 0 0 0 0 0 0 0 0 0 0 0 0 0 0 0 0 0 0 0 0 0 0 0 0 0 0 0 0 0 0 0 0 0 0 0 0 0 0 0 0 0 0 0 0 0 0 0.166667 0.666667 
CAAAAAAA 0.875 0.125 0 0 0.857143 0 0 0 0.142857 0 0 0 0 0 0 0 0 0 0 0 0.833333 0 0 0 0 0 0 0 0 0 0 0 0 0 0 0 0.166667 0 0 0 0 0 0 0 0 0 0 0 0 0 0 0 0 0 0 0 0 0 0 0 0 0 0 0 0 0 0 0 0 0 0 0 0 0 0 0 0 0 0 0 0 0 0 0 
CAAAAATA 0.75 0.125 0 0.125 0.571429 0 0 0.142857 0.142857 0 0 0 0 0 0 0 0.142857 0 0 0 0.5 0 0 0.166667 0 0 0 0 0 0 0 0 0.166667 0 0 0 0.166667 0 0 0 0 0 0 0 0 0 0 0 0 0 0 0 0 0 0 0 0 0 0 0 0 0 0 0 0 0 0 0 0 0 0 0 0 0 0 0 0 0 0 0 0 0 0 0 
CAAAATTA 0.625 0.125 0 0.25 0.428571 0 0 0.142857 0.142857 0 0 0 0 0 0 0 0.142857 0 0 0.142857 0.333333 0 0 0.166667 0 0 0 0 0 0 0 0 0 0 0 0.166667 0.166667 0 0 0 0 0 0 0 0 0 0 0 0 0 0 0 0 0 0 0 0 0 0 0 0 0 0 0 0 0 0 0 0 0 0 0 0 0 0 0 0 0 0 0 0.166667 0 0 0 
CAAATAAA 0.75 0.125 0 0.125 0.571429 0 0 0.142857 0.142857 0 0 0 0 0 0 0 0.142857 0 0 0 0.333333 0 0 0.166667 0 0 0 0 0 0 0 0 0.166667 0 0 0 0.166667 0 0 0 0 0 0 0 0 0 0 0 0 0 0 0 0 0 0 0 0 0 0 0 0 0 0 0 0 0 0 0 0.166667 0 0 0 0 0 0 0 0 0 0 0 0 0 0 0 
CGAATTTA 0.375 0.125 0.125 0.375 0.142857 0 0 0.142857 0 0 0.142857 0 0.142857 0 0 0 0.142857 0 0 0.285714 0 0 0 0.166667 0 0 0 0 0 0 0 0 0 0 0 0.166667 0 0 0 0 0 0 0 0 0.166667 0 0 0 0 0 0 0 0.166667 0 0 0 0 0 0 0 0 0 0 0 0 0 0 0 0 0 0 0 0 0 0 0 0 0 0 0 0.166667 0 0 0.166667 
GAAAAAAA 0.875 0 0.125 0 0.857143 0 0 0 0 0 0 0 0.142857 0 0 0 0 0 0 0 0.833333 0 0 0 0 0 0 0 0 0 0 0 0 0 0 0 0 0 0 0 0 0 0 0 0 0 0 0 0 0 0 0 0.166667 0 0 0 0 0 0 0 0 0 0 0 0 0 0 0 0 0 0 0 0 0 0 0 0 0 0 0 0 0 0 0 
GAAAAATA 0.75 0 0.125 0.125 0.571429 0 0 0.142857 0 0 0 0 0.142857 0 0 0 0.142857 0 0 0 0.5 0 0 0.166667 0 0 0 0 0 0 0 0 0.166667 0 0 0 0 0 0 0 0 0 0 0 0 0 0 0 0 0 0 0 0.166667 0 0 0 0 0 0 0 0 0 0 0 0 0 0 0 0 0 0 0 0 0 0 0 0 0 0 0 0 0 0 0 
GAAAATAA 0.75 0 0.125 0.125 0.571429 0 0 0.142857 0 0 0 0 0.142857 0 0 0 0.142857 0 0 0 0.333333 0 0 0.166667 0 0 0 0 0 0 0 0 0.166667 0 0 0 0 0 0 0 0 0 0 0 0 0 0 0 0 0 0 0 0.166667 0 0 0 0 0 0 0 0 0 0 0 0 0 0 0 0.166667 0 0 0 0 0 0 0 0 0 0 0 0 0 0 0 
GAAAATTA 0.625 0 0.125 0.25 0.428571 0 0 0.142857 0 0 0 0 0.142857 0 0 0 0.142857 0 0 0.142857 0.333333 0 0 0.166667 0 0 0 0 0 0 0 0 0 0 0 0.166667 0 0 0 0 0 0 0 0 0 0 0 0 0 0 0 0 0.166667 0 0 0 0 0 0 0 0 0 0 0 0 0 0 0 0 0 0 0 0 0 0 0 0 0 0 0 0.166667 0 0 0 
GAAATAAA 0.75 0 0.125 0.125 0.571429 0 0 0.142857 0 0 0 0 0.142857 0 0 0 0.142857 0 0 0 0.333333 0 0 0.166667 0 0 0 0 0 0 0 0 0.166667 0 0 0 0 0 0 0 0 0 0 0 0 0 0 0 0 0 0 0 0.166667 0 0 0 0 0 0 0 0 0 0 0 0 0 0 0 0.166667 0 0 0 0 0 0 0 0 0 0 0 0 0 0 0 
GAAATTAA 0.625 0 0.125 0.25 0.428571 0 0 0.142857 0 0 0 0 0.142857 0 0 0 0.142857 0 0 0.142857 0.166667 0 0 0.166667 0 0 0 0 0 0 0 0 0 0 0 0.166667 0 0 0 0 0 0 0 0 0 0 0 0 0 0 0 0 0.166667 0 0 0 0 0 0 0 0 0 0 0 0 0 0 0 0.166667 0 0 0 0 0 0 0 0 0 0 0 0.166667 0 0 0 
GAAATTTA 0.5 0 0.125 0.375 0.285714 0 0 0.142857 0 0 0 0 0.142857 0 0 0 0.142857 0 0 0.285714 0.166667 0 0 0.166667 0 0 0 0 0 0 0 0 0 0 0 0.166667 0 0 0 0 0 0 0 0 0 0 0 0 0 0 0 0 0.166667 0 0 0 0 0 0 0 0 0 0 0 0 0 0 0 0 0 0 0 0 0 0 0 0 0 0 0 0.166667 0 0 0.166667 
GAATAAAA 0.75 0 0.125 0.125 0.571429 0 0 0.142857 0 0 0 0 0.142857 0 0 0 0.142857 0 0 0 0.333333 0 0 0.166667 0 0 0 0 0 0 0 0 0.166667 0 0 0 0 0 0 0 0 0 0 0 0 0 0 0 0 0 0 0 0.166667 0 0 0 0 0 0 0 0 0 0 0 0 0 0 0 0.166667 0 0 0 0 0 0 0 0 0 0 0 0 0 0 0 
GAATATTA 0.5 0 0.125 0.375 0.142857 0 0 0.285714 0 0 0 0 0.142857 0 0 0 0.285714 0 0 0.142857 0 0 0 0.166667 0 0 0 0 0 0 0 0 0.166667 0 0 0.166667 0 0 0 0 0 0 0 0 0 0 0 0 0 0 0 0 0.166667 0 0 0 0 0 0 0 0 0 0 0 0 0 0 0 0 0 0 0.166667 0 0 0 0 0 0 0 0 0.166667 0 0 0 
GAATTAAA 0.625 0 0.125 0.25 0.428571 0 0 0.142857 0 0 0 0 0.142857 0 0 0 0.142857 0 0 0.142857 0.166667 0 0 0.166667 0 0 0 0 0 0 0 0 0 0 0 0.166667 0 0 0 0 0 0 0 0 0 0 0 0 0 0 0 0 0.166667 0 0 0 0 0 0 0 0 0 0 0 0 0 0 0 0.166667 0 0 0 0 0 0 0 0 0 0 0 0.166667 0 0 0 
GAATTTAA 0.5 0 0.125 0.375 0.285714 0 0 0.142857 0 0 0 0 0.142857 0 0 0 0.142857 0 0 0.285714 0 0 0 0.166667 0 0 0 0 0 0 0 0 0 0 0 0.166667 0 0 0 0 0 0 0 0 0 0 0 0 0 0 0 0 0.166667 0 0 0 0 0 0 0 0 0 0 0 0 0 0 0 0.166667 0 0 0 0 0 0 0 0 0 0 0 0.166667 0 0 0.166667 
GAATTTTA 0.375 0 0.125 0.5 0.142857 0 0 0.142857 0 0 0 0 0.142857 0 0 0 0.142857 0 0 0.428571 0 0 0 0.166667 0 0 0 0 0 0 0 0 0 0 0 0.166667 0 0 0 0 0 0 0 0 0 0 0 0 0 0 0 0 0.166667 0 0 0 0 0 0 0 0 0 0 0 0 0 0 0 0 0 0 0 0 0 0 0 0 0 0 0 0.166667 0 0 0.333333 
GATAATTA 0.5 0 0.125 0.375 0.142857 0 0 0.285714 0 0 0 0 0.142857 0 0 0 0.285714 0 0 0.142857 0 0 0 0.166667 0 0 0 0 0 0 0 0 0.166667 0 0 0.166667 0 0 0 0 0 0 0 0 0 0 0 0 0 0 0 0 0 0 0 0.166667 0 0 0 0 0 0 0 0 0 0 0 0 0.166667 0 0 0 0 0 0 0 0 0 0 0 0.166667 0 0 0 
GATATTTA 0.375 0 0.125 0.5 0 0 0 0.285714 0 0 0 0 0.142857 0 0 0 0.285714 0 0 0.285714 0 0 0 0 0 0 0 0 0 0 0 0 0.166667 0 0 0.166667 0 0 0 0 0 0 0 0 0 0 0 0 0 0 0 0 0 0 0 0.166667 0 0 0 0 0 0 0 0 0 0 0 0 0 0 0 0.166667 0 0 0 0 0 0 0 0 0.166667 0 0 0.166667 
GATTTTTA 0.25 0 0.125 0.625 0 0 0 0.142857 0 0 0 0 0.142857 0 0 0 0.142857 0 0 0.571429 0 0 0 0 0 0 0 0 0 0 0 0 0 0 0 0.166667 0 0 0 0 0 0 0 0 0 0 0 0 0 0 0 0 0 0 0 0.166667 0 0 0 0 0 0 0 0 0 0 0 0 0 0 0 0 0 0 0 0 0 0 0 0 0.166667 0 0 0.5 
GGAAAAAA 0.75 0 0.25 0 0.714286 0 0 0 0 0 0 0 0.142857 0 0.142857 0 0 0 0 0 0.666667 0 0 0 0 0 0 0 0 0 0 0 0 0 0 0 0 0 0 0 0 0 0 0 0 0 0 0 0 0 0 0 0.166667 0 0 0 0 0 0 0 0.166667 0 0 0 0 0 0 0 0 0 0 0 0 0 0 0 0 0 0 0 0 0 0 0 
GGAAATTA 0.5 0 0.25 0.25 0.285714 0 0 0.142857 0 0 0 0 0.142857 0 0.142857 0 0.142857 0 0 0.142857 0.166667 0 0 0.166667 0 0 0 0 0 0 0 0 0 0 0 0.166667 0 0 0 0 0 0 0 0 0 0 0 0 0 0 0 0 0.166667 0 0 0 0 0 0 0 0.166667 0 0 0 0 0 0 0 0 0 0 0 0 0 0 0 0 0 0 0 0.166667 0 0 0 
GTAATTAA 0.5 0 0.125 0.375 0.285714 0 0 0.142857 0 0 0 0 0 0 0 0.142857 0.285714 0 0 0.142857 0 0 0 0.166667 0 0 0 0 0 0 0 0 0 0 0 0.166667 0 0 0 0 0 0 0 0 0 0 0 0 0 0 0 0 0 0 0 0 0 0 0 0 0 0 0 0 0.166667 0 0 0 0.333333 0 0 0 0 0 0 0 0 0 0 0 0.166667 0 0 0 
GTTAATTA 0.375 0 0.125 0.5 0.142857 0 0 0.142857 0 0 0 0 0 0 0 0.142857 0.285714 0 0 0.285714 0 0 0 0.166667 0 0 0 0 0 0 0 0 0 0 0 0.166667 0 0 0 0 0 0 0 0 0 0 0 0 0 0 0 0 0 0 0 0 0 0 0 0 0 0 0 0 0 0 0 0.166667 0.166667 0 0 0 0 0 0 0 0 0 0 0 0.333333 0 0 0 
TAAAAAAA 0.875 0 0 0.125 0.857143 0 0 0 0 0 0 0 0 0 0 0 0.142857 0 0 0 0.833333 0 0 0 0 0 0 0 0 0 0 0 0 0 0 0 0 0 0 0 0 0 0 0 0 0 0 0 0 0 0 0 0 0 0 0 0 0 0 0 0 0 0 0 0 0 0 0 0.166667 0 0 0 0 0 0 0 0 0 0 0 0 0 0 0 
TAAAAATA 0.75 0 0 0.25 0.571429 0 0 0.142857 0 0 0 0 0 0 0 0 0.285714 0 0 0 0.5 0 0 0.166667 0 0 0 0 0 0 0 0 0.166667 0 0 0 0 0 0 0 0 0 0 0 0 0 0 0 0 0 0 0 0 0 0 0 0 0 0 0 0 0 0 0 0 0 0 0 0.166667 0 0 0 0 0 0 0 0 0 0 0 0 0 0 0 
TAAAATAA 0.75 0 0 0.25 0.571429 0 0 0.142857 0 0 0 0 0 0 0 0 0.285714 0 0 0 0.333333 0 0 0.166667 0 0 0 0 0 0 0 0 0.166667 0 0 0 0 0 0 0 0 0 0 0 0 0 0 0 0 0 0 0 0 0 0 0 0 0 0 0 0 0 0 0 0 0 0 0 0.333333 0 0 0 0 0 0 0 0 0 0 0 0 0 0 0 
TAAAATTA 0.625 0 0 0.375 0.428571 0 0 0.142857 0 0 0 0 0 0 0 0 0.285714 0 0 0.142857 0.333333 0 0 0.166667 0 0 0 0 0 0 0 0 0 0 0 0.166667 0 0 0 0 0 0 0 0 0 0 0 0 0 0 0 0 0 0 0 0 0 0 0 0 0 0 0 0 0 0 0 0 0.166667 0 0 0 0 0 0 0 0 0 0 0 0.166667 0 0 0 
TAAATAAA 0.75 0 0 0.25 0.571429 0 0 0.142857 0 0 0 0 0 0 0 0 0.285714 0 0 0 0.333333 0 0 0.166667 0 0 0 0 0 0 0 0 0.166667 0 0 0 0 0 0 0 0 0 0 0 0 0 0 0 0 0 0 0 0 0 0 0 0 0 0 0 0 0 0 0 0 0 0 0 0.333333 0 0 0 0 0 0 0 0 0 0 0 0 0 0 0 
TAAATATA 0.625 0 0 0.375 0.285714 0 0 0.285714 0 0 0 0 0 0 0 0 0.428571 0 0 0 0.166667 0 0 0.166667 0 0 0 0 0 0 0 0 0.333333 0 0 0 0 0 0 0 0 0 0 0 0 0 0 0 0 0 0 0 0 0 0 0 0 0 0 0 0 0 0 0 0 0 0 0 0.166667 0 0 0.166667 0 0 0 0 0 0 0 0 0 0 0 0 
TAAATTAA 0.625 0 0 0.375 0.428571 0 0 0.142857 0 0 0 0 0 0 0 0 0.285714 0 0 0.142857 0.166667 0 0 0.166667 0 0 0 0 0 0 0 0 0 0 0 0.166667 0 0 0 0 0 0 0 0 0 0 0 0 0 0 0 0 0 0 0 0 0 0 0 0 0 0 0 0 0 0 0 0 0.333333 0 0 0 0 0 0 0 0 0 0 0 0.166667 0 0 0 
TAATAAAA 0.75 0 0 0.25 0.571429 0 0 0.142857 0 0 0 0 0 0 0 0 0.285714 0 0 0 0.333333 0 0 0.166667 0 0 0 0 0 0 0 0 0.166667 0 0 0 0 0 0 0 0 0 0 0 0 0 0 0 0 0 0 0 0 0 0 0 0 0 0 0 0 0 0 0 0 0 0 0 0.333333 0 0 0 0 0 0 0 0 0 0 0 0 0 0 0 
TAATAATA 0.625 0 0 0.375 0.285714 0 0 0.285714 0 0 0 0 0 0 0 0 0.428571 0 0 0 0 0 0 0.333333 0 0 0 0 0 0 0 0 0.333333 0 0 0 0 0 0 0 0 0 0 0 0 0 0 0 0 0 0 0 0 0 0 0 0 0 0 0 0 0 0 0 0 0 0 0 0.333333 0 0 0 0 0 0 0 0 0 0 0 0 0 0 0 
TAATATTA 0.5 0 0 0.5 0.142857 0 0 0.285714 0 0 0 0 0 0 0 0 0.428571 0 0 0.142857 0 0 0 0.166667 0 0 0 0 0 0 0 0 0.166667 0 0 0.166667 0 0 0 0 0 0 0 0 0 0 0 0 0 0 0 0 0 0 0 0 0 0 0 0 0 0 0 0 0 0 0 0 0.166667 0 0 0.166667 0 0 0 0 0 0 0 0 0.166667 0 0 0 
TAATTAAA 0.625 0 0 0.375 0.428571 0 0 0.142857 0 0 0 0 0 0 0 0 0.285714 0 0 0.142857 0.166667 0 0 0.166667 0 0 0 0 0 0 0 0 0 0 0 0.166667 0 0 0 0 0 0 0 0 0 0 0 0 0 0 0 0 0 0 0 0 0 0 0 0 0 0 0 0 0 0 0 0 0.333333 0 0 0 0 0 0 0 0 0 0 0 0.166667 0 0 0 
TAATTATA 0.5 0 0 0.5 0.142857 0 0 0.285714 0 0 0 0 0 0 0 0 0.428571 0 0 0.142857 0 0 0 0.166667 0 0 0 0 0 0 0 0 0.166667 0 0 0.166667 0 0 0 0 0 0 0 0 0 0 0 0 0 0 0 0 0 0 0 0 0 0 0 0 0 0 0 0 0 0 0 0 0.166667 0 0 0.166667 0 0 0 0 0 0 0 0 0.166667 0 0 0 
TAATTTAA 0.5 0 0 0.5 0.285714 0 0 0.142857 0 0 0 0 0 0 0 0 0.285714 0 0 0.285714 0 0 0 0.166667 0 0 0 0 0 0 0 0 0 0 0 0.166667 0 0 0 0 0 0 0 0 0 0 0 0 0 0 0 0 0 0 0 0 0 0 0 0 0 0 0 0 0 0 0 0 0.333333 0 0 0 0 0 0 0 0 0 0 0 0.166667 0 0 0.166667 
TATAAAAA 0.75 0 0 0.25 0.571429 0 0 0.142857 0 0 0 0 0 0 0 0 0.285714 0 0 0 0.5 0 0 0 0 0 0 0 0 0 0 0 0.166667 0 0 0 0 0 0 0 0 0 0 0 0 0 0 0 0 0 0 0 0 0 0 0 0 0 0 0 0 0 0 0 0 0 0 0 0.166667 0 0 0.166667 0 0 0 0 0 0 0 0 0 0 0 0 
TATTAAAA 0.625 0 0 0.375 0.428571 0 0 0.142857 0 0 0 0 0 0 0 0 0.285714 0 0 0.142857 0.333333 0 0 0 0 0 0 0 0 0 0 0 0 0 0 0.166667 0 0 0 0 0 0 0 0 0 0 0 0 0 0 0 0 0 0 0 0 0 0 0 0 0 0 0 0 0 0 0 0 0.166667 0 0 0.166667 0 0 0 0 0 0 0 0 0.166667 0 0 0 
TATTTAAA 0.5 0 0 0.5 0.285714 0 0 0.142857 0 0 0 0 0 0 0 0 0.285714 0 0 0.285714 0.166667 0 0 0 0 0 0 0 0 0 0 0 0 0 0 0.166667 0 0 0 0 0 0 0 0 0 0 0 0 0 0 0 0 0 0 0 0 0 0 0 0 0 0 0 0 0 0 0 0 0.166667 0 0 0.166667 0 0 0 0 0 0 0 0 0.166667 0 0 0.166667 
TATTTTAA 0.375 0 0 0.625 0.142857 0 0 0.142857 0 0 0 0 0 0 0 0 0.285714 0 0 0.428571 0 0 0 0 0 0 0 0 0 0 0 0 0 0 0 0.166667 0 0 0 0 0 0 0 0 0 0 0 0 0 0 0 0 0 0 0 0 0 0 0 0 0 0 0 0 0 0 0 0 0.166667 0 0 0.166667 0 0 0 0 0 0 0 0 0.166667 0 0 0.333333 
TGAAAAAA 0.75 0 0.125 0.125 0.714286 0 0 0 0 0 0 0 0.142857 0 0 0 0 0 0.142857 0 0.666667 0 0 0 0 0 0 0 0 0 0 0 0 0 0 0 0 0 0 0 0 0 0 0 0 0 0 0 0 0 0 0 0.166667 0 0 0 0 0 0 0 0 0 0 0 0 0 0 0 0 0 0 0 0 0 0 0 0.166667 0 0 0 0 0 0 0 
TTAAAAAA 0.75 0 0 0.25 0.714286 0 0 0 0 0 0 0 0 0 0 0 0.142857 0 0 0.142857 0.666667 0 0 0 0 0 0 0 0 0 0 0 0 0 0 0 0 0 0 0 0 0 0 0 0 0 0 0 0 0 0 0 0 0 0 0 0 0 0 0 0 0 0 0 0 0 0 0 0.166667 0 0 0 0 0 0 0 0 0 0 0 0.166667 0 0 0 
TTAAATAA 0.625 0 0 0.375 0.428571 0 0 0.142857 0 0 0 0 0 0 0 0 0.285714 0 0 0.142857 0.166667 0 0 0.166667 0 0 0 0 0 0 0 0 0.166667 0 0 0 0 0 0 0 0 0 0 0 0 0 0 0 0 0 0 0 0 0 0 0 0 0 0 0 0 0 0 0 0 0 0 0 0.333333 0 0 0 0 0 0 0 0 0 0 0 0.166667 0 0 0 
TTAATAAA 0.625 0 0 0.375 0.428571 0 0 0.142857 0 0 0 0 0 0 0 0 0.285714 0 0 0.142857 0.166667 0 0 0.166667 0 0 0 0 0 0 0 0 0.166667 0 0 0 0 0 0 0 0 0 0 0 0 0 0 0 0 0 0 0 0 0 0 0 0 0 0 0 0 0 0 0 0 0 0 0 0.333333 0 0 0 0 0 0 0 0 0 0 0 0.166667 0 0 0 
TTAATTAA 0.5 0 0 0.5 0.285714 0 0 0.142857 0 0 0 0 0 0 0 0 0.285714 0 0 0.285714 0 0 0 0.166667 0 0 0 0 0 0 0 0 0 0 0 0.166667 0 0 0 0 0 0 0 0 0 0 0 0 0 0 0 0 0 0 0 0 0 0 0 0 0 0 0 0 0 0 0 0 0.333333 0 0 0 0 0 0 0 0 0 0 0 0.333333 0 0 0 
TTTAAAAA 0.625 0 0 0.375 0.571429 0 0 0 0 0 0 0 0 0 0 0 0.142857 0 0 0.285714 0.5 0 0 0 0 0 0 0 0 0 0 0 0 0 0 0 0 0 0 0 0 0 0 0 0 0 0 0 0 0 0 0 0 0 0 0 0 0 0 0 0 0 0 0 0 0 0 0 0.166667 0 0 0 0 0 0 0 0 0 0 0 0.166667 0 0 0.166667 
TTTTAAAA 0.5 0 0 0.5 0.428571 0 0 0 0 0 0 0 0 0 0 0 0.142857 0 0 0.428571 0.333333 0 0 0 0 0 0 0 0 0 0 0 0 0 0 0 0 0 0 0 0 0 0 0 0 0 0 0 0 0 0 0 0 0 0 0 0 0 0 0 0 0 0 0 0 0 0 0 0.166667 0 0 0 0 0 0 0 0 0 0 0 0.166667 0 0 0.333333 
AAAAAAAA 1 0 0 0 1 0 0 0 0 0 0 0 0 0 0 0 0 0 0 0 1 0 0 0 0 0 0 0 0 0 0 0 0 0 0 0 0 0 0 0 0 0 0 0 0 0 0 0 0 0 0 0 0 0 0 0 0 0 0 0 0 0 0 0 0 0 0 0 0 0 0 0 0 0 0 0 0 0 0 0 0 0 0 0 
AAAAAAAT 0.875 0 0 0.125 0.857143 0 0 0.142857 0 0 0 0 0 0 0 0 0 0 0 0 0.833333 0 0 0.166667 0 0 0 0 0 0 0 0 0 0 0 0 0 0 0 0 0 0 0 0 0 0 0 0 0 0 0 0 0 0 0 0 0 0 0 0 0 0 0 0 0 0 0 0 0 0 0 0 0 0 0 0 0 0 0 0 0 0 0 0 
AAAAAATA 0.875 0 0 0.125 0.714286 0 0 0.142857 0 0 0 0 0 0 0 0 0.142857 0 0 0 0.666667 0 0 0.166667 0 0 0 0 0 0 0 0 0.166667 0 0 0 0 0 0 0 0 0 0 0 0 0 0 0 0 0 0 0 0 0 0 0 0 0 0 0 0 0 0 0 0 0 0 0 0 0 0 0 0 0 0 0 0 0 0 0 0 0 0 0 
AAAAAATC 0.75 0.125 0 0.125 0.714286 0 0 0.142857 0 0 0 0 0 0 0 0 0 0.142857 0 0 0.666667 0 0 0.166667 0 0 0 0 0 0 0 0 0 0.166667 0 0 0 0 0 0 0 0 0 0 0 0 0 0 0 0 0 0 0 0 0 0 0 0 0 0 0 0 0 0 0 0 0 0 0 0 0 0 0 0 0 0 0 0 0 0 0 0 0 0 
AAAAAATT 0.75 0 0 0.25 0.714286 0 0 0.142857 0 0 0 0 0 0 0 0 0 0 0 0.142857 0.666667 0 0 0.166667 0 0 0 0 0 0 0 0 0 0 0 0.166667 0 0 0 0 0 0 0 0 0 0 0 0 0 0 0 0 0 0 0 0 0 0 0 0 0 0 0 0 0 0 0 0 0 0 0 0 0 0 0 0 0 0 0 0 0 0 0 0 
AAAAATAA 0.875 0 0 0.125 0.714286 0 0 0.142857 0 0 0 0 0 0 0 0 0.142857 0 0 0 0.5 0 0 0.166667 0 0 0 0 0 0 0 0 0.166667 0 0 0 0 0 0 0 0 0 0 0 0 0 0 0 0 0 0 0 0 0 0 0 0 0 0 0 0 0 0 0 0 0 0 0 0.166667 0 0 0 0 0 0 0 0 0 0 0 0 0 0 0 
AAAAATAT 0.75 0 0 0.25 0.571429 0 0 0.285714 0 0 0 0 0 0 0 0 0.142857 0 0 0 0.5 0 0 0.166667 0 0 0 0 0 0 0 0 0.166667 0 0 0 0 0 0 0 0 0 0 0 0 0 0 0 0 0 0 0 0 0 0 0 0 0 0 0 0 0 0 0 0 0 0 0 0 0 0 0.166667 0 0 0 0 0 0 0 0 0 0 0 0 
AAAAATTA 0.75 0 0 0.25 0.571429 0 0 0.142857 0 0 0 0 0 0 0 0 0.142857 0 0 0.142857 0.5 0 0 0.166667 0 0 0 0 0 0 0 0 0 0 0 0.166667 0 0 0 0 0 0 0 0 0 0 0 0 0 0 0 0 0 0 0 0 0 0 0 0 0 0 0 0 0 0 0 0 0 0 0 0 0 0 0 0 0 0 0 0 0.166667 0 0 0 
AAAAATTC 0.625 0.125 0 0.25 0.571429 0 0 0.142857 0 0 0 0 0 0 0 0 0 0.142857 0 0.142857 0.5 0 0 0.166667 0 0 0 0 0 0 0 0 0 0 0 0.166667 0 0 0 0 0 0 0 0 0 0 0 0 0 0 0 0 0 0 0 0 0 0 0 0 0 0 0 0 0 0 0 0 0 0 0 0 0 0 0 0 0 0 0 0 0 0.166667 0 0 
AAAAATTT 0.625 0 0 0.375 0.571429 0 0 0.142857 0 0 0 0 0 0 0 0 0 0 0 0.285714 0.5 0 0 0.166667 0 0 0 0 0 0 0 0 0 0 0 0.166667 0 0 0 0 0 0 0 0 0 0 0 0 0 0 0 0 0 0 0 0 0 0 0 0 0 0 0 0 0 0 0 0 0 0 0 0 0 0 0 0 0 0 0 0 0 0 0 0.166667 
AAAATAAA 0.875 0 0 0.125 0.714286 0 0 0.142857 0 0 0 0 0 0 0 0 0.142857 0 0 0 0.5 0 0 0.166667 0 0 0 0 0 0 0 0 0.166667 0 0 0 0 0 0 0 0 0 0 0 0 0 0 0 0 0 0 0 0 0 0 0 0 0 0 0 0 0 0 0 0 0 0 0 0.166667 0 0 0 0 0 0 0 0 0 0 0 0 0 0 0 
AAAATAAT 0.75 0 0 0.25 0.571429 0 0 0.285714 0 0 0 0 0 0 0 0 0.142857 0 0 0 0.333333 0 0 0.333333 0 0 0 0 0 0 0 0 0.166667 0 0 0 0 0 0 0 0 0 0 0 0 0 0 0 0 0 0 0 0 0 0 0 0 0 0 0 0 0 0 0 0 0 0 0 0.166667 0 0 0 0 0 0 0 0 0 0 0 0 0 0 0 
AAAATATA 0.75 0 0 0.25 0.428571 0 0 0.285714 0 0 0 0 0 0 0 0 0.285714 0 0 0 0.333333 0 0 0.166667 0 0 0 0 0 0 0 0 0.333333 0 0 0 0 0 0 0 0 0 0 0 0 0 0 0 0 0 0 0 0 0 0 0 0 0 0 0 0 0 0 0 0 0 0 0 0 0 0 0.166667 0 0 0 0 0 0 0 0 0 0 0 0 
AAAATATT 0.625 0 0 0.375 0.428571 0 0 0.285714 0 0 0 0 0 0 0 0 0.142857 0 0 0.142857 0.333333 0 0 0.166667 0 0 0 0 0 0 0 0 0.166667 0 0 0.166667 0 0 0 0 0 0 0 0 0 0 0 0 0 0 0 0 0 0 0 0 0 0 0 0 0 0 0 0 0 0 0 0 0 0 0 0.166667 0 0 0 0 0 0 0 0 0 0 0 0 
AAAATTAA 0.75 0 0 0.25 0.571429 0 0 0.142857 0 0 0 0 0 0 0 0 0.142857 0 0 0.142857 0.333333 0 0 0.166667 0 0 0 0 0 0 0 0 0 0 0 0.166667 0 0 0 0 0 0 0 0 0 0 0 0 0 0 0 0 0 0 0 0 0 0 0 0 0 0 0 0 0 0 0 0 0.166667 0 0 0 0 0 0 0 0 0 0 0 0.166667 0 0 0 
AAAATTAG 0.625 0 0.125 0.25 0.428571 0 0.142857 0.142857 0 0 0 0 0 0 0 0 0.142857 0 0 0.142857 0.333333 0 0 0.166667 0 0 0 0 0 0 0 0 0 0 0 0.166667 0 0 0 0 0 0 0 0 0 0 0 0 0 0 0 0 0 0 0 0 0 0 0 0 0 0 0 0 0 0 0 0 0 0 0.166667 0 0 0 0 0 0 0 0 0 0.166667 0 0 0 
AAAATTAT 0.625 0 0 0.375 0.428571 0 0 0.285714 0 0 0 0 0 0 0 0 0.142857 0 0 0.142857 0.333333 0 0 0.166667 0 0 0 0 0 0 0 0 0 0 0 0.166667 0 0 0 0 0 0 0 0 0 0 0 0 0 0 0 0 0 0 0 0 0 0 0 0 0 0 0 0 0 0 0 0 0 0 0 0.166667 0 0 0 0 0 0 0 0 0.166667 0 0 0 
AAAATTTA 0.625 0 0 0.375 0.428571 0 0 0.142857 0 0 0 0 0 0 0 0 0.142857 0 0 0.285714 0.333333 0 0 0.166667 0 0 0 0 0 0 0 0 0 0 0 0.166667 0 0 0 0 0 0 0 0 0 0 0 0 0 0 0 0 0 0 0 0 0 0 0 0 0 0 0 0 0 0 0 0 0 0 0 0 0 0 0 0 0 0 0 0 0.166667 0 0 0.166667 
AAAATTTT 0.5 0 0 0.5 0.428571 0 0 0.142857 0 0 0 0 0 0 0 0 0 0 0 0.428571 0.333333 0 0 0.166667 0 0 0 0 0 0 0 0 0 0 0 0.166667 0 0 0 0 0 0 0 0 0 0 0 0 0 0 0 0 0 0 0 0 0 0 0 0 0 0 0 0 0 0 0 0 0 0 0 0 0 0 0 0 0 0 0 0 0 0 0 0.333333 
AAATAAAA 0.875 0 0 0.125 0.714286 0 0 0.142857 0 0 0 0 0 0 0 0 0.142857 0 0 0 0.5 0 0 0.166667 0 0 0 0 0 0 0 0 0.166667 0 0 0 0 0 0 0 0 0 0 0 0 0 0 0 0 0 0 0 0 0 0 0 0 0 0 0 0 0 0 0 0 0 0 0 0.166667 0 0 0 0 0 0 0 0 0 0 0 0 0 0 0 
AAATAAAC 0.75 0.125 0 0.125 0.571429 0.142857 0 0.142857 0 0 0 0 0 0 0 0 0.142857 0 0 0 0.333333 0.166667 0 0.166667 0 0 0 0 0 0 0 0 0.166667 0 0 0 0 0 0 0 0 0 0 0 0 0 0 0 0 0 0 0 0 0 0 0 0 0 0 0 0 0 0 0 0 0 0 0 0.166667 0 0 0 0 0 0 0 0 0 0 0 0 0 0 0 
AAATAAAT 0.75 0 0 0.25 0.571429 0 0 0.285714 0 0 0 0 0 0 0 0 0.142857 0 0 0 0.333333 0 0 0.333333 0 0 0 0 0 0 0 0 0.166667 0 0 0 0 0 0 0 0 0 0 0 0 0 0 0 0 0 0 0 0 0 0 0 0 0 0 0 0 0 0 0 0 0 0 0 0.166667 0 0 0 0 0 0 0 0 0 0 0 0 0 0 0 
AAATAATA 0.75 0 0 0.25 0.428571 0 0 0.285714 0 0 0 0 0 0 0 0 0.285714 0 0 0 0.166667 0 0 0.333333 0 0 0 0 0 0 0 0 0.333333 0 0 0 0 0 0 0 0 0 0 0 0 0 0 0 0 0 0 0 0 0 0 0 0 0 0 0 0 0 0 0 0 0 0 0 0.166667 0 0 0 0 0 0 0 0 0 0 0 0 0 0 0 
AAATAATT 0.625 0 0 0.375 0.428571 0 0 0.285714 0 0 0 0 0 0 0 0 0.142857 0 0 0.142857 0.166667 0 0 0.333333 0 0 0 0 0 0 0 0 0.166667 0 0 0.166667 0 0 0 0 0 0 0 0 0 0 0 0 0 0 0 0 0 0 0 0 0 0 0 0 0 0 0 0 0 0 0 0 0.166667 0 0 0 0 0 0 0 0 0 0 0 0 0 0 0 
AAATATAA 0.75 0 0 0.25 0.428571 0 0 0.285714 0 0 0 0 0 0 0 0 0.285714 0 0 0 0.166667 0 0 0.166667 0 0 0 0 0 0 0 0 0.333333 0 0 0 0 0 0 0 0 0 0 0 0 0 0 0 0 0 0 0 0 0 0 0 0 0 0 0 0 0 0 0 0 0 0 0 0.166667 0 0 0.166667 0 0 0 0 0 0 0 0 0 0 0 0 
AAATATAT 0.625 0 0 0.375 0.285714 0 0 0.428571 0 0 0 0 0 0 0 0 0.285714 0 0 0 0.166667 0 0 0.166667 0 0 0 0 0 0 0 0 0.333333 0 0 0 0 0 0 0 0 0 0 0 0 0 0 0 0 0 0 0 0 0 0 0 0 0 0 0 0 0 0 0 0 0 0 0 0 0 0 0.333333 0 0 0 0 0 0 0 0 0 0 0 0 
AAATATTA 0.625 0 0 0.375 0.285714 0 0 0.285714 0 0 0 0 0 0 0 0 0.285714 0 0 0.142857 0.166667 0 0 0.166667 0 0 0 0 0 0 0 0 0.166667 0 0 0.166667 0 0 0 0 0 0 0 0 0 0 0 0 0 0 0 0 0 0 0 0 0 0 0 0 0 0 0 0 0 0 0 0 0 0 0 0.166667 0 0 0 0 0 0 0 0 0.166667 0 0 0 
AAATATTC 0.5 0.125 0 0.375 0.285714 0 0 0.285714 0 0 0 0 0 0 0 0 0.142857 0.142857 0 0.142857 0.166667 0 0 0.166667 0 0 0 0 0 0 0 0 0.166667 0 0 0.166667 0 0 0 0 0 0 0 0 0 0 0 0 0 0 0 0 0 0 0 0 0 0 0 0 0 0 0 0 0 0 0 0 0 0 0 0.166667 0 0 0 0 0 0 0 0 0 0.166667 0 0 
AAATATTT 0.5 0 0 0.5 0.285714 0 0 0.285714 0 0 0 0 0 0 0 0 0.142857 0 0 0.285714 0.166667 0 0 0.166667 0 0 0 0 0 0 0 0 0.166667 0 0 0.166667 0 0 0 0 0 0 0 0 0 0 0 0 0 0 0 0 0 0 0 0 0 0 0 0 0 0 0 0 0 0 0 0 0 0 0 0.166667 0 0 0 0 0 0 0 0 0 0 0 0.166667 
AAATTAAA 0.75 0 0 0.25 0.571429 0 0 0.142857 0 0 0 0 0 0 0 0 0.142857 0 0 0.142857 0.333333 0 0 0.166667 0 0 0 0 0 0 0 0 0 0 0 0.166667 0 0 0 0 0 0 0 0 0 0 0 0 0 0 0 0 0 0 0 0 0 0 0 0 0 0 0 0 0 0 0 0 0.166667 0 0 0 0 0 0 0 0 0 0 0 0.166667 0 0 0 
AAATTAAT 0.625 0 0 0.375 0.428571 0 0 0.285714 0 0 0 0 0 0 0 0 0.142857 0 0 0.142857 0.166667 0 0 0.333333 0 0 0 0 0 0 0 0 0 0 0 0.166667 0 0 0 0 0 0 0 0 0 0 0 0 0 0 0 0 0 0 0 0 0 0 0 0 0 0 0 0 0 0 0 0 0.166667 0 0 0 0 0 0 0 0 0 0 0 0.166667 0 0 0 
AAATTAGT 0.5 0 0.125 0.375 0.285714 0 0.142857 0.142857 0 0 0 0 0 0 0 0.142857 0.142857 0 0 0.142857 0.166667 0 0 0.166667 0 0 0 0 0 0 0 0.166667 0 0 0 0.166667 0 0 0 0 0 0 0 0 0 0 0 0 0 0 0 0 0 0 0 0 0 0 0 0 0 0 0 0 0 0 0 0 0 0 0.166667 0 0 0 0 0 0 0 0 0 0.166667 0 0 0 
AAATTATA 0.625 0 0 0.375 0.285714 0 0 0.285714 0 0 0 0 0 0 0 0 0.285714 0 0 0.142857 0.166667 0 0 0.166667 0 0 0 0 0 0 0 0 0.166667 0 0 0.166667 0 0 0 0 0 0 0 0 0 0 0 0 0 0 0 0 0 0 0 0 0 0 0 0 0 0 0 0 0 0 0 0 0 0 0 0.166667 0 0 0 0 0 0 0 0 0.166667 0 0 0 
AAATTATC 0.5 0.125 0 0.375 0.285714 0 0 0.285714 0 0 0 0 0 0 0 0 0.142857 0.142857 0 0.142857 0.166667 0 0 0.166667 0 0 0 0 0 0 0 0 0 0.166667 0 0.166667 0 0 0 0 0 0 0 0 0 0 0 0 0 0 0 0 0 0 0 0 0 0 0 0 0 0 0 0 0 0 0 0 0 0 0 0.166667 0 0 0 0 0 0 0 0 0.166667 0 0 0 
AAATTATT 0.5 0 0 0.5 0.285714 0 0 0.285714 0 0 0 0 0 0 0 0 0.142857 0 0 0.285714 0.166667 0 0 0.166667 0 0 0 0 0 0 0 0 0 0 0 0.333333 0 0 0 0 0 0 0 0 0 0 0 0 0 0 0 0 0 0 0 0 0 0 0 0 0 0 0 0 0 0 0 0 0 0 0 0.166667 0 0 0 0 0 0 0 0 0.166667 0 0 0 
AAATTTAA 0.625 0 0 0.375 0.428571 0 0 0.142857 0 0 0 0 0 0 0 0 0.142857 0 0 0.285714 0.166667 0 0 0.166667 0 0 0 0 0 0 0 0 0 0 0 0.166667 0 0 0 0 0 0 0 0 0 0 0 0 0 0 0 0 0 0 0 0 0 0 0 0 0 0 0 0 0 0 0 0 0.166667 0 0 0 0 0 0 0 0 0 0 0 0.166667 0 0 0.166667 
AAATTTAT 0.5 0 0 0.5 0.285714 0 0 0.285714 0 0 0 0 0 0 0 0 0.142857 0 0 0.285714 0.166667 0 0 0.166667 0 0 0 0 0 0 0 0 0 0 0 0.166667 0 0 0 0 0 0 0 0 0 0 0 0 0 0 0 0 0 0 0 0 0 0 0 0 0 0 0 0 0 0 0 0 0 0 0 0.166667 0 0 0 0 0 0 0 0 0.166667 0 0 0.166667 
AATAAAAA 0.875 0 0 0.125 0.714286 0 0 0.142857 0 0 0 0 0 0 0 0 0.142857 0 0 0 0.5 0 0 0.166667 0 0 0 0 0 0 0 0 0.166667 0 0 0 0 0 0 0 0 0 0 0 0 0 0 0 0 0 0 0 0 0 0 0 0 0 0 0 0 0 0 0 0 0 0 0 0.166667 0 0 0 0 0 0 0 0 0 0 0 0 0 0 0 
AATAAAAT 0.75 0 0 0.25 0.571429 0 0 0.285714 0 0 0 0 0 0 0 0 0.142857 0 0 0 0.333333 0 0 0.333333 0 0 0 0 0 0 0 0 0.166667 0 0 0 0 0 0 0 0 0 0 0 0 0 0 0 0 0 0 0 0 0 0 0 0 0 0 0 0 0 0 0 0 0 0 0 0.166667 0 0 0 0 0 0 0 0 0 0 0 0 0 0 0 
AATAAATA 0.75 0 0 0.25 0.428571 0 0 0.285714 0 0 0 0 0 0 0 0 0.285714 0 0 0 0.166667 0 0 0.333333 0 0 0 0 0 0 0 0 0.333333 0 0 0 0 0 0 0 0 0 0 0 0 0 0 0 0 0 0 0 0 0 0 0 0 0 0 0 0 0 0 0 0 0 0 0 0.166667 0 0 0 0 0 0 0 0 0 0 0 0 0 0 0 
AATAAATC 0.625 0.125 0 0.25 0.428571 0 0 0.285714 0 0 0 0 0 0 0 0 0.142857 0.142857 0 0 0.166667 0 0 0.333333 0 0 0 0 0 0 0 0 0.166667 0.166667 0 0 0 0 0 0 0 0 0 0 0 0 0 0 0 0 0 0 0 0 0 0 0 0 0 0 0 0 0 0 0 0 0 0 0.166667 0 0 0 0 0 0 0 0 0 0 0 0 0 0 0 
AATAAATT 0.625 0 0 0.375 0.428571 0 0 0.285714 0 0 0 0 0 0 0 0 0.142857 0 0 0.142857 0.166667 0 0 0.333333 0 0 0 0 0 0 0 0 0.166667 0 0 0.166667 0 0 0 0 0 0 0 0 0 0 0 0 0 0 0 0 0 0 0 0 0 0 0 0 0 0 0 0 0 0 0 0 0.166667 0 0 0 0 0 0 0 0 0 0 0 0 0 0 0 
AATAATAA 0.75 0 0 0.25 0.428571 0 0 0.285714 0 0 0 0 0 0 0 0 0.285714 0 0 0 0 0 0 0.333333 0 0 0 0 0 0 0 0 0.333333 0 0 0 0 0 0 0 0 0 0 0 0 0 0 0 0 0 0 0 0 0 0 0 0 0 0 0 0 0 0 0 0 0 0 0 0.333333 0 0 0 0 0 0 0 0 0 0 0 0 0 0 0 
AATAATAT 0.625 0 0 0.375 0.285714 0 0 0.428571 0 0 0 0 0 0 0 0 0.285714 0 0 0 0 0 0 0.333333 0 0 0 0 0 0 0 0 0.333333 0 0 0 0 0 0 0 0 0 0 0 0 0 0 0 0 0 0 0 0 0 0 0 0 0 0 0 0 0 0 0 0 0 0 0 0.166667 0 0 0.166667 0 0 0 0 0 0 0 0 0 0 0 0 
AATAATTA 0.625 0 0 0.375 0.285714 0 0 0.285714 0 0 0 0 0 0 0 0 0.285714 0 0 0.142857 0 0 0 0.333333 0 0 0 0 0 0 0 0 0.166667 0 0 0.166667 0 0 0 0 0 0 0 0 0 0 0 0 0 0 0 0 0 0 0 0 0 0 0 0 0 0 0 0 0 0 0 0 0.166667 0 0 0 0 0 0 0 0 0 0 0 0.166667 0 0 0 
AATAATTC 0.5 0.125 0 0.375 0.285714 0 0 0.285714 0 0 0 0 0 0 0 0 0.142857 0.142857 0 0.142857 0 0 0 0.333333 0 0 0 0 0 0 0 0 0.166667 0 0 0.166667 0 0 0 0 0 0 0 0 0 0 0 0 0 0 0 0 0 0 0 0 0 0 0 0 0 0 0 0 0 0 0 0 0.166667 0 0 0 0 0 0 0 0 0 0 0 0 0.166667 0 0 
AATATAAT 0.625 0 0 0.375 0.285714 0 0 0.428571 0 0 0 0 0 0 0 0 0.285714 0 0 0 0 0 0 0.333333 0 0 0 0 0 0 0 0 0.333333 0 0 0 0 0 0 0 0 0 0 0 0 0 0 0 0 0 0 0 0 0 0 0 0 0 0 0 0 0 0 0 0 0 0 0 0.166667 0 0 0.166667 0 0 0 0 0 0 0 0 0 0 0 0 
AATATATA 0.625 0 0 0.375 0.142857 0 0 0.428571 0 0 0 0 0 0 0 0 0.428571 0 0 0 0 0 0 0.166667 0 0 0 0 0 0 0 0 0.5 0 0 0 0 0 0 0 0 0 0 0 0 0 0 0 0 0 0 0 0 0 0 0 0 0 0 0 0 0 0 0 0 0 0 0 0 0 0 0.333333 0 0 0 0 0 0 0 0 0 0 0 0 
AATATATT 0.5 0 0 0.5 0.142857 0 0 0.428571 0 0 0 0 0 0 0 0 0.285714 0 0 0.142857 0 0 0 0.166667 0 0 0 0 0 0 0 0 0.333333 0 0 0.166667 0 0 0 0 0 0 0 0 0 0 0 0 0 0 0 0 0 0 0 0 0 0 0 0 0 0 0 0 0 0 0 0 0 0 0 0.333333 0 0 0 0 0 0 0 0 0 0 0 0 
AATATTAA 0.625 0 0 0.375 0.285714 0 0 0.285714 0 0 0 0 0 0 0 0 0.285714 0 0 0.142857 0 0 0 0.166667 0 0 0 0 0 0 0 0 0.166667 0 0 0.166667 0 0 0 0 0 0 0 0 0 0 0 0 0 0 0 0 0 0 0 0 0 0 0 0 0 0 0 0 0 0 0 0 0.166667 0 0 0.166667 0 0 0 0 0 0 0 0 0.166667 0 0 0 
AATATTAT 0.5 0 0 0.5 0.142857 0 0 0.428571 0 0 0 0 0 0 0 0 0.285714 0 0 0.142857 0 0 0 0.166667 0 0 0 0 0 0 0 0 0.166667 0 0 0.166667 0 0 0 0 0 0 0 0 0 0 0 0 0 0 0 0 0 0 0 0 0 0 0 0 0 0 0 0 0 0 0 0 0 0 0 0.333333 0 0 0 0 0 0 0 0 0.166667 0 0 0 
AATATTCC 0.375 0.25 0 0.375 0.142857 0 0 0.285714 0 0.142857 0 0 0 0 0 0 0.142857 0.142857 0 0.142857 0 0 0 0.166667 0 0 0 0 0 0 0 0 0.166667 0 0 0.166667 0 0 0 0 0 0 0 0 0 0 0 0 0 0 0 0 0 0 0 0 0 0 0 0 0 0 0 0 0 0 0 0 0 0 0 0.166667 0 0.166667 0 0 0 0 0 0 0 0.166667 0 0 
AATATTCG 0.375 0.125 0.125 0.375 0.142857 0 0 0.285714 0 0 0.142857 0 0 0 0 0 0.142857 0.142857 0 0.142857 0 0 0 0.166667 0 0 0 0 0 0 0 0 0.166667 0 0 0.166667 0 0 0 0 0 0 0 0 0 0 0 0 0 0 0 0 0 0 0 0 0 0 0 0 0 0 0 0 0 0 0 0 0 0 0 0.166667 0 0 0.166667 0 0 0 0 0 0 0.166667 0 0 
AATATTTA 0.5 0 0 0.5 0.142857 0 0 0.285714 0 0 0 0 0 0 0 0 0.285714 0 0 0.285714 0 0 0 0.166667 0 0 0 0 0 0 0 0 0.166667 0 0 0.166667 0 0 0 0 0 0 0 0 0 0 0 0 0 0 0 0 0 0 0 0 0 0 0 0 0 0 0 0 0 0 0 0 0 0 0 0.166667 0 0 0 0 0 0 0 0 0.166667 0 0 0.166667 
AATATTTC 0.375 0.125 0 0.5 0.142857 0 0 0.285714 0 0 0 0 0 0 0 0 0.142857 0.142857 0 0.285714 0 0 0 0.166667 0 0 0 0 0 0 0 0 0.166667 0 0 0.166667 0 0 0 0 0 0 0 0 0 0 0 0 0 0 0 0 0 0 0 0 0 0 0 0 0 0 0 0 0 0 0 0 0 0 0 0.166667 0 0 0 0 0 0 0 0 0 0.166667 0 0.166667 
AATATTTG 0.375 0 0.125 0.5 0.142857 0 0 0.285714 0 0 0 0 0 0 0 0 0.142857 0 0.142857 0.285714 0 0 0 0.166667 0 0 0 0 0 0 0 0 0.166667 0 0 0.166667 0 0 0 0 0 0 0 0 0 0 0 0 0 0 0 0 0 0 0 0 0 0 0 0 0 0 0 0 0 0 0 0 0 0 0 0.166667 0 0 0 0 0 0 0 0 0 0 0.166667 0.166667 
AATTAAAA 0.75 0 0 0.25 0.571429 0 0 0.142857 0 0 0 0 0 0 0 0 0.142857 0 0 0.142857 0.333333 0 0 0.166667 0 0 0 0 0 0 0 0 0 0 0 0.166667 0 0 0 0 0 0 0 0 0 0 0 0 0 0 0 0 0 0 0 0 0 0 0 0 0 0 0 0 0 0 0 0 0.166667 0 0 0 0 0 0 0 0 0 0 0 0.166667 0 0 0 
AATTAAAG 0.625 0 0.125 0.25 0.428571 0 0.142857 0.142857 0 0 0 0 0 0 0 0 0.142857 0 0 0.142857 0.166667 0 0.166667 0.166667 0 0 0 0 0 0 0 0 0 0 0 0.166667 0 0 0 0 0 0 0 0 0 0 0 0 0 0 0 0 0 0 0 0 0 0 0 0 0 0 0 0 0 0 0 0 0.166667 0 0 0 0 0 0 0 0 0 0 0 0.166667 0 0 0 
AATTAAAT 0.625 0 0 0.375 0.428571 0 0 0.285714 0 0 0 0 0 0 0 0 0.142857 0 0 0.142857 0.166667 0 0 0.333333 0 0 0 0 0 0 0 0 0 0 0 0.166667 0 0 0 0 0 0 0 0 0 0 0 0 0 0 0 0 0 0 0 0 0 0 0 0 0 0 0 0 0 0 0 0 0.166667 0 0 0 0 0 0 0 0 0 0 0 0.166667 0 0 0 
AATTAATA 0.625 0 0 0.375 0.285714 0 0 0.285714 0 0 0 0 0 0 0 0 0.285714 0 0 0.142857 0 0 0 0.333333 0 0 0 0 0 0 0 0 0.166667 0 0 0.166667 0 0 0 0 0 0 0 0 0 0 0 0 0 0 0 0 0 0 0 0 0 0 0 0 0 0 0 0 0 0 0 0 0.166667 0 0 0 0 0 0 0 0 0 0 0 0.166667 0 0 0 
AATTAATC 0.5 0.125 0 0.375 0.285714 0 0 0.285714 0 0 0 0 0 0 0 0 0.142857 0.142857 0 0.142857 0 0 0 0.333333 0 0 0 0 0 0 0 0 0 0.166667 0 0.166667 0 0 0 0 0 0 0 0 0 0 0 0 0 0 0 0 0 0 0 0 0 0 0 0 0 0 0 0 0 0 0 0 0.166667 0 0 0 0 0 0 0 0 0 0 0 0.166667 0 0 0 
AATTAATT 0.5 0 0 0.5 0.285714 0 0 0.285714 0 0 0 0 0 0 0 0 0.142857 0 0 0.285714 0 0 0 0.333333 0 0 0 0 0 0 0 0 0 0 0 0.333333 0 0 0 0 0 0 0 0 0 0 0 0 0 0 0 0 0 0 0 0 0 0 0 0 0 0 0 0 0 0 0 0 0.166667 0 0 0 0 0 0 0 0 0 0 0 0.166667 0 0 0 
AATTATAA 0.625 0 0 0.375 0.285714 0 0 0.285714 0 0 0 0 0 0 0 0 0.285714 0 0 0.142857 0 0 0 0.166667 0 0 0 0 0 0 0 0 0.166667 0 0 0.166667 0 0 0 0 0 0 0 0 0 0 0 0 0 0 0 0 0 0 0 0 0 0 0 0 0 0 0 0 0 0 0 0 0.166667 0 0 0.166667 0 0 0 0 0 0 0 0 0.166667 0 0 0 
AATTATAT 0.5 0 0 0.5 0.142857 0 0 0.428571 0 0 0 0 0 0 0 0 0.285714 0 0 0.142857 0 0 0 0.166667 0 0 0 0 0 0 0 0 0.166667 0 0 0.166667 0 0 0 0 0 0 0 0 0 0 0 0 0 0 0 0 0 0 0 0 0 0 0 0 0 0 0 0 0 0 0 0 0 0 0 0.333333 0 0 0 0 0 0 0 0 0.166667 0 0 0 
AATTATTA 0.5 0 0 0.5 0.142857 0 0 0.285714 0 0 0 0 0 0 0 0 0.285714 0 0 0.285714 0 0 0 0.166667 0 0 0 0 0 0 0 0 0 0 0 0.333333 0 0 0 0 0 0 0 0 0 0 0 0 0 0 0 0 0 0 0 0 0 0 0 0 0 0 0 0 0 0 0 0 0 0 0 0.166667 0 0 0 0 0 0 0 0 0.333333 0 0 0 
AATTATTC 0.375 0.125 0 0.5 0.142857 0 0 0.285714 0 0 0 0 0 0 0 0 0.142857 0.142857 0 0.285714 0 0 0 0.166667 0 0 0 0 0 0 0 0 0 0 0 0.333333 0 0 0 0 0 0 0 0 0 0 0 0 0 0 0 0 0 0 0 0 0 0 0 0 0 0 0 0 0 0 0 0 0 0 0 0.166667 0 0 0 0 0 0 0 0 0.166667 0.166667 0 0 
AATTATTG 0.375 0 0.125 0.5 0.142857 0 0 0.285714 0 0 0 0 0 0 0 0 0.142857 0 0.142857 0.285714 0 0 0 0.166667 0 0 0 0 0 0 0 0 0 0 0 0.333333 0 0 0 0 0 0 0 0 0 0 0 0 0 0 0 0 0 0 0 0 0 0 0 0 0 0 0 0 0 0 0 0 0 0 0 0.166667 0 0 0 0 0 0 0 0 0.166667 0 0.166667 0 
AATTTAAA 0.625 0 0 0.375 0.428571 0 0 0.142857 0 0 0 0 0 0 0 0 0.142857 0 0 0.285714 0.166667 0 0 0.166667 0 0 0 0 0 0 0 0 0 0 0 0.166667 0 0 0 0 0 0 0 0 0 0 0 0 0 0 0 0 0 0 0 0 0 0 0 0 0 0 0 0 0 0 0 0 0.166667 0 0 0 0 0 0 0 0 0 0 0 0.166667 0 0 0.166667 
AATTTAAT 0.5 0 0 0.5 0.285714 0 0 0.285714 0 0 0 0 0 0 0 0 0.142857 0 0 0.285714 0 0 0 0.333333 0 0 0 0 0 0 0 0 0 0 0 0.166667 0 0 0 0 0 0 0 0 0 0 0 0 0 0 0 0 0 0 0 0 0 0 0 0 0 0 0 0 0 0 0 0 0.166667 0 0 0 0 0 0 0 0 0 0 0 0.166667 0 0 0.166667 
AATTTATA 0.5 0 0 0.5 0.142857 0 0 0.285714 0 0 0 0 0 0 0 0 0.285714 0 0 0.285714 0 0 0 0.166667 0 0 0 0 0 0 0 0 0.166667 0 0 0.166667 0 0 0 0 0 0 0 0 0 0 0 0 0 0 0 0 0 0 0 0 0 0 0 0 0 0 0 0 0 0 0 0 0 0 0 0.166667 0 0 0 0 0 0 0 0 0.166667 0 0 0.166667 
AATTTATC 0.375 0.125 0 0.5 0.142857 0 0 0.285714 0 0 0 0 0 0 0 0 0.142857 0.142857 0 0.285714 0 0 0 0.166667 0 0 0 0 0 0 0 0 0 0.166667 0 0.166667 0 0 0 0 0 0 0 0 0 0 0 0 0 0 0 0 0 0 0 0 0 0 0 0 0 0 0 0 0 0 0 0 0 0 0 0.166667 0 0 0 0 0 0 0 0 0.166667 0 0 0.166667 
AATTTTAA 0.5 0 0 0.5 0.285714 0 0 0.142857 0 0 0 0 0 0 0 0 0.142857 0 0 0.428571 0 0 0 0.166667 0 0 0 0 0 0 0 0 0 0 0 0.166667 0 0 0 0 0 0 0 0 0 0 0 0 0 0 0 0 0 0 0 0 0 0 0 0 0 0 0 0 0 0 0 0 0.166667 0 0 0 0 0 0 0 0 0 0 0 0.166667 0 0 0.333333 
AATTTTAT 0.375 0 0 0.625 0.142857 0 0 0.285714 0 0 0 0 0 0 0 0 0.142857 0 0 0.428571 0 0 0 0.166667 0 0 0 0 0 0 0 0 0 0 0 0.166667 0 0 0 0 0 0 0 0 0 0 0 0 0 0 0 0 0 0 0 0 0 0 0 0 0 0 0 0 0 0 0 0 0 0 0 0.166667 0 0 0 0 0 0 0 0 0.166667 0 0 0.333333 
AATTTTTA 0.375 0 0 0.625 0.142857 0 0 0.142857 0 0 0 0 0 0 0 0 0.142857 0 0 0.571429 0 0 0 0.166667 0 0 0 0 0 0 0 0 0 0 0 0.166667 0 0 0 0 0 0 0 0 0 0 0 0 0 0 0 0 0 0 0 0 0 0 0 0 0 0 0 0 0 0 0 0 0 0 0 0 0 0 0 0 0 0 0 0 0.166667 0 0 0.5 
AGAAAATA 0.75 0 0.125 0.125 0.428571 0 0.142857 0.142857 0 0 0 0 0.142857 0 0 0 0.142857 0 0 0 0.333333 0 0 0.166667 0 0 0 0 0.166667 0 0 0 0.166667 0 0 0 0 0 0 0 0 0 0 0 0 0 0 0 0 0 0 0 0.166667 0 0 0 0 0 0 0 0 0 0 0 0 0 0 0 0 0 0 0 0 0 0 0 0 0 0 0 0 0 0 0 
AGAAATAA 0.75 0 0.125 0.125 0.428571 0 0.142857 0.142857 0 0 0 0 0.142857 0 0 0 0.142857 0 0 0 0.166667 0 0 0.166667 0 0 0 0 0.166667 0 0 0 0.166667 0 0 0 0 0 0 0 0 0 0 0 0 0 0 0 0 0 0 0 0.166667 0 0 0 0 0 0 0 0 0 0 0 0 0 0 0 0.166667 0 0 0 0 0 0 0 0 0 0 0 0 0 0 0 
AGAATAAA 0.75 0 0.125 0.125 0.428571 0 0.142857 0.142857 0 0 0 0 0.142857 0 0 0 0.142857 0 0 0 0.166667 0 0 0.166667 0 0 0 0 0.166667 0 0 0 0.166667 0 0 0 0 0 0 0 0 0 0 0 0 0 0 0 0 0 0 0 0.166667 0 0 0 0 0 0 0 0 0 0 0 0 0 0 0 0.166667 0 0 0 0 0 0 0 0 0 0 0 0 0 0 0 
ATAAAAAT 0.75 0 0 0.25 0.571429 0 0 0.285714 0 0 0 0 0 0 0 0 0.142857 0 0 0 0.5 0 0 0.166667 0 0 0 0 0 0 0 0 0.166667 0 0 0 0 0 0 0 0 0 0 0 0 0 0 0 0 0 0 0 0 0 0 0 0 0 0 0 0 0 0 0 0 0 0 0 0.166667 0 0 0 0 0 0 0 0 0 0 0 0 0 0 0 
ATAAAATA 0.75 0 0 0.25 0.428571 0 0 0.285714 0 0 0 0 0 0 0 0 0.285714 0 0 0 0.333333 0 0 0.166667 0 0 0 0 0 0 0 0 0.333333 0 0 0 0 0 0 0 0 0 0 0 0 0 0 0 0 0 0 0 0 0 0 0 0 0 0 0 0 0 0 0 0 0 0 0 0.166667 0 0 0 0 0 0 0 0 0 0 0 0 0 0 0 
ATAAATAA 0.75 0 0 0.25 0.428571 0 0 0.285714 0 0 0 0 0 0 0 0 0.285714 0 0 0 0.166667 0 0 0.166667 0 0 0 0 0 0 0 0 0.333333 0 0 0 0 0 0 0 0 0 0 0 0 0 0 0 0 0 0 0 0 0 0 0 0 0 0 0 0 0 0 0 0 0 0 0 0.333333 0 0 0 0 0 0 0 0 0 0 0 0 0 0 0 
ATAAATAT 0.625 0 0 0.375 0.285714 0 0 0.428571 0 0 0 0 0 0 0 0 0.285714 0 0 0 0.166667 0 0 0.166667 0 0 0 0 0 0 0 0 0.333333 0 0 0 0 0 0 0 0 0 0 0 0 0 0 0 0 0 0 0 0 0 0 0 0 0 0 0 0 0 0 0 0 0 0 0 0.166667 0 0 0.166667 0 0 0 0 0 0 0 0 0 0 0 0 
ATAAATTA 0.625 0 0 0.375 0.285714 0 0 0.285714 0 0 0 0 0 0 0 0 0.285714 0 0 0.142857 0.166667 0 0 0.166667 0 0 0 0 0 0 0 0 0.166667 0 0 0.166667 0 0 0 0 0 0 0 0 0 0 0 0 0 0 0 0 0 0 0 0 0 0 0 0 0 0 0 0 0 0 0 0 0.166667 0 0 0 0 0 0 0 0 0 0 0 0.166667 0 0 0 
ATAAATTG 0.5 0 0.125 0.375 0.285714 0 0 0.285714 0 0 0 0 0 0 0 0 0.142857 0 0.142857 0.142857 0.166667 0 0 0.166667 0 0 0 0 0 0 0 0 0.166667 0 0 0.166667 0 0 0 0 0 0 0 0 0 0 0 0 0 0 0 0 0 0 0 0 0 0 0 0 0 0 0 0 0 0 0 0 0.166667 0 0 0 0 0 0 0 0 0 0 0 0 0 0.166667 0 
ATAATAAA 0.75 0 0 0.25 0.428571 0 0 0.285714 0 0 0 0 0 0 0 0 0.285714 0 0 0 0.166667 0 0 0.166667 0 0 0 0 0 0 0 0 0.333333 0 0 0 0 0 0 0 0 0 0 0 0 0 0 0 0 0 0 0 0 0 0 0 0 0 0 0 0 0 0 0 0 0 0 0 0.333333 0 0 0 0 0 0 0 0 0 0 0 0 0 0 0 
ATAATAAT 0.625 0 0 0.375 0.285714 0 0 0.428571 0 0 0 0 0 0 0 0 0.285714 0 0 0 0 0 0 0.333333 0 0 0 0 0 0 0 0 0.333333 0 0 0 0 0 0 0 0 0 0 0 0 0 0 0 0 0 0 0 0 0 0 0 0 0 0 0 0 0 0 0 0 0 0 0 0.333333 0 0 0 0 0 0 0 0 0 0 0 0 0 0 0 
ATAATATA 0.625 0 0 0.375 0.142857 0 0 0.428571 0 0 0 0 0 0 0 0 0.428571 0 0 0 0 0 0 0.166667 0 0 0 0 0 0 0 0 0.5 0 0 0 0 0 0 0 0 0 0 0 0 0 0 0 0 0 0 0 0 0 0 0 0 0 0 0 0 0 0 0 0 0 0 0 0.166667 0 0 0.166667 0 0 0 0 0 0 0 0 0 0 0 0 
ATAATTAA 0.625 0 0 0.375 0.285714 0 0 0.285714 0 0 0 0 0 0 0 0 0.285714 0 0 0.142857 0 0 0 0.166667 0 0 0 0 0 0 0 0 0.166667 0 0 0.166667 0 0 0 0 0 0 0 0 0 0 0 0 0 0 0 0 0 0 0 0 0 0 0 0 0 0 0 0 0 0 0 0 0.333333 0 0 0 0 0 0 0 0 0 0 0 0.166667 0 0 0 
ATAATTAG 0.5 0 0.125 0.375 0.142857 0 0.142857 0.285714 0 0 0 0 0 0 0 0 0.285714 0 0 0.142857 0 0 0 0.166667 0 0 0 0 0 0 0 0 0.166667 0 0 0.166667 0 0 0 0 0 0 0 0 0 0 0 0 0 0 0 0 0 0 0 0 0 0 0 0 0 0 0 0 0 0 0 0 0.166667 0 0.166667 0 0 0 0 0 0 0 0 0 0.166667 0 0 0 
ATAATTAT 0.5 0 0 0.5 0.142857 0 0 0.428571 0 0 0 0 0 0 0 0 0.285714 0 0 0.142857 0 0 0 0.166667 0 0 0 0 0 0 0 0 0.166667 0 0 0.166667 0 0 0 0 0 0 0 0 0 0 0 0 0 0 0 0 0 0 0 0 0 0 0 0 0 0 0 0 0 0 0 0 0.166667 0 0 0.166667 0 0 0 0 0 0 0 0 0.166667 0 0 0 
ATAATTTA 0.5 0 0 0.5 0.142857 0 0 0.285714 0 0 0 0 0 0 0 0 0.285714 0 0 0.285714 0 0 0 0.166667 0 0 0 0 0 0 0 0 0.166667 0 0 0.166667 0 0 0 0 0 0 0 0 0 0 0 0 0 0 0 0 0 0 0 0 0 0 0 0 0 0 0 0 0 0 0 0 0.166667 0 0 0 0 0 0 0 0 0 0 0 0.166667 0 0 0.166667 
ATAATTTC 0.375 0.125 0 0.5 0.142857 0 0 0.285714 0 0 0 0 0 0 0 0 0.142857 0.142857 0 0.285714 0 0 0 0.166667 0 0 0 0 0 0 0 0 0.166667 0 0 0.166667 0 0 0 0 0 0 0 0 0 0 0 0 0 0 0 0 0 0 0 0 0 0 0 0 0 0 0 0 0 0 0 0 0.166667 0 0 0 0 0 0 0 0 0 0 0 0 0.166667 0 0.166667 
ATATATTA 0.5 0 0 0.5 0 0 0 0.428571 0 0 0 0 0 0 0 0 0.428571 0 0 0.142857 0 0 0 0 0 0 0 0 0 0 0 0 0.333333 0 0 0.166667 0 0 0 0 0 0 0 0 0 0 0 0 0 0 0 0 0 0 0 0 0 0 0 0 0 0 0 0 0 0 0 0 0 0 0 0.333333 0 0 0 0 0 0 0 0 0.166667 0 0 0 
ATATTAAA 0.625 0 0 0.375 0.285714 0 0 0.285714 0 0 0 0 0 0 0 0 0.285714 0 0 0.142857 0.166667 0 0 0 0 0 0 0 0 0 0 0 0.166667 0 0 0.166667 0 0 0 0 0 0 0 0 0 0 0 0 0 0 0 0 0 0 0 0 0 0 0 0 0 0 0 0 0 0 0 0 0.166667 0 0 0.166667 0 0 0 0 0 0 0 0 0.166667 0 0 0 
ATATTAAT 0.5 0 0 0.5 0.142857 0 0 0.428571 0 0 0 0 0 0 0 0 0.285714 0 0 0.142857 0 0 0 0.166667 0 0 0 0 0 0 0 0 0.166667 0 0 0.166667 0 0 0 0 0 0 0 0 0 0 0 0 0 0 0 0 0 0 0 0 0 0 0 0 0 0 0 0 0 0 0 0 0.166667 0 0 0.166667 0 0 0 0 0 0 0 0 0.166667 0 0 0 
ATATTTAA 0.5 0 0 0.5 0.142857 0 0 0.285714 0 0 0 0 0 0 0 0 0.285714 0 0 0.285714 0 0 0 0 0 0 0 0 0 0 0 0 0.166667 0 0 0.166667 0 0 0 0 0 0 0 0 0 0 0 0 0 0 0 0 0 0 0 0 0 0 0 0 0 0 0 0 0 0 0 0 0.166667 0 0 0.166667 0 0 0 0 0 0 0 0 0.166667 0 0 0.166667 
ATATTTTA 0.375 0 0 0.625 0 0 0 0.285714 0 0 0 0 0 0 0 0 0.285714 0 0 0.428571 0 0 0 0 0 0 0 0 0 0 0 0 0.166667 0 0 0.166667 0 0 0 0 0 0 0 0 0 0 0 0 0 0 0 0 0 0 0 0 0 0 0 0 0 0 0 0 0 0 0 0 0 0 0 0.166667 0 0 0 0 0 0 0 0 0.166667 0 0 0.333333 
ATATTTTC 0.25 0.125 0 0.625 0 0 0 0.285714 0 0 0 0 0 0 0 0 0.142857 0.142857 0 0.428571 0 0 0 0 0 0 0 0 0 0 0 0 0.166667 0 0 0.166667 0 0 0 0 0 0 0 0 0 0 0 0 0 0 0 0 0 0 0 0 0 0 0 0 0 0 0 0 0 0 0 0 0 0 0 0.166667 0 0 0 0 0 0 0 0 0 0.166667 0 0.333333 
ATTAAAAT 0.625 0 0 0.375 0.428571 0 0 0.285714 0 0 0 0 0 0 0 0 0.142857 0 0 0.142857 0.333333 0 0 0.166667 0 0 0 0 0 0 0 0 0 0 0 0.166667 0 0 0 0 0 0 0 0 0 0 0 0 0 0 0 0 0 0 0 0 0 0 0 0 0 0 0 0 0 0 0 0 0.166667 0 0 0 0 0 0 0 0 0 0 0 0.166667 0 0 0 
ATTAAATA 0.625 0 0 0.375 0.285714 0 0 0.285714 0 0 0 0 0 0 0 0 0.285714 0 0 0.142857 0.166667 0 0 0.166667 0 0 0 0 0 0 0 0 0.166667 0 0 0.166667 0 0 0 0 0 0 0 0 0 0 0 0 0 0 0 0 0 0 0 0 0 0 0 0 0 0 0 0 0 0 0 0 0.166667 0 0 0 0 0 0 0 0 0 0 0 0.166667 0 0 0 
ATTAATAA 0.625 0 0 0.375 0.285714 0 0 0.285714 0 0 0 0 0 0 0 0 0.285714 0 0 0.142857 0 0 0 0.166667 0 0 0 0 0 0 0 0 0.166667 0 0 0.166667 0 0 0 0 0 0 0 0 0 0 0 0 0 0 0 0 0 0 0 0 0 0 0 0 0 0 0 0 0 0 0 0 0.333333 0 0 0 0 0 0 0 0 0 0 0 0.166667 0 0 0 
ATTAATTA 0.5 0 0 0.5 0.142857 0 0 0.285714 0 0 0 0 0 0 0 0 0.285714 0 0 0.285714 0 0 0 0.166667 0 0 0 0 0 0 0 0 0 0 0 0.333333 0 0 0 0 0 0 0 0 0 0 0 0 0 0 0 0 0 0 0 0 0 0 0 0 0 0 0 0 0 0 0 0 0.166667 0 0 0 0 0 0 0 0 0 0 0 0.333333 0 0 0 
ATTAATTC 0.375 0.125 0 0.5 0.142857 0 0 0.285714 0 0 0 0 0 0 0 0 0.142857 0.142857 0 0.285714 0 0 0 0.166667 0 0 0 0 0 0 0 0 0 0 0 0.333333 0 0 0 0 0 0 0 0 0 0 0 0 0 0 0 0 0 0 0 0 0 0 0 0 0 0 0 0 0 0 0 0 0.166667 0 0 0 0 0 0 0 0 0 0 0 0.166667 0.166667 0 0 
ATTAATTG 0.375 0 0.125 0.5 0.142857 0 0 0.285714 0 0 0 0 0 0 0 0 0.142857 0 0.142857 0.285714 0 0 0 0.166667 0 0 0 0 0 0 0 0 0 0 0 0.333333 0 0 0 0 0 0 0 0 0 0 0 0 0 0 0 0 0 0 0 0 0 0 0 0 0 0 0 0 0 0 0 0 0.166667 0 0 0 0 0 0 0 0 0 0 0 0.166667 0 0.166667 0 
ATTATAAT 0.5 0 0 0.5 0.142857 0 0 0.428571 0 0 0 0 0 0 0 0 0.285714 0 0 0.142857 0 0 0 0.166667 0 0 0 0 0 0 0 0 0.166667 0 0 0.166667 0 0 0 0 0 0 0 0 0 0 0 0 0 0 0 0 0 0 0 0 0 0 0 0 0 0 0 0 0 0 0 0 0.166667 0 0 0.166667 0 0 0 0 0 0 0 0 0.166667 0 0 0 
ATTATTAA 0.5 0 0 0.5 0.142857 0 0 0.285714 0 0 0 0 0 0 0 0 0.285714 0 0 0.285714 0 0 0 0 0 0 0 0 0 0 0 0 0 0 0 0.333333 0 0 0 0 0 0 0 0 0 0 0 0 0 0 0 0 0 0 0 0 0 0 0 0 0 0 0 0 0 0 0 0 0.166667 0 0 0.166667 0 0 0 0 0 0 0 0 0.333333 0 0 0 
ATTATTCG 0.25 0.125 0.125 0.5 0 0 0 0.285714 0 0 0.142857 0 0 0 0 0 0.142857 0.142857 0 0.285714 0 0 0 0 0 0 0 0 0 0 0 0 0 0 0 0.333333 0 0 0 0 0 0 0 0 0 0 0 0 0 0 0 0 0 0 0 0 0 0 0 0 0 0 0 0 0 0 0 0 0 0 0 0.166667 0 0 0.166667 0 0 0 0 0 0.166667 0.166667 0 0 
ATTATTTA 0.375 0 0 0.625 0 0 0 0.285714 0 0 0 0 0 0 0 0 0.285714 0 0 0.428571 0 0 0 0 0 0 0 0 0 0 0 0 0 0 0 0.333333 0 0 0 0 0 0 0 0 0 0 0 0 0 0 0 0 0 0 0 0 0 0 0 0 0 0 0 0 0 0 0 0 0 0 0 0.166667 0 0 0 0 0 0 0 0 0.333333 0 0 0.166667 
ATTATTTC 0.25 0.125 0 0.625 0 0 0 0.285714 0 0 0 0 0 0 0 0 0.142857 0.142857 0 0.428571 0 0 0 0 0 0 0 0 0 0 0 0 0 0 0 0.333333 0 0 0 0 0 0 0 0 0 0 0 0 0 0 0 0 0 0 0 0 0 0 0 0 0 0 0 0 0 0 0 0 0 0 0 0.166667 0 0 0 0 0 0 0 0 0.166667 0.166667 0 0.166667 
ATTATTTG 0.25 0 0.125 0.625 0 0 0 0.285714 0 0 0 0 0 0 0 0 0.142857 0 0.142857 0.428571 0 0 0 0 0 0 0 0 0 0 0 0 0 0 0 0.333333 0 0 0 0 0 0 0 0 0 0 0 0 0 0 0 0 0 0 0 0 0 0 0 0 0 0 0 0 0 0 0 0 0 0 0 0.166667 0 0 0 0 0 0 0 0 0.166667 0 0.166667 0.166667 
ATTTAAAA 0.625 0 0 0.375 0.428571 0 0 0.142857 0 0 0 0 0 0 0 0 0.142857 0 0 0.285714 0.333333 0 0 0 0 0 0 0 0 0 0 0 0 0 0 0.166667 0 0 0 0 0 0 0 0 0 0 0 0 0 0 0 0 0 0 0 0 0 0 0 0 0 0 0 0 0 0 0 0 0.166667 0 0 0 0 0 0 0 0 0 0 0 0.166667 0 0 0.166667 
ATTTAAAT 0.5 0 0 0.5 0.285714 0 0 0.285714 0 0 0 0 0 0 0 0 0.142857 0 0 0.285714 0.166667 0 0 0.166667 0 0 0 0 0 0 0 0 0 0 0 0.166667 0 0 0 0 0 0 0 0 0 0 0 0 0 0 0 0 0 0 0 0 0 0 0 0 0 0 0 0 0 0 0 0 0.166667 0 0 0 0 0 0 0 0 0 0 0 0.166667 0 0 0.166667 
ATTTAATA 0.5 0 0 0.5 0.142857 0 0 0.285714 0 0 0 0 0 0 0 0 0.285714 0 0 0.285714 0 0 0 0.166667 0 0 0 0 0 0 0 0 0.166667 0 0 0.166667 0 0 0 0 0 0 0 0 0 0 0 0 0 0 0 0 0 0 0 0 0 0 0 0 0 0 0 0 0 0 0 0 0.166667 0 0 0 0 0 0 0 0 0 0 0 0.166667 0 0 0.166667 
ATTTAATC 0.375 0.125 0 0.5 0.142857 0 0 0.285714 0 0 0 0 0 0 0 0 0.142857 0.142857 0 0.285714 0 0 0 0.166667 0 0 0 0 0 0 0 0 0 0.166667 0 0.166667 0 0 0 0 0 0 0 0 0 0 0 0 0 0 0 0 0 0 0 0 0 0 0 0 0 0 0 0 0 0 0 0 0.166667 0 0 0 0 0 0 0 0 0 0 0 0.166667 0 0 0.166667 
ATTTATTA 0.375 0 0 0.625 0 0 0 0.285714 0 0 0 0 0 0 0 0 0.285714 0 0 0.428571 0 0 0 0 0 0 0 0 0 0 0 0 0 0 0 0.333333 0 0 0 0 0 0 0 0 0 0 0 0 0 0 0 0 0 0 0 0 0 0 0 0 0 0 0 0 0 0 0 0 0 0 0 0.166667 0 0 0 0 0 0 0 0 0.333333 0 0 0.166667 
ATTTATTC 0.25 0.125 0 0.625 0 0 0 0.285714 0 0 0 0 0 0 0 0 0.142857 0.142857 0 0.428571 0 0 0 0 0 0 0 0 0 0 0 0 0 0 0 0.333333 0 0 0 0 0 0 0 0 0 0 0 0 0 0 0 0 0 0 0 0 0 0 0 0 0 0 0 0 0 0 0 0 0 0 0 0.166667 0 0 0 0 0 0 0 0 0.166667 0.166667 0 0.166667 
ATTTTAAA 0.5 0 0 0.5 0.285714 0 0 0.142857 0 0 0 0 0 0 0 0 0.142857 0 0 0.428571 0.166667 0 0 0 0 0 0 0 0 0 0 0 0 0 0 0.166667 0 0 0 0 0 0 0 0 0 0 0 0 0 0 0 0 0 0 0 0 0 0 0 0 0 0 0 0 0 0 0 0 0.166667 0 0 0 0 0 0 0 0 0 0 0 0.166667 0 0 0.333333 
ATTTTCCG 0.125 0.25 0.125 0.5 0 0 0 0.142857 0 0.142857 0.142857 0 0 0 0 0 0 0.142857 0 0.428571 0 0 0 0 0 0 0 0 0 0 0 0 0 0 0 0.166667 0 0 0 0 0 0 0.166667 0 0 0 0 0 0 0 0 0 0 0 0 0 0 0 0 0 0 0 0 0 0 0 0 0 0 0 0 0 0 0.166667 0 0 0 0 0 0 0 0.166667 0 0.333333 
ATTTTTTA 0.25 0 0 0.75 0 0 0 0.142857 0 0 0 0 0 0 0 0 0.142857 0 0 0.714286 0 0 0 0 0 0 0 0 0 0 0 0 0 0 0 0.166667 0 0 0 0 0 0 0 0 0 0 0 0 0 0 0 0 0 0 0 0 0 0 0 0 0 0 0 0 0 0 0 0 0 0 0 0 0 0 0 0 0 0 0 0 0.166667 0 0 0.666667 
ATTTTTTC 0.125 0.125 0 0.75 0 0 0 0.142857 0 0 0 0 0 0 0 0 0 0.142857 0 0.714286 0 0 0 0 0 0 0 0 0 0 0 0 0 0 0 0.166667 0 0 0 0 0 0 0 0 0 0 0 0 0 0 0 0 0 0 0 0 0 0 0 0 0 0 0 0 0 0 0 0 0 0 0 0 0 0 0 0 0 0 0 0 0 0.166667 0 0.666667 
CAAAAATA 0.75 0.125 0 0.125 0.571429 0 0 0.142857 0.142857 0 0 0 0 0 0 0 0.142857 0 0 0 0.5 0 0 0.166667 0 0 0 0 0 0 0 0 0.166667 0 0 0 0.166667 0 0 0 0 0 0 0 0 0 0 0 0 0 0 0 0 0 0 0 0 0 0 0 0 0 0 0 0 0 0 0 0 0 0 0 0 0 0 0 0 0 0 0 0 0 0 0 
CAAAATTA 0.625 0.125 0 0.25 0.428571 0 0 0.142857 0.142857 0 0 0 0 0 0 0 0.142857 0 0 0.142857 0.333333 0 0 0.166667 0 0 0 0 0 0 0 0 0 0 0 0.166667 0.166667 0 0 0 0 0 0 0 0 0 0 0 0 0 0 0 0 0 0 0 0 0 0 0 0 0 0 0 0 0 0 0 0 0 0 0 0 0 0 0 0 0 0 0 0.166667 0 0 0 
CAATAAAA 0.75 0.125 0 0.125 0.571429 0 0 0.142857 0.142857 0 0 0 0 0 0 0 0.142857 0 0 0 0.333333 0 0 0.166667 0 0 0 0 0 0 0 0 0.166667 0 0 0 0.166667 0 0 0 0 0 0 0 0 0 0 0 0 0 0 0 0 0 0 0 0 0 0 0 0 0 0 0 0 0 0 0 0.166667 0 0 0 0 0 0 0 0 0 0 0 0 0 0 0 
GAAAAAAA 0.875 0 0.125 0 0.857143 0 0 0 0 0 0 0 0.142857 0 0 0 0 0 0 0 0.833333 0 0 0 0 0 0 0 0 0 0 0 0 0 0 0 0 0 0 0 0 0 0 0 0 0 0 0 0 0 0 0 0.166667 0 0 0 0 0 0 0 0 0 0 0 0 0 0 0 0 0 0 0 0 0 0 0 0 0 0 0 0 0 0 0 
GAAAAATA 0.75 0 0.125 0.125 0.571429 0 0 0.142857 0 0 0 0 0.142857 0 0 0 0.142857 0 0 0 0.5 0 0 0.166667 0 0 0 0 0 0 0 0 0.166667 0 0 0 0 0 0 0 0 0 0 0 0 0 0 0 0 0 0 0 0.166667 0 0 0 0 0 0 0 0 0 0 0 0 0 0 0 0 0 0 0 0 0 0 0 0 0 0 0 0 0 0 0 
GAAAATAA 0.75 0 0.125 0.125 0.571429 0 0 0.142857 0 0 0 0 0.142857 0 0 0 0.142857 0 0 0 0.333333 0 0 0.166667 0 0 0 0 0 0 0 0 0.166667 0 0 0 0 0 0 0 0 0 0 0 0 0 0 0 0 0 0 0 0.166667 0 0 0 0 0 0 0 0 0 0 0 0 0 0 0 0.166667 0 0 0 0 0 0 0 0 0 0 0 0 0 0 0 
GAAAATTA 0.625 0 0.125 0.25 0.428571 0 0 0.142857 0 0 0 0 0.142857 0 0 0 0.142857 0 0 0.142857 0.333333 0 0 0.166667 0 0 0 0 0 0 0 0 0 0 0 0.166667 0 0 0 0 0 0 0 0 0 0 0 0 0 0 0 0 0.166667 0 0 0 0 0 0 0 0 0 0 0 0 0 0 0 0 0 0 0 0 0 0 0 0 0 0 0 0.166667 0 0 0 
GAAATAAA 0.75 0 0.125 0.125 0.571429 0 0 0.142857 0 0 0 0 0.142857 0 0 0 0.142857 0 0 0 0.333333 0 0 0.166667 0 0 0 0 0 0 0 0 0.166667 0 0 0 0 0 0 0 0 0 0 0 0 0 0 0 0 0 0 0 0.166667 0 0 0 0 0 0 0 0 0 0 0 0 0 0 0 0.166667 0 0 0 0 0 0 0 0 0 0 0 0 0 0 0 
GAAATATA 0.625 0 0.125 0.25 0.285714 0 0 0.285714 0 0 0 0 0.142857 0 0 0 0.285714 0 0 0 0.166667 0 0 0.166667 0 0 0 0 0 0 0 0 0.333333 0 0 0 0 0 0 0 0 0 0 0 0 0 0 0 0 0 0 0 0.166667 0 0 0 0 0 0 0 0 0 0 0 0 0 0 0 0 0 0 0.166667 0 0 0 0 0 0 0 0 0 0 0 0 
GAAATTAA 0.625 0 0.125 0.25 0.428571 0 0 0.142857 0 0 0 0 0.142857 0 0 0 0.142857 0 0 0.142857 0.166667 0 0 0.166667 0 0 0 0 0 0 0 0 0 0 0 0.166667 0 0 0 0 0 0 0 0 0 0 0 0 0 0 0 0 0.166667 0 0 0 0 0 0 0 0 0 0 0 0 0 0 0 0.166667 0 0 0 0 0 0 0 0 0 0 0 0.166667 0 0 0 
GAATAATA 0.625 0 0.125 0.25 0.285714 0 0 0.285714 0 0 0 0 0.142857 0 0 0 0.285714 0 0 0 0 0 0 0.333333 0 0 0 0 0 0 0 0 0.333333 0 0 0 0 0 0 0 0 0 0 0 0 0 0 0 0 0 0 0 0.166667 0 0 0 0 0 0 0 0 0 0 0 0 0 0 0 0.166667 0 0 0 0 0 0 0 0 0 0 0 0 0 0 0 
GAATATTA 0.5 0 0.125 0.375 0.142857 0 0 0.285714 0 0 0 0 0.142857 0 0 0 0.285714 0 0 0.142857 0 0 0 0.166667 0 0 0 0 0 0 0 0 0.166667 0 0 0.166667 0 0 0 0 0 0 0 0 0 0 0 0 0 0 0 0 0.166667 0 0 0 0 0 0 0 0 0 0 0 0 0 0 0 0 0 0 0.166667 0 0 0 0 0 0 0 0 0.166667 0 0 0 
GAATATTC 0.375 0.125 0.125 0.375 0.142857 0 0 0.285714 0 0 0 0 0.142857 0 0 0 0.142857 0.142857 0 0.142857 0 0 0 0.166667 0 0 0 0 0 0 0 0 0.166667 0 0 0.166667 0 0 0 0 0 0 0 0 0 0 0 0 0 0 0 0 0.166667 0 0 0 0 0 0 0 0 0 0 0 0 0 0 0 0 0 0 0.166667 0 0 0 0 0 0 0 0 0 0.166667 0 0 
GATAAATA 0.625 0 0.125 0.25 0.285714 0 0 0.285714 0 0 0 0 0.142857 0 0 0 0.285714 0 0 0 0.166667 0 0 0.166667 0 0 0 0 0 0 0 0 0.333333 0 0 0 0 0 0 0 0 0 0 0 0 0 0 0 0 0 0 0 0 0 0 0.166667 0 0 0 0 0 0 0 0 0 0 0 0 0.166667 0 0 0 0 0 0 0 0 0 0 0 0 0 0 0 
GATAATTA 0.5 0 0.125 0.375 0.142857 0 0 0.285714 0 0 0 0 0.142857 0 0 0 0.285714 0 0 0.142857 0 0 0 0.166667 0 0 0 0 0 0 0 0 0.166667 0 0 0.166667 0 0 0 0 0 0 0 0 0 0 0 0 0 0 0 0 0 0 0 0.166667 0 0 0 0 0 0 0 0 0 0 0 0 0.166667 0 0 0 0 0 0 0 0 0 0 0 0.166667 0 0 0 
GATATTTA 0.375 0 0.125 0.5 0 0 0 0.285714 0 0 0 0 0.142857 0 0 0 0.285714 0 0 0.285714 0 0 0 0 0 0 0 0 0 0 0 0 0.166667 0 0 0.166667 0 0 0 0 0 0 0 0 0 0 0 0 0 0 0 0 0 0 0 0.166667 0 0 0 0 0 0 0 0 0 0 0 0 0 0 0 0.166667 0 0 0 0 0 0 0 0 0.166667 0 0 0.166667 
GGAAAATA 0.625 0 0.25 0.125 0.428571 0 0 0.142857 0 0 0 0 0.142857 0 0.142857 0 0.142857 0 0 0 0.333333 0 0 0.166667 0 0 0 0 0 0 0 0 0.166667 0 0 0 0 0 0 0 0 0 0 0 0 0 0 0 0 0 0 0 0.166667 0 0 0 0 0 0 0 0.166667 0 0 0 0 0 0 0 0 0 0 0 0 0 0 0 0 0 0 0 0 0 0 0 
GGAAATTA 0.5 0 0.25 0.25 0.285714 0 0 0.142857 0 0 0 0 0.142857 0 0.142857 0 0.142857 0 0 0.142857 0.166667 0 0 0.166667 0 0 0 0 0 0 0 0 0 0 0 0.166667 0 0 0 0 0 0 0 0 0 0 0 0 0 0 0 0 0.166667 0 0 0 0 0 0 0 0.166667 0 0 0 0 0 0 0 0 0 0 0 0 0 0 0 0 0 0 0 0.166667 0 0 0 
GTTAAATA 0.5 0 0.125 0.375 0.285714 0 0 0.142857 0 0 0 0 0 0 0 0.142857 0.285714 0 0 0.142857 0.166667 0 0 0.166667 0 0 0 0 0 0 0 0 0.166667 0 0 0 0 0 0 0 0 0 0 0 0 0 0 0 0 0 0 0 0 0 0 0 0 0 0 0 0 0 0 0 0 0 0 0.166667 0.166667 0 0 0 0 0 0 0 0 0 0 0 0.166667 0 0 0 
TAAAAAAA 0.875 0 0 0.125 0.857143 0 0 0 0 0 0 0 0 0 0 0 0.142857 0 0 0 0.833333 0 0 0 0 0 0 0 0 0 0 0 0 0 0 0 0 0 0 0 0 0 0 0 0 0 0 0 0 0 0 0 0 0 0 0 0 0 0 0 0 0 0 0 0 0 0 0 0.166667 0 0 0 0 0 0 0 0 0 0 0 0 0 0 0 
TAAAAATA 0.75 0 0 0.25 0.571429 0 0 0.142857 0 0 0 0 0 0 0 0 0.285714 0 0 0 0.5 0 0 0.166667 0 0 0 0 0 0 0 0 0.166667 0 0 0 0 0 0 0 0 0 0 0 0 0 0 0 0 0 0 0 0 0 0 0 0 0 0 0 0 0 0 0 0 0 0 0 0.166667 0 0 0 0 0 0 0 0 0 0 0 0 0 0 0 
TAAAATAA 0.75 0 0 0.25 0.571429 0 0 0.142857 0 0 0 0 0 0 0 0 0.285714 0 0 0 0.333333 0 0 0.166667 0 0 0 0 0 0 0 0 0.166667 0 0 0 0 0 0 0 0 0 0 0 0 0 0 0 0 0 0 0 0 0 0 0 0 0 0 0 0 0 0 0 0 0 0 0 0.333333 0 0 0 0 0 0 0 0 0 0 0 0 0 0 0 
TAAAATTA 0.625 0 0 0.375 0.428571 0 0 0.142857 0 0 0 0 0 0 0 0 0.285714 0 0 0.142857 0.333333 0 0 0.166667 0 0 0 0 0 0 0 0 0 0 0 0.166667 0 0 0 0 0 0 0 0 0 0 0 0 0 0 0 0 0 0 0 0 0 0 0 0 0 0 0 0 0 0 0 0 0.166667 0 0 0 0 0 0 0 0 0 0 0 0.166667 0 0 0 
TAAATAAA 0.75 0 0 0.25 0.571429 0 0 0.142857 0 0 0 0 0 0 0 0 0.285714 0 0 0 0.333333 0 0 0.166667 0 0 0 0 0 0 0 0 0.166667 0 0 0 0 0 0 0 0 0 0 0 0 0 0 0 0 0 0 0 0 0 0 0 0 0 0 0 0 0 0 0 0 0 0 0 0.333333 0 0 0 0 0 0 0 0 0 0 0 0 0 0 0 
TAAATATA 0.625 0 0 0.375 0.285714 0 0 0.285714 0 0 0 0 0 0 0 0 0.428571 0 0 0 0.166667 0 0 0.166667 0 0 0 0 0 0 0 0 0.333333 0 0 0 0 0 0 0 0 0 0 0 0 0 0 0 0 0 0 0 0 0 0 0 0 0 0 0 0 0 0 0 0 0 0 0 0.166667 0 0 0.166667 0 0 0 0 0 0 0 0 0 0 0 0 
TAAATTAA 0.625 0 0 0.375 0.428571 0 0 0.142857 0 0 0 0 0 0 0 0 0.285714 0 0 0.142857 0.166667 0 0 0.166667 0 0 0 0 0 0 0 0 0 0 0 0.166667 0 0 0 0 0 0 0 0 0 0 0 0 0 0 0 0 0 0 0 0 0 0 0 0 0 0 0 0 0 0 0 0 0.333333 0 0 0 0 0 0 0 0 0 0 0 0.166667 0 0 0 
TAAATTTA 0.5 0 0 0.5 0.285714 0 0 0.142857 0 0 0 0 0 0 0 0 0.285714 0 0 0.285714 0.166667 0 0 0.166667 0 0 0 0 0 0 0 0 0 0 0 0.166667 0 0 0 0 0 0 0 0 0 0 0 0 0 0 0 0 0 0 0 0 0 0 0 0 0 0 0 0 0 0 0 0 0.166667 0 0 0 0 0 0 0 0 0 0 0 0.166667 0 0 0.166667 
TAATAAAA 0.75 0 0 0.25 0.571429 0 0 0.142857 0 0 0 0 0 0 0 0 0.285714 0 0 0 0.333333 0 0 0.166667 0 0 0 0 0 0 0 0 0.166667 0 0 0 0 0 0 0 0 0 0 0 0 0 0 0 0 0 0 0 0 0 0 0 0 0 0 0 0 0 0 0 0 0 0 0 0.333333 0 0 0 0 0 0 0 0 0 0 0 0 0 0 0 
TAATAATA 0.625 0 0 0.375 0.285714 0 0 0.285714 0 0 0 0 0 0 0 0 0.428571 0 0 0 0 0 0 0.333333 0 0 0 0 0 0 0 0 0.333333 0 0 0 0 0 0 0 0 0 0 0 0 0 0 0 0 0 0 0 0 0 0 0 0 0 0 0 0 0 0 0 0 0 0 0 0.333333 0 0 0 0 0 0 0 0 0 0 0 0 0 0 0 
TAATATTA 0.5 0 0 0.5 0.142857 0 0 0.285714 0 0 0 0 0 0 0 0 0.428571 0 0 0.142857 0 0 0 0.166667 0 0 0 0 0 0 0 0 0.166667 0 0 0.166667 0 0 0 0 0 0 0 0 0 0 0 0 0 0 0 0 0 0 0 0 0 0 0 0 0 0 0 0 0 0 0 0 0.166667 0 0 0.166667 0 0 0 0 0 0 0 0 0.166667 0 0 0 
TAATTAAA 0.625 0 0 0.375 0.428571 0 0 0.142857 0 0 0 0 0 0 0 0 0.285714 0 0 0.142857 0.166667 0 0 0.166667 0 0 0 0 0 0 0 0 0 0 0 0.166667 0 0 0 0 0 0 0 0 0 0 0 0 0 0 0 0 0 0 0 0 0 0 0 0 0 0 0 0 0 0 0 0 0.333333 0 0 0 0 0 0 0 0 0 0 0 0.166667 0 0 0 
TAATTATA 0.5 0 0 0.5 0.142857 0 0 0.285714 0 0 0 0 0 0 0 0 0.428571 0 0 0.142857 0 0 0 0.166667 0 0 0 0 0 0 0 0 0.166667 0 0 0.166667 0 0 0 0 0 0 0 0 0 0 0 0 0 0 0 0 0 0 0 0 0 0 0 0 0 0 0 0 0 0 0 0 0.166667 0 0 0.166667 0 0 0 0 0 0 0 0 0.166667 0 0 0 
TAATTTAA 0.5 0 0 0.5 0.285714 0 0 0.142857 0 0 0 0 0 0 0 0 0.285714 0 0 0.285714 0 0 0 0.166667 0 0 0 0 0 0 0 0 0 0 0 0.166667 0 0 0 0 0 0 0 0 0 0 0 0 0 0 0 0 0 0 0 0 0 0 0 0 0 0 0 0 0 0 0 0 0.333333 0 0 0 0 0 0 0 0 0 0 0 0.166667 0 0 0.166667 
TATAAATA 0.625 0 0 0.375 0.285714 0 0 0.285714 0 0 0 0 0 0 0 0 0.428571 0 0 0 0.166667 0 0 0.166667 0 0 0 0 0 0 0 0 0.333333 0 0 0 0 0 0 0 0 0 0 0 0 0 0 0 0 0 0 0 0 0 0 0 0 0 0 0 0 0 0 0 0 0 0 0 0.166667 0 0 0.166667 0 0 0 0 0 0 0 0 0 0 0 0 
TATTAATA 0.5 0 0 0.5 0.142857 0 0 0.285714 0 0 0 0 0 0 0 0 0.428571 0 0 0.142857 0 0 0 0.166667 0 0 0 0 0 0 0 0 0.166667 0 0 0.166667 0 0 0 0 0 0 0 0 0 0 0 0 0 0 0 0 0 0 0 0 0 0 0 0 0 0 0 0 0 0 0 0 0.166667 0 0 0.166667 0 0 0 0 0 0 0 0 0.166667 0 0 0 
TATTTAAA 0.5 0 0 0.5 0.285714 0 0 0.142857 0 0 0 0 0 0 0 0 0.285714 0 0 0.285714 0.166667 0 0 0 0 0 0 0 0 0 0 0 0 0 0 0.166667 0 0 0 0 0 0 0 0 0 0 0 0 0 0 0 0 0 0 0 0 0 0 0 0 0 0 0 0 0 0 0 0 0.166667 0 0 0.166667 0 0 0 0 0 0 0 0 0.166667 0 0 0.166667 
TATTTTAA 0.375 0 0 0.625 0.142857 0 0 0.142857 0 0 0 0 0 0 0 0 0.285714 0 0 0.428571 0 0 0 0 0 0 0 0 0 0 0 0 0 0 0 0.166667 0 0 0 0 0 0 0 0 0 0 0 0 0 0 0 0 0 0 0 0 0 0 0 0 0 0 0 0 0 0 0 0 0.166667 0 0 0.166667 0 0 0 0 0 0 0 0 0.166667 0 0 0.333333 
TTAAATAA 0.625 0 0 0.375 0.428571 0 0 0.142857 0 0 0 0 0 0 0 0 0.285714 0 0 0.142857 0.166667 0 0 0.166667 0 0 0 0 0 0 0 0 0.166667 0 0 0 0 0 0 0 0 0 0 0 0 0 0 0 0 0 0 0 0 0 0 0 0 0 0 0 0 0 0 0 0 0 0 0 0.333333 0 0 0 0 0 0 0 0 0 0 0 0.166667 0 0 0 
TTAATAAA 0.625 0 0 0.375 0.428571 0 0 0.142857 0 0 0 0 0 0 0 0 0.285714 0 0 0.142857 0.166667 0 0 0.166667 0 0 0 0 0 0 0 0 0.166667 0 0 0 0 0 0 0 0 0 0 0 0 0 0 0 0 0 0 0 0 0 0 0 0 0 0 0 0 0 0 0 0 0 0 0 0.333333 0 0 0 0 0 0 0 0 0 0 0 0.166667 0 0 0 
TTAATTAA 0.5 0 0 0.5 0.285714 0 0 0.142857 0 0 0 0 0 0 0 0 0.285714 0 0 0.285714 0 0 0 0.166667 0 0 0 0 0 0 0 0 0 0 0 0.166667 0 0 0 0 0 0 0 0 0 0 0 0 0 0 0 0 0 0 0 0 0 0 0 0 0 0 0 0 0 0 0 0 0.333333 0 0 0 0 0 0 0 0 0 0 0 0.333333 0 0 0 
TTATTAAA 0.5 0 0 0.5 0.285714 0 0 0.142857 0 0 0 0 0 0 0 0 0.285714 0 0 0.285714 0.166667 0 0 0 0 0 0 0 0 0 0 0 0 0 0 0.166667 0 0 0 0 0 0 0 0 0 0 0 0 0 0 0 0 0 0 0 0 0 0 0 0 0 0 0 0 0 0 0 0 0.166667 0 0 0.166667 0 0 0 0 0 0 0 0 0.333333 0 0 0 
