AAAAAAAA 1 0 0 0 0 0 0 0 0 0 0 0 0 0 0 0 1 0 0 0 0 0 0 0 0 0 0 0 0 0 0 0 1 0 0 0 0 0 0 0 0 0 0 0 0 0 0 0 1 0 0 0 0 0 0 0 0 0 0 0 0 0 0 0 
AAAAAAAT 0.833333 0 0 0.166667 0 0 0 0 0 0 0 0 0 0 0 0 0.8 0 0 0.2 0 0 0 0 0 0 0 0 0 0 0 0 0.75 0 0 0.25 0 0 0 0 0 0 0 0 0 0 0 0 0.666667 0 0 0.333333 0 0 0 0 0 0 0 0 0 0 0 0 
AAAAAATA 0.833333 0 0 0.166667 0 0 0 0 0 0 0 0 0 0 0 0 0.8 0 0 0.2 0 0 0 0 0 0 0 0 0 0 0 0 0.75 0 0 0.25 0 0 0 0 0 0 0 0 0 0 0 0 0.666667 0 0 0.333333 0 0 0 0 0 0 0 0 0 0 0 0 
AAAAAATC 0.666667 0.166667 0 0.166667 0 0 0 0 0 0 0 0 0 0 0 0 0.6 0.2 0 0.2 0 0 0 0 0 0 0 0 0 0 0 0 0.5 0.25 0 0.25 0 0 0 0 0 0 0 0 0 0 0 0 0.333333 0.333333 0 0.333333 0 0 0 0 0 0 0 0 0 0 0 0 
AAAAAATT 0.666667 0 0 0.333333 0 0 0 0 0 0 0 0 0 0 0 0 0.6 0 0 0.4 0 0 0 0 0 0 0 0 0 0 0 0 0.5 0 0 0.5 0 0 0 0 0 0 0 0 0 0 0 0 0.333333 0 0 0.666667 0 0 0 0 0 0 0 0 0 0 0 0 
AAAAATAA 0.666667 0 0 0.166667 0 0 0 0 0 0 0 0 0.166667 0 0 0 0.8 0 0 0.2 0 0 0 0 0 0 0 0 0 0 0 0 0.75 0 0 0.25 0 0 0 0 0 0 0 0 0 0 0 0 0.666667 0 0 0.333333 0 0 0 0 0 0 0 0 0 0 0 0 
AAAAATAC 0.666667 0 0 0.166667 0 0 0 0 0 0 0 0 0 0.166667 0 0 0.6 0.2 0 0.2 0 0 0 0 0 0 0 0 0 0 0 0 0.5 0.25 0 0.25 0 0 0 0 0 0 0 0 0 0 0 0 0.333333 0.333333 0 0.333333 0 0 0 0 0 0 0 0 0 0 0 0 
AAAAATAG 0.666667 0 0 0.166667 0 0 0 0 0 0 0 0 0 0 0.166667 0 0.6 0 0.2 0.2 0 0 0 0 0 0 0 0 0 0 0 0 0.5 0 0.25 0.25 0 0 0 0 0 0 0 0 0 0 0 0 0.333333 0 0.333333 0.333333 0 0 0 0 0 0 0 0 0 0 0 0 
AAAAATAT 0.666667 0 0 0.166667 0 0 0 0 0 0 0 0 0 0 0 0.166667 0.6 0 0 0.4 0 0 0 0 0 0 0 0 0 0 0 0 0.5 0 0 0.5 0 0 0 0 0 0 0 0 0 0 0 0 0.333333 0 0 0.666667 0 0 0 0 0 0 0 0 0 0 0 0 
AAAAATCA 0.5 0.166667 0 0.166667 0 0 0 0 0 0 0 0 0.166667 0 0 0 0.6 0.2 0 0.2 0 0 0 0 0 0 0 0 0 0 0 0 0.5 0.25 0 0.25 0 0 0 0 0 0 0 0 0 0 0 0 0.333333 0.333333 0 0.333333 0 0 0 0 0 0 0 0 0 0 0 0 
AAAAATTA 0.5 0 0 0.333333 0 0 0 0 0 0 0 0 0.166667 0 0 0 0.6 0 0 0.4 0 0 0 0 0 0 0 0 0 0 0 0 0.5 0 0 0.5 0 0 0 0 0 0 0 0 0 0 0 0 0.333333 0 0 0.666667 0 0 0 0 0 0 0 0 0 0 0 0 
AAAAATTC 0.5 0 0 0.333333 0 0 0 0 0 0 0 0 0 0.166667 0 0 0.4 0.2 0 0.4 0 0 0 0 0 0 0 0 0 0 0 0 0.25 0.25 0 0.5 0 0 0 0 0 0 0 0 0 0 0 0 0 0.333333 0 0.666667 0 0 0 0 0 0 0 0 0 0 0 0 
AAAAATTG 0.5 0 0 0.333333 0 0 0 0 0 0 0 0 0 0 0.166667 0 0.4 0 0.2 0.4 0 0 0 0 0 0 0 0 0 0 0 0 0.25 0 0.25 0.5 0 0 0 0 0 0 0 0 0 0 0 0 0 0 0.333333 0.666667 0 0 0 0 0 0 0 0 0 0 0 0 
AAAAATTT 0.5 0 0 0.333333 0 0 0 0 0 0 0 0 0 0 0 0.166667 0.4 0 0 0.6 0 0 0 0 0 0 0 0 0 0 0 0 0.25 0 0 0.75 0 0 0 0 0 0 0 0 0 0 0 0 0 0 0 1 0 0 0 0 0 0 0 0 0 0 0 0 
AAAATAAA 0.666667 0 0 0.166667 0 0 0 0 0 0 0 0 0.166667 0 0 0 0.6 0 0 0.2 0 0 0 0 0 0 0 0 0.2 0 0 0 0.75 0 0 0.25 0 0 0 0 0 0 0 0 0 0 0 0 1 0 0 0 0 0 0 0 0 0 0 0 0 0 0 0 
AAAATAAT 0.5 0 0 0.333333 0 0 0 0 0 0 0 0 0.166667 0 0 0 0.6 0 0 0.2 0 0 0 0 0 0 0 0 0 0 0 0.2 0.5 0 0 0.5 0 0 0 0 0 0 0 0 0 0 0 0 0.666667 0 0 0.333333 0 0 0 0 0 0 0 0 0 0 0 0 
AAAATATA 0.666667 0 0 0.166667 0 0 0 0 0 0 0 0 0 0 0 0.166667 0.4 0 0 0.4 0 0 0 0 0 0 0 0 0.2 0 0 0 0.5 0 0 0.5 0 0 0 0 0 0 0 0 0 0 0 0 0.666667 0 0 0.333333 0 0 0 0 0 0 0 0 0 0 0 0 
AAAATATC 0.5 0.166667 0 0.166667 0 0 0 0 0 0 0 0 0 0 0 0.166667 0.4 0 0 0.4 0 0 0 0 0 0 0 0 0 0.2 0 0 0.25 0.25 0 0.5 0 0 0 0 0 0 0 0 0 0 0 0 0.333333 0.333333 0 0.333333 0 0 0 0 0 0 0 0 0 0 0 0 
AAAATATT 0.5 0 0 0.333333 0 0 0 0 0 0 0 0 0 0 0 0.166667 0.4 0 0 0.4 0 0 0 0 0 0 0 0 0 0 0 0.2 0.25 0 0 0.75 0 0 0 0 0 0 0 0 0 0 0 0 0.333333 0 0 0.666667 0 0 0 0 0 0 0 0 0 0 0 0 
AAAATTAA 0.333333 0 0 0.333333 0 0 0 0 0 0 0 0 0.333333 0 0 0 0.4 0 0 0.4 0 0 0 0 0 0 0 0 0.2 0 0 0 0.5 0 0 0.5 0 0 0 0 0 0 0 0 0 0 0 0 0.666667 0 0 0.333333 0 0 0 0 0 0 0 0 0 0 0 0 
AAAATTAC 0.333333 0 0 0.333333 0 0 0 0 0 0 0 0 0.166667 0.166667 0 0 0.4 0 0 0.4 0 0 0 0 0 0 0 0 0 0.2 0 0 0.25 0.25 0 0.5 0 0 0 0 0 0 0 0 0 0 0 0 0.333333 0.333333 0 0.333333 0 0 0 0 0 0 0 0 0 0 0 0 
AAAATTAT 0.333333 0 0 0.333333 0 0 0 0 0 0 0 0 0.166667 0 0 0.166667 0.4 0 0 0.4 0 0 0 0 0 0 0 0 0 0 0 0.2 0.25 0 0 0.75 0 0 0 0 0 0 0 0 0 0 0 0 0.333333 0 0 0.666667 0 0 0 0 0 0 0 0 0 0 0 0 
AAAATTCG 0.333333 0 0 0.333333 0 0 0 0 0 0 0 0 0 0.166667 0.166667 0 0.2 0.2 0 0.4 0 0 0 0 0 0 0 0 0 0 0.2 0 0 0.25 0.25 0.5 0 0 0 0 0 0 0 0 0 0 0 0 0 0.333333 0.333333 0.333333 0 0 0 0 0 0 0 0 0 0 0 0 
AAAATTCT 0.333333 0 0 0.333333 0 0 0 0 0 0 0 0 0 0.166667 0 0.166667 0.2 0.2 0 0.4 0 0 0 0 0 0 0 0 0 0 0 0.2 0 0.25 0 0.75 0 0 0 0 0 0 0 0 0 0 0 0 0 0.333333 0 0.666667 0 0 0 0 0 0 0 0 0 0 0 0 
AAAATTTA 0.333333 0 0 0.333333 0 0 0 0 0 0 0 0 0.166667 0 0 0.166667 0.2 0 0 0.6 0 0 0 0 0 0 0 0 0.2 0 0 0 0.25 0 0 0.75 0 0 0 0 0 0 0 0 0 0 0 0 0.333333 0 0 0.666667 0 0 0 0 0 0 0 0 0 0 0 0 
AAAATTTC 0.333333 0 0 0.333333 0 0 0 0 0 0 0 0 0 0.166667 0 0.166667 0.2 0 0 0.6 0 0 0 0 0 0 0 0 0 0.2 0 0 0 0.25 0 0.75 0 0 0 0 0 0 0 0 0 0 0 0 0 0.333333 0 0.666667 0 0 0 0 0 0 0 0 0 0 0 0 
AAAATTTT 0.333333 0 0 0.333333 0 0 0 0 0 0 0 0 0 0 0 0.333333 0.2 0 0 0.6 0 0 0 0 0 0 0 0 0 0 0 0.2 0 0 0 1 0 0 0 0 0 0 0 0 0 0 0 0 0 0 0 1 0 0 0 0 0 0 0 0 0 0 0 0 
AAATAAAA 0.666667 0 0 0.166667 0 0 0 0 0 0 0 0 0.166667 0 0 0 0.6 0 0 0.2 0 0 0 0 0 0 0 0 0.2 0 0 0 0.75 0 0 0 0 0 0 0 0 0 0 0 0.25 0 0 0 1 0 0 0 0 0 0 0 0 0 0 0 0 0 0 0 
AAATAAAT 0.5 0 0 0.333333 0 0 0 0 0 0 0 0 0.166667 0 0 0 0.4 0 0 0.4 0 0 0 0 0 0 0 0 0.2 0 0 0 0.75 0 0 0 0 0 0 0 0 0 0 0 0 0 0 0.25 0.666667 0 0 0.333333 0 0 0 0 0 0 0 0 0 0 0 0 
AAATAATA 0.5 0 0 0.333333 0 0 0 0 0 0 0 0 0.166667 0 0 0 0.6 0 0 0.2 0 0 0 0 0 0 0 0 0 0 0 0.2 0.5 0 0 0.25 0 0 0 0 0 0 0 0 0.25 0 0 0 0.666667 0 0 0.333333 0 0 0 0 0 0 0 0 0 0 0 0 
AAATAATC 0.333333 0.166667 0 0.333333 0 0 0 0 0 0 0 0 0.166667 0 0 0 0.4 0.2 0 0.2 0 0 0 0 0 0 0 0 0 0 0 0.2 0.5 0 0 0.25 0 0 0 0 0 0 0 0 0 0.25 0 0 0.333333 0.333333 0 0.333333 0 0 0 0 0 0 0 0 0 0 0 0 
AAATAATT 0.333333 0 0 0.5 0 0 0 0 0 0 0 0 0.166667 0 0 0 0.4 0 0 0.4 0 0 0 0 0 0 0 0 0 0 0 0.2 0.5 0 0 0.25 0 0 0 0 0 0 0 0 0 0 0 0.25 0.333333 0 0 0.666667 0 0 0 0 0 0 0 0 0 0 0 0 
AAATATAT 0.5 0 0 0.166667 0 0 0 0 0 0 0 0 0 0 0 0.333333 0.2 0 0 0.6 0 0 0 0 0 0 0 0 0.2 0 0 0 0.5 0 0 0.25 0 0 0 0 0 0 0 0 0 0 0 0.25 0.333333 0 0 0.666667 0 0 0 0 0 0 0 0 0 0 0 0 
AAATATTA 0.333333 0 0 0.333333 0 0 0 0 0 0 0 0 0.166667 0 0 0.166667 0.4 0 0 0.4 0 0 0 0 0 0 0 0 0 0 0 0.2 0.25 0 0 0.5 0 0 0 0 0 0 0 0 0.25 0 0 0 0.333333 0 0 0.666667 0 0 0 0 0 0 0 0 0 0 0 0 
AAATATTC 0.333333 0 0 0.333333 0 0 0 0 0 0 0 0 0 0.166667 0 0.166667 0.2 0.2 0 0.4 0 0 0 0 0 0 0 0 0 0 0 0.2 0.25 0 0 0.5 0 0 0 0 0 0 0 0 0 0.25 0 0 0 0.333333 0 0.666667 0 0 0 0 0 0 0 0 0 0 0 0 
AAATATTT 0.333333 0 0 0.333333 0 0 0 0 0 0 0 0 0 0 0 0.333333 0.2 0 0 0.6 0 0 0 0 0 0 0 0 0 0 0 0.2 0.25 0 0 0.5 0 0 0 0 0 0 0 0 0 0 0 0.25 0 0 0 1 0 0 0 0 0 0 0 0 0 0 0 0 
AAATTAAA 0.333333 0 0 0.333333 0 0 0 0 0 0 0 0 0.333333 0 0 0 0.2 0 0 0.4 0 0 0 0 0 0 0 0 0.4 0 0 0 0.5 0 0 0.25 0 0 0 0 0 0 0 0 0.25 0 0 0 1 0 0 0 0 0 0 0 0 0 0 0 0 0 0 0 
AAATTAAC 0.166667 0.166667 0 0.333333 0 0 0 0 0 0 0 0 0.333333 0 0 0 0.2 0 0 0.4 0 0 0 0 0 0 0 0 0.2 0.2 0 0 0.5 0 0 0.25 0 0 0 0 0 0 0 0 0 0.25 0 0 0.666667 0.333333 0 0 0 0 0 0 0 0 0 0 0 0 0 0 
AAATTAAT 0.166667 0 0 0.5 0 0 0 0 0 0 0 0 0.333333 0 0 0 0.2 0 0 0.4 0 0 0 0 0 0 0 0 0.2 0 0 0.2 0.5 0 0 0.25 0 0 0 0 0 0 0 0 0 0 0 0.25 0.666667 0 0 0.333333 0 0 0 0 0 0 0 0 0 0 0 0 
AAATTATA 0.333333 0 0 0.333333 0 0 0 0 0 0 0 0 0.166667 0 0 0.166667 0.2 0 0 0.4 0 0 0 0 0 0 0 0 0.2 0 0 0.2 0.25 0 0 0.5 0 0 0 0 0 0 0 0 0.25 0 0 0 0.666667 0 0 0.333333 0 0 0 0 0 0 0 0 0 0 0 0 
AAATTATC 0.166667 0.166667 0 0.333333 0 0 0 0 0 0 0 0 0.166667 0 0 0.166667 0.2 0 0 0.4 0 0 0 0 0 0 0 0 0 0.2 0 0.2 0.25 0 0 0.5 0 0 0 0 0 0 0 0 0 0.25 0 0 0.333333 0.333333 0 0.333333 0 0 0 0 0 0 0 0 0 0 0 0 
AAATTATG 0.166667 0 0.166667 0.333333 0 0 0 0 0 0 0 0 0.166667 0 0 0.166667 0.2 0 0 0.4 0 0 0 0 0 0 0 0 0 0 0.2 0.2 0.25 0 0 0.5 0 0 0 0 0 0 0 0 0 0 0.25 0 0.333333 0 0.333333 0.333333 0 0 0 0 0 0 0 0 0 0 0 0 
AAATTATT 0.166667 0 0 0.5 0 0 0 0 0 0 0 0 0.166667 0 0 0.166667 0.2 0 0 0.4 0 0 0 0 0 0 0 0 0 0 0 0.4 0.25 0 0 0.5 0 0 0 0 0 0 0 0 0 0 0 0.25 0.333333 0 0 0.666667 0 0 0 0 0 0 0 0 0 0 0 0 
AAATTTAA 0.166667 0 0 0.333333 0 0 0 0 0 0 0 0 0.333333 0 0 0.166667 0 0 0 0.6 0 0 0 0 0 0 0 0 0.4 0 0 0 0.25 0 0 0.5 0 0 0 0 0 0 0 0 0.25 0 0 0 0.666667 0 0 0.333333 0 0 0 0 0 0 0 0 0 0 0 0 
AAATTTAT 0.166667 0 0 0.333333 0 0 0 0 0 0 0 0 0.166667 0 0 0.333333 0 0 0 0.6 0 0 0 0 0 0 0 0 0.2 0 0 0.2 0.25 0 0 0.5 0 0 0 0 0 0 0 0 0 0 0 0.25 0.333333 0 0 0.666667 0 0 0 0 0 0 0 0 0 0 0 0 
AAATTTCT 0.166667 0 0 0.333333 0 0 0 0 0 0 0 0 0 0.166667 0 0.333333 0 0 0 0.6 0 0 0 0 0 0 0 0 0 0.2 0 0.2 0 0.25 0 0.5 0 0 0 0 0 0 0 0 0 0 0 0.25 0 0.333333 0 0.666667 0 0 0 0 0 0 0 0 0 0 0 0 
AAATTTTA 0.166667 0 0 0.333333 0 0 0 0 0 0 0 0 0.166667 0 0 0.333333 0 0 0 0.6 0 0 0 0 0 0 0 0 0.2 0 0 0.2 0 0 0 0.75 0 0 0 0 0 0 0 0 0.25 0 0 0 0.333333 0 0 0.666667 0 0 0 0 0 0 0 0 0 0 0 0 
AAATTTTC 0.166667 0 0 0.333333 0 0 0 0 0 0 0 0 0 0.166667 0 0.333333 0 0 0 0.6 0 0 0 0 0 0 0 0 0 0.2 0 0.2 0 0 0 0.75 0 0 0 0 0 0 0 0 0 0.25 0 0 0 0.333333 0 0.666667 0 0 0 0 0 0 0 0 0 0 0 0 
AAATTTTG 0.166667 0 0 0.333333 0 0 0 0 0 0 0 0 0 0 0.166667 0.333333 0 0 0 0.6 0 0 0 0 0 0 0 0 0 0 0.2 0.2 0 0 0 0.75 0 0 0 0 0 0 0 0 0 0 0.25 0 0 0 0.333333 0.666667 0 0 0 0 0 0 0 0 0 0 0 0 
AAGAAATT 0.333333 0 0.166667 0.333333 0 0 0 0 0.166667 0 0 0 0 0 0 0 0.4 0 0 0.4 0 0 0 0 0.2 0 0 0 0 0 0 0 0.5 0 0 0.25 0 0 0 0 0 0 0 0.25 0 0 0 0 0.333333 0 0 0.333333 0 0 0 0 0 0 0 0.333333 0 0 0 0 
AATAAAAA 0.666667 0 0 0.166667 0 0 0 0 0 0 0 0 0.166667 0 0 0 0.8 0 0 0 0 0 0 0 0 0 0 0 0.2 0 0 0 0.75 0 0 0 0 0 0 0 0 0 0 0 0.25 0 0 0 0.666667 0 0 0 0 0 0 0 0 0 0 0 0.333333 0 0 0 
AATAAAAT 0.5 0 0 0.333333 0 0 0 0 0 0 0 0 0.166667 0 0 0 0.6 0 0 0.2 0 0 0 0 0 0 0 0 0.2 0 0 0 0.5 0 0 0.25 0 0 0 0 0 0 0 0 0.25 0 0 0 0.666667 0 0 0 0 0 0 0 0 0 0 0 0 0 0 0.333333 
AATAAATA 0.5 0 0 0.333333 0 0 0 0 0 0 0 0 0.166667 0 0 0 0.6 0 0 0.2 0 0 0 0 0 0 0 0 0.2 0 0 0 0.75 0 0 0 0 0 0 0 0 0 0 0 0 0 0 0.25 0.333333 0 0 0.333333 0 0 0 0 0 0 0 0 0.333333 0 0 0 
AATAAATC 0.333333 0.166667 0 0.333333 0 0 0 0 0 0 0 0 0.166667 0 0 0 0.4 0.2 0 0.2 0 0 0 0 0 0 0 0 0.2 0 0 0 0.5 0.25 0 0 0 0 0 0 0 0 0 0 0 0 0 0.25 0.333333 0 0 0.333333 0 0 0 0 0 0 0 0 0 0.333333 0 0 
AATAAATT 0.333333 0 0 0.5 0 0 0 0 0 0 0 0 0.166667 0 0 0 0.4 0 0 0.4 0 0 0 0 0 0 0 0 0.2 0 0 0 0.5 0 0 0.25 0 0 0 0 0 0 0 0 0 0 0 0.25 0.333333 0 0 0.333333 0 0 0 0 0 0 0 0 0 0 0 0.333333 
AATAATAA 0.333333 0 0 0.333333 0 0 0 0 0 0 0 0 0.333333 0 0 0 0.8 0 0 0 0 0 0 0 0 0 0 0 0 0 0 0.2 0.5 0 0 0.25 0 0 0 0 0 0 0 0 0.25 0 0 0 0.333333 0 0 0.333333 0 0 0 0 0 0 0 0 0.333333 0 0 0 
AATAATAT 0.333333 0 0 0.333333 0 0 0 0 0 0 0 0 0.166667 0 0 0.166667 0.6 0 0 0.2 0 0 0 0 0 0 0 0 0 0 0 0.2 0.25 0 0 0.5 0 0 0 0 0 0 0 0 0.25 0 0 0 0.333333 0 0 0.333333 0 0 0 0 0 0 0 0 0 0 0 0.333333 
AATAATTA 0.166667 0 0 0.5 0 0 0 0 0 0 0 0 0.333333 0 0 0 0.6 0 0 0.2 0 0 0 0 0 0 0 0 0 0 0 0.2 0.5 0 0 0.25 0 0 0 0 0 0 0 0 0 0 0 0.25 0 0 0 0.666667 0 0 0 0 0 0 0 0 0.333333 0 0 0 
AATAATTC 0.166667 0 0 0.5 0 0 0 0 0 0 0 0 0.166667 0.166667 0 0 0.4 0.2 0 0.2 0 0 0 0 0 0 0 0 0 0 0 0.2 0.25 0.25 0 0.25 0 0 0 0 0 0 0 0 0 0 0 0.25 0 0 0 0.666667 0 0 0 0 0 0 0 0 0 0.333333 0 0 
AATAATTG 0.166667 0 0 0.5 0 0 0 0 0 0 0 0 0.166667 0 0.166667 0 0.4 0 0.2 0.2 0 0 0 0 0 0 0 0 0 0 0 0.2 0.25 0 0.25 0.25 0 0 0 0 0 0 0 0 0 0 0 0.25 0 0 0 0.666667 0 0 0 0 0 0 0 0 0 0 0.333333 0 
AATATAAT 0.333333 0 0 0.333333 0 0 0 0 0 0 0 0 0.166667 0 0 0.166667 0.4 0 0 0.2 0 0 0 0 0 0 0 0 0.2 0 0 0.2 0.25 0 0 0.5 0 0 0 0 0 0 0 0 0.25 0 0 0 0.666667 0 0 0 0 0 0 0 0 0 0 0 0 0 0 0.333333 
AATATATA 0.5 0 0 0.166667 0 0 0 0 0 0 0 0 0 0 0 0.333333 0.2 0 0 0.4 0 0 0 0 0 0 0 0 0.4 0 0 0 0.5 0 0 0.25 0 0 0 0 0 0 0 0 0 0 0 0.25 0.333333 0 0 0.333333 0 0 0 0 0 0 0 0 0.333333 0 0 0 
AATATATT 0.333333 0 0 0.333333 0 0 0 0 0 0 0 0 0 0 0 0.333333 0.2 0 0 0.4 0 0 0 0 0 0 0 0 0.2 0 0 0.2 0.25 0 0 0.5 0 0 0 0 0 0 0 0 0 0 0 0.25 0.333333 0 0 0.333333 0 0 0 0 0 0 0 0 0 0 0 0.333333 
AATATTAA 0.166667 0 0 0.333333 0 0 0 0 0 0 0 0 0.333333 0 0 0.166667 0.4 0 0 0.2 0 0 0 0 0 0 0 0 0.2 0 0 0.2 0.25 0 0 0.5 0 0 0 0 0 0 0 0 0.25 0 0 0 0.333333 0 0 0.333333 0 0 0 0 0 0 0 0 0.333333 0 0 0 
AATATTAT 0.166667 0 0 0.333333 0 0 0 0 0 0 0 0 0.166667 0 0 0.333333 0.4 0 0 0.2 0 0 0 0 0 0 0 0 0 0 0 0.4 0 0 0 0.75 0 0 0 0 0 0 0 0 0.25 0 0 0 0.333333 0 0 0.333333 0 0 0 0 0 0 0 0 0 0 0 0.333333 
AATATTCA 0.166667 0 0 0.333333 0 0 0 0 0 0 0 0 0.166667 0.166667 0 0.166667 0.2 0.2 0 0.2 0 0 0 0 0 0 0 0 0.2 0 0 0.2 0.25 0 0 0.5 0 0 0 0 0 0 0 0 0 0.25 0 0 0 0.333333 0 0.333333 0 0 0 0 0 0 0 0 0.333333 0 0 0 
AATATTCG 0.166667 0 0 0.333333 0 0 0 0 0 0 0 0 0 0.166667 0.166667 0.166667 0.2 0.2 0 0.2 0 0 0 0 0 0 0 0 0 0 0.2 0.2 0 0 0.25 0.5 0 0 0 0 0 0 0 0 0 0.25 0 0 0 0.333333 0 0.333333 0 0 0 0 0 0 0 0 0 0 0.333333 0 
AATATTCT 0.166667 0 0 0.333333 0 0 0 0 0 0 0 0 0 0.166667 0 0.333333 0.2 0.2 0 0.2 0 0 0 0 0 0 0 0 0 0 0 0.4 0 0 0 0.75 0 0 0 0 0 0 0 0 0 0.25 0 0 0 0.333333 0 0.333333 0 0 0 0 0 0 0 0 0 0 0 0.333333 
AATATTTA 0.166667 0 0 0.333333 0 0 0 0 0 0 0 0 0.166667 0 0 0.333333 0.2 0 0 0.4 0 0 0 0 0 0 0 0 0.2 0 0 0.2 0.25 0 0 0.5 0 0 0 0 0 0 0 0 0 0 0 0.25 0 0 0 0.666667 0 0 0 0 0 0 0 0 0.333333 0 0 0 
AATATTTC 0.166667 0 0 0.333333 0 0 0 0 0 0 0 0 0 0.166667 0 0.333333 0.2 0 0 0.4 0 0 0 0 0 0 0 0 0 0.2 0 0.2 0 0.25 0 0.5 0 0 0 0 0 0 0 0 0 0 0 0.25 0 0 0 0.666667 0 0 0 0 0 0 0 0 0 0.333333 0 0 
AATATTTG 0.166667 0 0 0.333333 0 0 0 0 0 0 0 0 0 0 0.166667 0.333333 0.2 0 0 0.4 0 0 0 0 0 0 0 0 0 0 0.2 0.2 0 0 0.25 0.5 0 0 0 0 0 0 0 0 0 0 0 0.25 0 0 0 0.666667 0 0 0 0 0 0 0 0 0 0 0.333333 0 
AATTAAAA 0.333333 0 0 0.333333 0 0 0 0 0 0 0 0 0.333333 0 0 0 0.4 0 0 0.2 0 0 0 0 0 0 0 0 0.4 0 0 0 0.5 0 0 0 0 0 0 0 0 0 0 0 0.5 0 0 0 0.666667 0 0 0 0 0 0 0 0 0 0 0 0.333333 0 0 0 
AATTAAAT 0.166667 0 0 0.5 0 0 0 0 0 0 0 0 0.333333 0 0 0 0.2 0 0 0.4 0 0 0 0 0 0 0 0 0.4 0 0 0 0.5 0 0 0 0 0 0 0 0 0 0 0 0.25 0 0 0.25 0.666667 0 0 0 0 0 0 0 0 0 0 0 0 0 0 0.333333 
AATTAATA 0.166667 0 0 0.5 0 0 0 0 0 0 0 0 0.333333 0 0 0 0.4 0 0 0.2 0 0 0 0 0 0 0 0 0.2 0 0 0.2 0.5 0 0 0 0 0 0 0 0 0 0 0 0.25 0 0 0.25 0.333333 0 0 0.333333 0 0 0 0 0 0 0 0 0.333333 0 0 0 
AATTAATC 0 0.166667 0 0.5 0 0 0 0 0 0 0 0 0.333333 0 0 0 0.2 0.2 0 0.2 0 0 0 0 0 0 0 0 0.2 0 0 0.2 0.5 0 0 0 0 0 0 0 0 0 0 0 0 0.25 0 0.25 0.333333 0 0 0.333333 0 0 0 0 0 0 0 0 0 0.333333 0 0 
AATTAATT 0 0 0 0.666667 0 0 0 0 0 0 0 0 0.333333 0 0 0 0.2 0 0 0.4 0 0 0 0 0 0 0 0 0.2 0 0 0.2 0.5 0 0 0 0 0 0 0 0 0 0 0 0 0 0 0.5 0.333333 0 0 0.333333 0 0 0 0 0 0 0 0 0 0 0 0.333333 
AATTATAA 0.166667 0 0 0.333333 0 0 0 0 0 0 0 0 0.333333 0 0 0.166667 0.4 0 0 0.2 0 0 0 0 0 0 0 0 0.2 0 0 0.2 0.25 0 0 0.25 0 0 0 0 0 0 0 0 0.5 0 0 0 0.333333 0 0 0.333333 0 0 0 0 0 0 0 0 0.333333 0 0 0 
AATTATAT 0.166667 0 0 0.333333 0 0 0 0 0 0 0 0 0.166667 0 0 0.333333 0.2 0 0 0.4 0 0 0 0 0 0 0 0 0.2 0 0 0.2 0.25 0 0 0.25 0 0 0 0 0 0 0 0 0.25 0 0 0.25 0.333333 0 0 0.333333 0 0 0 0 0 0 0 0 0 0 0 0.333333 
AATTATTA 0 0 0 0.5 0 0 0 0 0 0 0 0 0.333333 0 0 0.166667 0.4 0 0 0.2 0 0 0 0 0 0 0 0 0 0 0 0.4 0.25 0 0 0.25 0 0 0 0 0 0 0 0 0.25 0 0 0.25 0 0 0 0.666667 0 0 0 0 0 0 0 0 0.333333 0 0 0 
AATTATTC 0 0 0 0.5 0 0 0 0 0 0 0 0 0.166667 0.166667 0 0.166667 0.2 0.2 0 0.2 0 0 0 0 0 0 0 0 0 0 0 0.4 0.25 0 0 0.25 0 0 0 0 0 0 0 0 0 0.25 0 0.25 0 0 0 0.666667 0 0 0 0 0 0 0 0 0 0.333333 0 0 
AATTATTG 0 0 0 0.5 0 0 0 0 0 0 0 0 0.166667 0 0.166667 0.166667 0.2 0 0.2 0.2 0 0 0 0 0 0 0 0 0 0 0 0.4 0.25 0 0 0.25 0 0 0 0 0 0 0 0 0 0 0.25 0.25 0 0 0 0.666667 0 0 0 0 0 0 0 0 0 0 0.333333 0 
AATTTAAA 0.166667 0 0 0.333333 0 0 0 0 0 0 0 0 0.333333 0 0 0.166667 0 0 0 0.4 0 0 0 0 0 0 0 0 0.6 0 0 0 0.25 0 0 0.25 0 0 0 0 0 0 0 0 0.5 0 0 0 0.666667 0 0 0 0 0 0 0 0 0 0 0 0.333333 0 0 0 
AATTTAAT 0 0 0 0.5 0 0 0 0 0 0 0 0 0.333333 0 0 0.166667 0 0 0 0.4 0 0 0 0 0 0 0 0 0.4 0 0 0.2 0.25 0 0 0.25 0 0 0 0 0 0 0 0 0.25 0 0 0.25 0.666667 0 0 0 0 0 0 0 0 0 0 0 0 0 0 0.333333 
AATTTATA 0.166667 0 0 0.333333 0 0 0 0 0 0 0 0 0.166667 0 0 0.333333 0 0 0 0.4 0 0 0 0 0 0 0 0 0.4 0 0 0.2 0.25 0 0 0.25 0 0 0 0 0 0 0 0 0.25 0 0 0.25 0.333333 0 0 0.333333 0 0 0 0 0 0 0 0 0.333333 0 0 0 
AATTTATC 0 0.166667 0 0.333333 0 0 0 0 0 0 0 0 0.166667 0 0 0.333333 0 0 0 0.4 0 0 0 0 0 0 0 0 0.2 0.2 0 0.2 0.25 0 0 0.25 0 0 0 0 0 0 0 0 0 0.25 0 0.25 0.333333 0 0 0.333333 0 0 0 0 0 0 0 0 0 0.333333 0 0 
AATTTATG 0 0 0.166667 0.333333 0 0 0 0 0 0 0 0 0.166667 0 0 0.333333 0 0 0 0.4 0 0 0 0 0 0 0 0 0.2 0 0.2 0.2 0.25 0 0 0.25 0 0 0 0 0 0 0 0 0 0 0.25 0.25 0.333333 0 0 0.333333 0 0 0 0 0 0 0 0 0 0 0.333333 0 
AATTTTAA 0 0 0 0.333333 0 0 0 0 0 0 0 0 0.333333 0 0 0.333333 0 0 0 0.4 0 0 0 0 0 0 0 0 0.4 0 0 0.2 0 0 0 0.5 0 0 0 0 0 0 0 0 0.5 0 0 0 0.333333 0 0 0.333333 0 0 0 0 0 0 0 0 0.333333 0 0 0 
AATTTTAC 0 0 0 0.333333 0 0 0 0 0 0 0 0 0.166667 0.166667 0 0.333333 0 0 0 0.4 0 0 0 0 0 0 0 0 0.2 0.2 0 0.2 0 0 0 0.5 0 0 0 0 0 0 0 0 0.25 0.25 0 0 0.333333 0 0 0.333333 0 0 0 0 0 0 0 0 0 0.333333 0 0 
AATTTTAG 0 0 0 0.333333 0 0 0 0 0 0 0 0 0.166667 0 0.166667 0.333333 0 0 0 0.4 0 0 0 0 0 0 0 0 0.2 0 0.2 0.2 0 0 0 0.5 0 0 0 0 0 0 0 0 0.25 0 0.25 0 0.333333 0 0 0.333333 0 0 0 0 0 0 0 0 0 0 0.333333 0 
AATTTTAT 0 0 0 0.333333 0 0 0 0 0 0 0 0 0.166667 0 0 0.5 0 0 0 0.4 0 0 0 0 0 0 0 0 0.2 0 0 0.4 0 0 0 0.5 0 0 0 0 0 0 0 0 0.25 0 0 0.25 0.333333 0 0 0.333333 0 0 0 0 0 0 0 0 0 0 0 0.333333 
AATTTTCA 0 0 0 0.333333 0 0 0 0 0 0 0 0 0.166667 0.166667 0 0.333333 0 0 0 0.4 0 0 0 0 0 0 0 0 0.2 0.2 0 0.2 0 0 0 0.5 0 0 0 0 0 0 0 0 0.25 0.25 0 0 0 0.333333 0 0.333333 0 0 0 0 0 0 0 0 0.333333 0 0 0 
AATTTTCC 0 0 0 0.333333 0 0 0 0 0 0 0 0 0 0.333333 0 0.333333 0 0 0 0.4 0 0 0 0 0 0 0 0 0 0.4 0 0.2 0 0 0 0.5 0 0 0 0 0 0 0 0 0 0.5 0 0 0 0.333333 0 0.333333 0 0 0 0 0 0 0 0 0 0.333333 0 0 
AATTTTCT 0 0 0 0.333333 0 0 0 0 0 0 0 0 0 0.166667 0 0.5 0 0 0 0.4 0 0 0 0 0 0 0 0 0 0.2 0 0.4 0 0 0 0.5 0 0 0 0 0 0 0 0 0 0.25 0 0.25 0 0.333333 0 0.333333 0 0 0 0 0 0 0 0 0 0 0 0.333333 
AATTTTTA 0 0 0 0.333333 0 0 0 0 0 0 0 0 0.166667 0 0 0.5 0 0 0 0.4 0 0 0 0 0 0 0 0 0.2 0 0 0.4 0 0 0 0.5 0 0 0 0 0 0 0 0 0.25 0 0 0.25 0 0 0 0.666667 0 0 0 0 0 0 0 0 0.333333 0 0 0 
AATTTTTC 0 0 0 0.333333 0 0 0 0 0 0 0 0 0 0.166667 0 0.5 0 0 0 0.4 0 0 0 0 0 0 0 0 0 0.2 0 0.4 0 0 0 0.5 0 0 0 0 0 0 0 0 0 0.25 0 0.25 0 0 0 0.666667 0 0 0 0 0 0 0 0 0 0.333333 0 0 
AATTTTTG 0 0 0 0.333333 0 0 0 0 0 0 0 0 0 0 0.166667 0.5 0 0 0 0.4 0 0 0 0 0 0 0 0 0 0 0.2 0.4 0 0 0 0.5 0 0 0 0 0 0 0 0 0 0 0.25 0.25 0 0 0 0.666667 0 0 0 0 0 0 0 0 0 0 0.333333 0 
AGAAAAAT 0.666667 0 0 0.166667 0 0 0 0 0.166667 0 0 0 0 0 0 0 0.6 0 0 0.2 0 0 0 0 0.2 0 0 0 0 0 0 0 0.5 0 0 0.25 0 0 0 0 0.25 0 0 0 0 0 0 0 0.333333 0 0 0.333333 0 0 0 0 0.333333 0 0 0 0 0 0 0 
AGAAAATA 0.666667 0 0 0.166667 0 0 0 0 0.166667 0 0 0 0 0 0 0 0.6 0 0 0.2 0 0 0 0 0.2 0 0 0 0 0 0 0 0.5 0 0 0.25 0 0 0 0 0.25 0 0 0 0 0 0 0 0.666667 0 0 0 0 0 0 0 0 0 0 0.333333 0 0 0 0 
AGAATTAA 0.166667 0 0 0.333333 0 0 0 0 0.166667 0 0 0 0.333333 0 0 0 0.4 0 0 0.2 0 0 0 0 0 0 0 0.2 0.2 0 0 0 0.5 0 0 0.25 0 0 0 0 0 0 0 0.25 0 0 0 0 0.333333 0 0 0.333333 0 0 0 0 0.333333 0 0 0 0 0 0 0 
AGAATTTA 0.166667 0 0 0.333333 0 0 0 0 0.166667 0 0 0 0.166667 0 0 0.166667 0.2 0 0 0.4 0 0 0 0 0 0 0 0.2 0.2 0 0 0 0.25 0 0 0.5 0 0 0 0 0 0 0 0.25 0 0 0 0 0.333333 0 0 0.333333 0 0 0 0 0 0 0 0.333333 0 0 0 0 
ATAAAAAA 0.833333 0 0 0 0 0 0 0 0 0 0 0 0.166667 0 0 0 0.8 0 0 0 0 0 0 0 0 0 0 0 0.2 0 0 0 0.75 0 0 0 0 0 0 0 0 0 0 0 0.25 0 0 0 0.666667 0 0 0 0 0 0 0 0 0 0 0 0.333333 0 0 0 
ATAAAAAT 0.666667 0 0 0.166667 0 0 0 0 0 0 0 0 0.166667 0 0 0 0.6 0 0 0.2 0 0 0 0 0 0 0 0 0.2 0 0 0 0.5 0 0 0.25 0 0 0 0 0 0 0 0 0.25 0 0 0 0.333333 0 0 0.333333 0 0 0 0 0 0 0 0 0.333333 0 0 0 
ATAAAATA 0.666667 0 0 0.166667 0 0 0 0 0 0 0 0 0.166667 0 0 0 0.6 0 0 0.2 0 0 0 0 0 0 0 0 0.2 0 0 0 0.5 0 0 0.25 0 0 0 0 0 0 0 0 0.25 0 0 0 0.666667 0 0 0 0 0 0 0 0 0 0 0 0 0 0 0.333333 
ATAAATAA 0.5 0 0 0.166667 0 0 0 0 0 0 0 0 0.333333 0 0 0 0.6 0 0 0.2 0 0 0 0 0 0 0 0 0.2 0 0 0 0.75 0 0 0 0 0 0 0 0 0 0 0 0 0 0 0.25 0.333333 0 0 0.333333 0 0 0 0 0 0 0 0 0.333333 0 0 0 
ATAAATAT 0.5 0 0 0.166667 0 0 0 0 0 0 0 0 0.166667 0 0 0.166667 0.4 0 0 0.4 0 0 0 0 0 0 0 0 0.2 0 0 0 0.5 0 0 0.25 0 0 0 0 0 0 0 0 0 0 0 0.25 0 0 0 0.666667 0 0 0 0 0 0 0 0 0.333333 0 0 0 
ATAAATTA 0.333333 0 0 0.333333 0 0 0 0 0 0 0 0 0.333333 0 0 0 0.4 0 0 0.4 0 0 0 0 0 0 0 0 0.2 0 0 0 0.5 0 0 0.25 0 0 0 0 0 0 0 0 0 0 0 0.25 0.333333 0 0 0.333333 0 0 0 0 0 0 0 0 0 0 0 0.333333 
ATAAATTC 0.333333 0 0 0.333333 0 0 0 0 0 0 0 0 0.166667 0.166667 0 0 0.2 0.2 0 0.4 0 0 0 0 0 0 0 0 0.2 0 0 0 0.25 0.25 0 0.25 0 0 0 0 0 0 0 0 0 0 0 0.25 0 0.333333 0 0.333333 0 0 0 0 0 0 0 0 0 0 0 0.333333 
ATAATAAA 0.5 0 0 0.166667 0 0 0 0 0 0 0 0 0.333333 0 0 0 0.6 0 0 0 0 0 0 0 0 0 0 0 0.2 0 0 0.2 0.5 0 0 0.25 0 0 0 0 0 0 0 0 0.25 0 0 0 0.666667 0 0 0 0 0 0 0 0 0 0 0 0.333333 0 0 0 
ATAATAAT 0.333333 0 0 0.333333 0 0 0 0 0 0 0 0 0.333333 0 0 0 0.6 0 0 0 0 0 0 0 0 0 0 0 0 0 0 0.4 0.25 0 0 0.5 0 0 0 0 0 0 0 0 0.25 0 0 0 0.333333 0 0 0.333333 0 0 0 0 0 0 0 0 0.333333 0 0 0 
ATAATATA 0.5 0 0 0.166667 0 0 0 0 0 0 0 0 0.166667 0 0 0.166667 0.4 0 0 0.2 0 0 0 0 0 0 0 0 0.2 0 0 0.2 0.25 0 0 0.5 0 0 0 0 0 0 0 0 0.25 0 0 0 0.666667 0 0 0 0 0 0 0 0 0 0 0 0 0 0 0.333333 
ATAATTAA 0.166667 0 0 0.333333 0 0 0 0 0 0 0 0 0.5 0 0 0 0.4 0 0 0.2 0 0 0 0 0 0 0 0 0.2 0 0 0.2 0.5 0 0 0.25 0 0 0 0 0 0 0 0 0 0 0 0.25 0.333333 0 0 0.333333 0 0 0 0 0 0 0 0 0.333333 0 0 0 
ATAATTAC 0.166667 0 0 0.333333 0 0 0 0 0 0 0 0 0.333333 0.166667 0 0 0.4 0 0 0.2 0 0 0 0 0 0 0 0 0 0.2 0 0.2 0.25 0.25 0 0.25 0 0 0 0 0 0 0 0 0 0 0 0.25 0 0.333333 0 0.333333 0 0 0 0 0 0 0 0 0.333333 0 0 0 
ATAATTAT 0.166667 0 0 0.333333 0 0 0 0 0 0 0 0 0.333333 0 0 0.166667 0.4 0 0 0.2 0 0 0 0 0 0 0 0 0 0 0 0.4 0.25 0 0 0.5 0 0 0 0 0 0 0 0 0 0 0 0.25 0 0 0 0.666667 0 0 0 0 0 0 0 0 0.333333 0 0 0 
ATAATTTA 0.166667 0 0 0.333333 0 0 0 0 0 0 0 0 0.333333 0 0 0.166667 0.2 0 0 0.4 0 0 0 0 0 0 0 0 0.2 0 0 0.2 0.25 0 0 0.5 0 0 0 0 0 0 0 0 0 0 0 0.25 0.333333 0 0 0.333333 0 0 0 0 0 0 0 0 0 0 0 0.333333 
ATAATTTC 0.166667 0 0 0.333333 0 0 0 0 0 0 0 0 0.166667 0.166667 0 0.166667 0.2 0 0 0.4 0 0 0 0 0 0 0 0 0 0.2 0 0.2 0 0.25 0 0.5 0 0 0 0 0 0 0 0 0 0 0 0.25 0 0.333333 0 0.333333 0 0 0 0 0 0 0 0 0 0 0 0.333333 
ATATAAAT 0.5 0 0 0.166667 0 0 0 0 0 0 0 0 0.166667 0 0 0.166667 0.2 0 0 0.4 0 0 0 0 0 0 0 0 0.4 0 0 0 0.5 0 0 0 0 0 0 0 0 0 0 0 0.25 0 0 0.25 0.333333 0 0 0.333333 0 0 0 0 0 0 0 0 0.333333 0 0 0 
ATATATAA 0.5 0 0 0 0 0 0 0 0 0 0 0 0.166667 0 0 0.333333 0.2 0 0 0.4 0 0 0 0 0 0 0 0 0.4 0 0 0 0.5 0 0 0 0 0 0 0 0 0 0 0 0.25 0 0 0.25 0.333333 0 0 0.333333 0 0 0 0 0 0 0 0 0.333333 0 0 0 
ATATATTA 0.333333 0 0 0.166667 0 0 0 0 0 0 0 0 0.166667 0 0 0.333333 0.2 0 0 0.4 0 0 0 0 0 0 0 0 0.2 0 0 0.2 0.25 0 0 0.25 0 0 0 0 0 0 0 0 0.25 0 0 0.25 0.333333 0 0 0.333333 0 0 0 0 0 0 0 0 0 0 0 0.333333 
ATATTAAA 0.333333 0 0 0.166667 0 0 0 0 0 0 0 0 0.333333 0 0 0.166667 0.2 0 0 0.2 0 0 0 0 0 0 0 0 0.4 0 0 0.2 0.25 0 0 0.25 0 0 0 0 0 0 0 0 0.5 0 0 0 0.666667 0 0 0 0 0 0 0 0 0 0 0 0.333333 0 0 0 
ATATTAAT 0.166667 0 0 0.333333 0 0 0 0 0 0 0 0 0.333333 0 0 0.166667 0.2 0 0 0.2 0 0 0 0 0 0 0 0 0.2 0 0 0.4 0.25 0 0 0.25 0 0 0 0 0 0 0 0 0.25 0 0 0.25 0.333333 0 0 0.333333 0 0 0 0 0 0 0 0 0.333333 0 0 0 
ATATTTAA 0.166667 0 0 0.166667 0 0 0 0 0 0 0 0 0.333333 0 0 0.333333 0 0 0 0.4 0 0 0 0 0 0 0 0 0.4 0 0 0.2 0.25 0 0 0.25 0 0 0 0 0 0 0 0 0.25 0 0 0.25 0.333333 0 0 0.333333 0 0 0 0 0 0 0 0 0.333333 0 0 0 
ATATTTAG 0.166667 0 0 0.166667 0 0 0 0 0 0 0 0 0.166667 0 0.166667 0.333333 0 0 0 0.4 0 0 0 0 0 0 0 0 0.2 0 0.2 0.2 0.25 0 0 0.25 0 0 0 0 0 0 0 0 0 0 0.25 0.25 0 0 0.333333 0.333333 0 0 0 0 0 0 0 0 0.333333 0 0 0 
ATATTTTA 0.166667 0 0 0.166667 0 0 0 0 0 0 0 0 0.166667 0 0 0.5 0 0 0 0.4 0 0 0 0 0 0 0 0 0.2 0 0 0.4 0 0 0 0.5 0 0 0 0 0 0 0 0 0.25 0 0 0.25 0.333333 0 0 0.333333 0 0 0 0 0 0 0 0 0 0 0 0.333333 
ATATTTTC 0.166667 0 0 0.166667 0 0 0 0 0 0 0 0 0 0.166667 0 0.5 0 0 0 0.4 0 0 0 0 0 0 0 0 0 0.2 0 0.4 0 0 0 0.5 0 0 0 0 0 0 0 0 0 0.25 0 0.25 0 0.333333 0 0.333333 0 0 0 0 0 0 0 0 0 0 0 0.333333 
ATTAAAAA 0.5 0 0 0.166667 0 0 0 0 0 0 0 0 0.333333 0 0 0 0.6 0 0 0 0 0 0 0 0 0 0 0 0.4 0 0 0 0.5 0 0 0 0 0 0 0 0 0 0 0 0.5 0 0 0 0.333333 0 0 0 0 0 0 0 0 0 0 0 0.666667 0 0 0 
ATTAAAAT 0.333333 0 0 0.333333 0 0 0 0 0 0 0 0 0.333333 0 0 0 0.4 0 0 0.2 0 0 0 0 0 0 0 0 0.4 0 0 0 0.25 0 0 0.25 0 0 0 0 0 0 0 0 0.5 0 0 0 0.333333 0 0 0 0 0 0 0 0 0 0 0 0.333333 0 0 0.333333 
ATTAAATA 0.333333 0 0 0.333333 0 0 0 0 0 0 0 0 0.333333 0 0 0 0.4 0 0 0.2 0 0 0 0 0 0 0 0 0.4 0 0 0 0.5 0 0 0 0 0 0 0 0 0 0 0 0.25 0 0 0.25 0.333333 0 0 0 0 0 0 0 0 0 0 0 0.333333 0 0 0.333333 
ATTAATAA 0.166667 0 0 0.333333 0 0 0 0 0 0 0 0 0.5 0 0 0 0.6 0 0 0 0 0 0 0 0 0 0 0 0.2 0 0 0.2 0.5 0 0 0 0 0 0 0 0 0 0 0 0.25 0 0 0.25 0 0 0 0.333333 0 0 0 0 0 0 0 0 0.666667 0 0 0 
ATTAATTA 0 0 0 0.5 0 0 0 0 0 0 0 0 0.5 0 0 0 0.4 0 0 0.2 0 0 0 0 0 0 0 0 0.2 0 0 0.2 0.5 0 0 0 0 0 0 0 0 0 0 0 0 0 0 0.5 0 0 0 0.333333 0 0 0 0 0 0 0 0 0.333333 0 0 0.333333 
ATTAATTC 0 0 0 0.5 0 0 0 0 0 0 0 0 0.333333 0.166667 0 0 0.2 0.2 0 0.2 0 0 0 0 0 0 0 0 0.2 0 0 0.2 0.25 0.25 0 0 0 0 0 0 0 0 0 0 0 0 0 0.5 0 0 0 0.333333 0 0 0 0 0 0 0 0 0 0.333333 0 0.333333 
ATTAATTG 0 0 0 0.5 0 0 0 0 0 0 0 0 0.333333 0 0.166667 0 0.2 0 0.2 0.2 0 0 0 0 0 0 0 0 0.2 0 0 0.2 0.25 0 0.25 0 0 0 0 0 0 0 0 0 0 0 0 0.5 0 0 0 0.333333 0 0 0 0 0 0 0 0 0 0 0.333333 0.333333 
ATTATTAA 0 0 0 0.333333 0 0 0 0 0 0 0 0 0.5 0 0 0.166667 0.4 0 0 0 0 0 0 0 0 0 0 0 0.2 0 0 0.4 0.25 0 0 0.25 0 0 0 0 0 0 0 0 0.25 0 0 0.25 0 0 0 0.333333 0 0 0 0 0 0 0 0 0.666667 0 0 0 
ATTATTTA 0 0 0 0.333333 0 0 0 0 0 0 0 0 0.333333 0 0 0.333333 0.2 0 0 0.2 0 0 0 0 0 0 0 0 0.2 0 0 0.4 0.25 0 0 0.25 0 0 0 0 0 0 0 0 0 0 0 0.5 0 0 0 0.333333 0 0 0 0 0 0 0 0 0.333333 0 0 0.333333 
ATTATTTC 0 0 0 0.333333 0 0 0 0 0 0 0 0 0.166667 0.166667 0 0.333333 0.2 0 0 0.2 0 0 0 0 0 0 0 0 0 0.2 0 0.4 0 0.25 0 0.25 0 0 0 0 0 0 0 0 0 0 0 0.5 0 0 0 0.333333 0 0 0 0 0 0 0 0 0 0.333333 0 0.333333 
ATTATTTG 0 0 0 0.333333 0 0 0 0 0 0 0 0 0.166667 0 0.166667 0.333333 0.2 0 0 0.2 0 0 0 0 0 0 0 0 0 0 0.2 0.4 0 0 0.25 0.25 0 0 0 0 0 0 0 0 0 0 0 0.5 0 0 0 0.333333 0 0 0 0 0 0 0 0 0 0 0.333333 0.333333 
ATTTAAAA 0.333333 0 0 0.166667 0 0 0 0 0 0 0 0 0.333333 0 0 0.166667 0.2 0 0 0.2 0 0 0 0 0 0 0 0 0.6 0 0 0 0.25 0 0 0 0 0 0 0 0 0 0 0 0.75 0 0 0 0.333333 0 0 0 0 0 0 0 0 0 0 0 0.666667 0 0 0 
ATTTAAAT 0.166667 0 0 0.333333 0 0 0 0 0 0 0 0 0.333333 0 0 0.166667 0 0 0 0.4 0 0 0 0 0 0 0 0 0.6 0 0 0 0.25 0 0 0 0 0 0 0 0 0 0 0 0.5 0 0 0.25 0.333333 0 0 0 0 0 0 0 0 0 0 0 0.333333 0 0 0.333333 
ATTTAATA 0.166667 0 0 0.333333 0 0 0 0 0 0 0 0 0.333333 0 0 0.166667 0.2 0 0 0.2 0 0 0 0 0 0 0 0 0.4 0 0 0.2 0.25 0 0 0 0 0 0 0 0 0 0 0 0.5 0 0 0.25 0.333333 0 0 0 0 0 0 0 0 0 0 0 0.333333 0 0 0.333333 
ATTTATTA 0 0 0 0.333333 0 0 0 0 0 0 0 0 0.333333 0 0 0.333333 0.2 0 0 0.2 0 0 0 0 0 0 0 0 0.2 0 0 0.4 0.25 0 0 0 0 0 0 0 0 0 0 0 0.25 0 0 0.5 0 0 0 0.333333 0 0 0 0 0 0 0 0 0.333333 0 0 0.333333 
ATTTATTC 0 0 0 0.333333 0 0 0 0 0 0 0 0 0.166667 0.166667 0 0.333333 0 0.2 0 0.2 0 0 0 0 0 0 0 0 0.2 0 0 0.4 0.25 0 0 0 0 0 0 0 0 0 0 0 0 0.25 0 0.5 0 0 0 0.333333 0 0 0 0 0 0 0 0 0 0.333333 0 0.333333 
ATTTATTG 0 0 0 0.333333 0 0 0 0 0 0 0 0 0.166667 0 0.166667 0.333333 0 0 0.2 0.2 0 0 0 0 0 0 0 0 0.2 0 0 0.4 0.25 0 0 0 0 0 0 0 0 0 0 0 0 0 0.25 0.5 0 0 0 0.333333 0 0 0 0 0 0 0 0 0 0 0.333333 0.333333 
ATTTTAAA 0.166667 0 0 0.166667 0 0 0 0 0 0 0 0 0.333333 0 0 0.333333 0 0 0 0.2 0 0 0 0 0 0 0 0 0.6 0 0 0.2 0 0 0 0.25 0 0 0 0 0 0 0 0 0.75 0 0 0 0.333333 0 0 0 0 0 0 0 0 0 0 0 0.666667 0 0 0 
ATTTTATA 0.166667 0 0 0.166667 0 0 0 0 0 0 0 0 0.166667 0 0 0.5 0 0 0 0.2 0 0 0 0 0 0 0 0 0.4 0 0 0.4 0 0 0 0.25 0 0 0 0 0 0 0 0 0.5 0 0 0.25 0.333333 0 0 0 0 0 0 0 0 0 0 0 0.333333 0 0 0.333333 
ATTTTATC 0 0.166667 0 0.166667 0 0 0 0 0 0 0 0 0.166667 0 0 0.5 0 0 0 0.2 0 0 0 0 0 0 0 0 0.2 0.2 0 0.4 0 0 0 0.25 0 0 0 0 0 0 0 0 0.25 0.25 0 0.25 0.333333 0 0 0 0 0 0 0 0 0 0 0 0 0.333333 0 0.333333 
ATTTTCTA 0 0 0 0.166667 0.166667 0 0 0 0 0 0 0 0 0.166667 0 0.5 0 0 0 0.2 0 0 0 0 0 0 0 0 0.2 0.2 0 0.4 0 0 0 0.25 0 0 0 0 0 0 0 0 0.25 0.25 0 0.25 0 0.333333 0 0 0 0 0 0 0 0 0 0 0.333333 0 0 0.333333 
ATTTTTAA 0 0 0 0.166667 0 0 0 0 0 0 0 0 0.333333 0 0 0.5 0 0 0 0.2 0 0 0 0 0 0 0 0 0.4 0 0 0.4 0 0 0 0.25 0 0 0 0 0 0 0 0 0.5 0 0 0.25 0 0 0 0.333333 0 0 0 0 0 0 0 0 0.666667 0 0 0 
ATTTTTAG 0 0 0 0.166667 0 0 0 0 0 0 0 0 0.166667 0 0.166667 0.5 0 0 0 0.2 0 0 0 0 0 0 0 0 0.2 0 0.2 0.4 0 0 0 0.25 0 0 0 0 0 0 0 0 0.25 0 0.25 0.25 0 0 0 0.333333 0 0 0 0 0 0 0 0 0.333333 0 0.333333 0 
ATTTTTCA 0 0 0 0.166667 0 0 0 0 0 0 0 0 0.166667 0.166667 0 0.5 0 0 0 0.2 0 0 0 0 0 0 0 0 0.2 0.2 0 0.4 0 0 0 0.25 0 0 0 0 0 0 0 0 0.25 0.25 0 0.25 0 0 0 0.333333 0 0 0 0 0 0 0 0 0.333333 0.333333 0 0 
ATTTTTCG 0 0 0 0.166667 0 0 0 0 0 0 0 0 0 0.166667 0.166667 0.5 0 0 0 0.2 0 0 0 0 0 0 0 0 0 0.2 0.2 0.4 0 0 0 0.25 0 0 0 0 0 0 0 0 0 0.25 0.25 0.25 0 0 0 0.333333 0 0 0 0 0 0 0 0 0 0.333333 0.333333 0 
ATTTTTTA 0 0 0 0.166667 0 0 0 0 0 0 0 0 0.166667 0 0 0.666667 0 0 0 0.2 0 0 0 0 0 0 0 0 0.2 0 0 0.6 0 0 0 0.25 0 0 0 0 0 0 0 0 0.25 0 0 0.5 0 0 0 0.333333 0 0 0 0 0 0 0 0 0.333333 0 0 0.333333 
ATTTTTTC 0 0 0 0.166667 0 0 0 0 0 0 0 0 0 0.166667 0 0.666667 0 0 0 0.2 0 0 0 0 0 0 0 0 0 0.2 0 0.6 0 0 0 0.25 0 0 0 0 0 0 0 0 0 0.25 0 0.5 0 0 0 0.333333 0 0 0 0 0 0 0 0 0 0.333333 0 0.333333 
ATTTTTTG 0 0 0 0.166667 0 0 0 0 0 0 0 0 0 0 0.166667 0.666667 0 0 0 0.2 0 0 0 0 0 0 0 0 0 0 0.2 0.6 0 0 0 0.25 0 0 0 0 0 0 0 0 0 0 0.25 0.5 0 0 0 0.333333 0 0 0 0 0 0 0 0 0 0 0.333333 0.333333 
CAAAAAAA 0.833333 0 0 0 0.166667 0 0 0 0 0 0 0 0 0 0 0 0.8 0 0 0 0.2 0 0 0 0 0 0 0 0 0 0 0 0.75 0 0 0 0.25 0 0 0 0 0 0 0 0 0 0 0 0.666667 0 0 0 0.333333 0 0 0 0 0 0 0 0 0 0 0 
CAAAAATA 0.666667 0 0 0.166667 0.166667 0 0 0 0 0 0 0 0 0 0 0 0.6 0 0 0.2 0.2 0 0 0 0 0 0 0 0 0 0 0 0.5 0 0 0.25 0.25 0 0 0 0 0 0 0 0 0 0 0 0.333333 0 0 0.333333 0.333333 0 0 0 0 0 0 0 0 0 0 0 
CAAAATTA 0.333333 0 0 0.333333 0.166667 0 0 0 0 0 0 0 0.166667 0 0 0 0.4 0 0 0.4 0.2 0 0 0 0 0 0 0 0 0 0 0 0.25 0 0 0.5 0.25 0 0 0 0 0 0 0 0 0 0 0 0.333333 0 0 0.333333 0 0 0 0.333333 0 0 0 0 0 0 0 0 
CAAATAAA 0.5 0 0 0.166667 0.166667 0 0 0 0 0 0 0 0.166667 0 0 0 0.4 0 0 0.2 0.2 0 0 0 0 0 0 0 0.2 0 0 0 0.75 0 0 0 0 0 0 0.25 0 0 0 0 0 0 0 0 0.666667 0 0 0 0.333333 0 0 0 0 0 0 0 0 0 0 0 
CGAATTTA 0 0 0 0.333333 0.166667 0 0 0 0.166667 0 0 0 0.166667 0 0 0.166667 0 0 0 0.4 0.2 0 0 0 0 0 0 0.2 0.2 0 0 0 0.25 0 0 0.25 0 0 0 0.25 0 0 0 0.25 0 0 0 0 0.333333 0 0 0 0 0 0 0.333333 0 0 0 0.333333 0 0 0 0 
GAAAAAAA 0.833333 0 0 0 0 0 0 0 0.166667 0 0 0 0 0 0 0 0.8 0 0 0 0 0 0 0 0.2 0 0 0 0 0 0 0 0.75 0 0 0 0 0 0 0 0.25 0 0 0 0 0 0 0 0.666667 0 0 0 0 0 0 0 0.333333 0 0 0 0 0 0 0 
GAAAAATA 0.666667 0 0 0.166667 0 0 0 0 0.166667 0 0 0 0 0 0 0 0.6 0 0 0.2 0 0 0 0 0.2 0 0 0 0 0 0 0 0.5 0 0 0.25 0 0 0 0 0.25 0 0 0 0 0 0 0 0.333333 0 0 0.333333 0 0 0 0 0.333333 0 0 0 0 0 0 0 
GAAAATAA 0.5 0 0 0.166667 0 0 0 0 0.166667 0 0 0 0.166667 0 0 0 0.6 0 0 0.2 0 0 0 0 0.2 0 0 0 0 0 0 0 0.5 0 0 0.25 0 0 0 0 0.25 0 0 0 0 0 0 0 0.666667 0 0 0 0 0 0 0 0 0 0 0.333333 0 0 0 0 
GAAAATTA 0.333333 0 0 0.333333 0 0 0 0 0.166667 0 0 0 0.166667 0 0 0 0.4 0 0 0.4 0 0 0 0 0.2 0 0 0 0 0 0 0 0.25 0 0 0.5 0 0 0 0 0.25 0 0 0 0 0 0 0 0.333333 0 0 0.333333 0 0 0 0 0 0 0 0.333333 0 0 0 0 
GAAATAAA 0.5 0 0 0.166667 0 0 0 0 0.166667 0 0 0 0.166667 0 0 0 0.4 0 0 0.2 0 0 0 0 0.2 0 0 0 0.2 0 0 0 0.75 0 0 0 0 0 0 0 0 0 0 0.25 0 0 0 0 0.666667 0 0 0 0 0 0 0 0.333333 0 0 0 0 0 0 0 
GAAATTAA 0.166667 0 0 0.333333 0 0 0 0 0.166667 0 0 0 0.333333 0 0 0 0.2 0 0 0.4 0 0 0 0 0.2 0 0 0 0.2 0 0 0 0.5 0 0 0.25 0 0 0 0 0 0 0 0.25 0 0 0 0 0.666667 0 0 0 0 0 0 0 0 0 0 0.333333 0 0 0 0 
GAAATTTA 0.166667 0 0 0.333333 0 0 0 0 0.166667 0 0 0 0.166667 0 0 0.166667 0 0 0 0.6 0 0 0 0 0.2 0 0 0 0.2 0 0 0 0.25 0 0 0.5 0 0 0 0 0 0 0 0.25 0 0 0 0 0.333333 0 0 0.333333 0 0 0 0 0 0 0 0.333333 0 0 0 0 
GAATAAAA 0.5 0 0 0.166667 0 0 0 0 0.166667 0 0 0 0.166667 0 0 0 0.6 0 0 0 0 0 0 0 0 0 0 0.2 0.2 0 0 0 0.5 0 0 0 0 0 0 0 0.25 0 0 0 0.25 0 0 0 0.666667 0 0 0 0 0 0 0 0.333333 0 0 0 0 0 0 0 
GAATATTA 0.166667 0 0 0.333333 0 0 0 0 0.166667 0 0 0 0.166667 0 0 0.166667 0.4 0 0 0.2 0 0 0 0 0 0 0 0.2 0 0 0 0.2 0 0 0 0.5 0 0 0 0 0.25 0 0 0 0.25 0 0 0 0.333333 0 0 0.333333 0 0 0 0 0 0 0 0.333333 0 0 0 0 
GAATTAAA 0.166667 0 0 0.333333 0 0 0 0 0.166667 0 0 0 0.333333 0 0 0 0.2 0 0 0.2 0 0 0 0 0 0 0 0.2 0.4 0 0 0 0.5 0 0 0 0 0 0 0 0 0 0 0.25 0.25 0 0 0 0.666667 0 0 0 0 0 0 0 0.333333 0 0 0 0 0 0 0 
GAATTTAA 0 0 0 0.333333 0 0 0 0 0.166667 0 0 0 0.333333 0 0 0.166667 0 0 0 0.4 0 0 0 0 0 0 0 0.2 0.4 0 0 0 0.25 0 0 0.25 0 0 0 0 0 0 0 0.25 0.25 0 0 0 0.666667 0 0 0 0 0 0 0 0 0 0 0.333333 0 0 0 0 
GAATTTTA 0 0 0 0.333333 0 0 0 0 0.166667 0 0 0 0.166667 0 0 0.333333 0 0 0 0.4 0 0 0 0 0 0 0 0.2 0.2 0 0 0.2 0 0 0 0.5 0 0 0 0 0 0 0 0.25 0.25 0 0 0 0.333333 0 0 0.333333 0 0 0 0 0 0 0 0.333333 0 0 0 0 
GATAATTA 0.166667 0 0 0.333333 0 0 0 0 0 0 0 0.166667 0.333333 0 0 0 0.4 0 0 0.2 0 0 0 0 0.2 0 0 0 0 0 0 0.2 0.25 0 0 0.25 0 0 0 0 0.25 0 0 0 0 0 0 0.25 0 0 0 0.333333 0 0 0 0 0 0 0 0.333333 0.333333 0 0 0 
GATATTTA 0.166667 0 0 0.166667 0 0 0 0 0 0 0 0.166667 0.166667 0 0 0.333333 0 0 0 0.4 0 0 0 0 0.2 0 0 0 0.2 0 0 0.2 0.25 0 0 0.25 0 0 0 0 0 0 0 0.25 0 0 0 0.25 0 0 0 0.333333 0 0 0 0 0 0 0 0.333333 0.333333 0 0 0 
GATTTTTA 0 0 0 0.166667 0 0 0 0 0 0 0 0.166667 0.166667 0 0 0.5 0 0 0 0.2 0 0 0 0 0 0 0 0.2 0.2 0 0 0.4 0 0 0 0.25 0 0 0 0 0 0 0 0.25 0.25 0 0 0.25 0 0 0 0.333333 0 0 0 0 0 0 0 0.333333 0.333333 0 0 0 
GGAAAAAA 0.666667 0 0 0 0 0 0 0 0.333333 0 0 0 0 0 0 0 0.6 0 0 0 0 0 0 0 0.4 0 0 0 0 0 0 0 0.5 0 0 0 0 0 0 0 0.5 0 0 0 0 0 0 0 0.333333 0 0 0 0 0 0 0 0.666667 0 0 0 0 0 0 0 
GGAAATTA 0.166667 0 0 0.333333 0 0 0 0 0.333333 0 0 0 0.166667 0 0 0 0.2 0 0 0.4 0 0 0 0 0.4 0 0 0 0 0 0 0 0.25 0 0 0.25 0 0 0 0 0.25 0 0 0.25 0 0 0 0 0.333333 0 0 0 0 0 0 0 0 0 0 0.666667 0 0 0 0 
GTAATTAA 0 0 0 0.333333 0 0 0 0 0.166667 0 0 0 0.5 0 0 0 0.2 0 0 0.2 0 0 0 0 0.2 0 0 0 0.2 0 0 0.2 0.5 0 0 0 0 0 0 0 0 0 0 0.25 0 0 0 0.25 0.333333 0 0 0 0 0 0 0 0 0 0 0.333333 0.333333 0 0 0 
GTTAATTA 0 0 0 0.333333 0 0 0 0 0 0 0 0.166667 0.5 0 0 0 0.2 0 0 0.2 0 0 0 0 0.2 0 0 0 0.2 0 0 0.2 0.25 0 0 0 0 0 0 0 0.25 0 0 0 0 0 0 0.5 0 0 0 0 0 0 0 0 0 0 0 0.333333 0.333333 0 0 0.333333 
TAAAAAAA 0.833333 0 0 0 0 0 0 0 0 0 0 0 0.166667 0 0 0 0.8 0 0 0 0 0 0 0 0 0 0 0 0.2 0 0 0 0.75 0 0 0 0 0 0 0 0 0 0 0 0.25 0 0 0 0.666667 0 0 0 0 0 0 0 0 0 0 0 0.333333 0 0 0 
TAAAAATA 0.666667 0 0 0.166667 0 0 0 0 0 0 0 0 0.166667 0 0 0 0.6 0 0 0.2 0 0 0 0 0 0 0 0 0.2 0 0 0 0.5 0 0 0.25 0 0 0 0 0 0 0 0 0.25 0 0 0 0.333333 0 0 0.333333 0 0 0 0 0 0 0 0 0.333333 0 0 0 
TAAAATAA 0.5 0 0 0.166667 0 0 0 0 0 0 0 0 0.333333 0 0 0 0.6 0 0 0.2 0 0 0 0 0 0 0 0 0.2 0 0 0 0.5 0 0 0.25 0 0 0 0 0 0 0 0 0.25 0 0 0 0.666667 0 0 0 0 0 0 0 0 0 0 0 0 0 0 0.333333 
TAAAATTA 0.333333 0 0 0.333333 0 0 0 0 0 0 0 0 0.333333 0 0 0 0.4 0 0 0.4 0 0 0 0 0 0 0 0 0.2 0 0 0 0.25 0 0 0.5 0 0 0 0 0 0 0 0 0.25 0 0 0 0.333333 0 0 0.333333 0 0 0 0 0 0 0 0 0 0 0 0.333333 
TAAATAAA 0.5 0 0 0.166667 0 0 0 0 0 0 0 0 0.333333 0 0 0 0.4 0 0 0.2 0 0 0 0 0 0 0 0 0.4 0 0 0 0.75 0 0 0 0 0 0 0 0 0 0 0 0 0 0 0.25 0.666667 0 0 0 0 0 0 0 0 0 0 0 0.333333 0 0 0 
TAAATATA 0.5 0 0 0.166667 0 0 0 0 0 0 0 0 0.166667 0 0 0.166667 0.2 0 0 0.4 0 0 0 0 0 0 0 0 0.4 0 0 0 0.5 0 0 0.25 0 0 0 0 0 0 0 0 0 0 0 0.25 0.333333 0 0 0.333333 0 0 0 0 0 0 0 0 0.333333 0 0 0 
TAAATTAA 0.166667 0 0 0.333333 0 0 0 0 0 0 0 0 0.5 0 0 0 0.2 0 0 0.4 0 0 0 0 0 0 0 0 0.4 0 0 0 0.5 0 0 0.25 0 0 0 0 0 0 0 0 0 0 0 0.25 0.666667 0 0 0 0 0 0 0 0 0 0 0 0 0 0 0.333333 
TAATAAAA 0.5 0 0 0.166667 0 0 0 0 0 0 0 0 0.333333 0 0 0 0.6 0 0 0 0 0 0 0 0 0 0 0 0.2 0 0 0.2 0.5 0 0 0 0 0 0 0 0 0 0 0 0.5 0 0 0 0.666667 0 0 0 0 0 0 0 0 0 0 0 0.333333 0 0 0 
TAATAATA 0.333333 0 0 0.333333 0 0 0 0 0 0 0 0 0.333333 0 0 0 0.6 0 0 0 0 0 0 0 0 0 0 0 0 0 0 0.4 0.25 0 0 0.25 0 0 0 0 0 0 0 0 0.5 0 0 0 0.333333 0 0 0.333333 0 0 0 0 0 0 0 0 0.333333 0 0 0 
TAATATTA 0.166667 0 0 0.333333 0 0 0 0 0 0 0 0 0.333333 0 0 0.166667 0.4 0 0 0.2 0 0 0 0 0 0 0 0 0 0 0 0.4 0 0 0 0.5 0 0 0 0 0 0 0 0 0.5 0 0 0 0.333333 0 0 0.333333 0 0 0 0 0 0 0 0 0 0 0 0.333333 
TAATTAAA 0.166667 0 0 0.333333 0 0 0 0 0 0 0 0 0.5 0 0 0 0.2 0 0 0.2 0 0 0 0 0 0 0 0 0.4 0 0 0.2 0.5 0 0 0 0 0 0 0 0 0 0 0 0.25 0 0 0.25 0.666667 0 0 0 0 0 0 0 0 0 0 0 0.333333 0 0 0 
TAATTATA 0.166667 0 0 0.333333 0 0 0 0 0 0 0 0 0.333333 0 0 0.166667 0.2 0 0 0.2 0 0 0 0 0 0 0 0 0.2 0 0 0.4 0.25 0 0 0.25 0 0 0 0 0 0 0 0 0.25 0 0 0.25 0.333333 0 0 0.333333 0 0 0 0 0 0 0 0 0.333333 0 0 0 
TAATTTAA 0 0 0 0.333333 0 0 0 0 0 0 0 0 0.5 0 0 0.166667 0 0 0 0.4 0 0 0 0 0 0 0 0 0.4 0 0 0.2 0.25 0 0 0.25 0 0 0 0 0 0 0 0 0.25 0 0 0.25 0.666667 0 0 0 0 0 0 0 0 0 0 0 0 0 0 0.333333 
TATAAAAA 0.666667 0 0 0 0 0 0 0 0 0 0 0 0.166667 0 0 0.166667 0.6 0 0 0 0 0 0 0 0 0 0 0 0.4 0 0 0 0.5 0 0 0 0 0 0 0 0 0 0 0 0.5 0 0 0 0.333333 0 0 0 0 0 0 0 0 0 0 0 0.666667 0 0 0 
TATTAAAA 0.333333 0 0 0.166667 0 0 0 0 0 0 0 0 0.333333 0 0 0.166667 0.4 0 0 0 0 0 0 0 0 0 0 0 0.4 0 0 0.2 0.25 0 0 0 0 0 0 0 0 0 0 0 0.75 0 0 0 0.333333 0 0 0 0 0 0 0 0 0 0 0 0.666667 0 0 0 
TATTTAAA 0.166667 0 0 0.166667 0 0 0 0 0 0 0 0 0.333333 0 0 0.333333 0 0 0 0.2 0 0 0 0 0 0 0 0 0.6 0 0 0.2 0.25 0 0 0 0 0 0 0 0 0 0 0 0.5 0 0 0.25 0.333333 0 0 0 0 0 0 0 0 0 0 0 0.666667 0 0 0 
TATTTTAA 0 0 0 0.166667 0 0 0 0 0 0 0 0 0.333333 0 0 0.5 0 0 0 0.2 0 0 0 0 0 0 0 0 0.4 0 0 0.4 0 0 0 0.25 0 0 0 0 0 0 0 0 0.5 0 0 0.25 0.333333 0 0 0 0 0 0 0 0 0 0 0 0.333333 0 0 0.333333 
TGAAAAAA 0.666667 0 0 0 0 0 0 0 0.166667 0 0 0 0.166667 0 0 0 0.6 0 0 0 0 0 0 0 0.2 0 0 0 0.2 0 0 0 0.5 0 0 0 0 0 0 0 0.25 0 0 0 0.25 0 0 0 0.333333 0 0 0 0 0 0 0 0.333333 0 0 0 0.333333 0 0 0 
TTAAAAAA 0.666667 0 0 0 0 0 0 0 0 0 0 0 0.333333 0 0 0 0.6 0 0 0 0 0 0 0 0 0 0 0 0.4 0 0 0 0.5 0 0 0 0 0 0 0 0 0 0 0 0.5 0 0 0 0.333333 0 0 0 0 0 0 0 0 0 0 0 0.666667 0 0 0 
TTAAATAA 0.333333 0 0 0.166667 0 0 0 0 0 0 0 0 0.5 0 0 0 0.4 0 0 0.2 0 0 0 0 0 0 0 0 0.4 0 0 0 0.5 0 0 0 0 0 0 0 0 0 0 0 0.25 0 0 0.25 0.333333 0 0 0 0 0 0 0 0 0 0 0 0.333333 0 0 0.333333 
TTAATAAA 0.333333 0 0 0.166667 0 0 0 0 0 0 0 0 0.5 0 0 0 0.4 0 0 0 0 0 0 0 0 0 0 0 0.4 0 0 0.2 0.5 0 0 0 0 0 0 0 0 0 0 0 0.25 0 0 0.25 0.333333 0 0 0 0 0 0 0 0 0 0 0 0.666667 0 0 0 
TTAATTAA 0 0 0 0.333333 0 0 0 0 0 0 0 0 0.666667 0 0 0 0.2 0 0 0.2 0 0 0 0 0 0 0 0 0.4 0 0 0.2 0.5 0 0 0 0 0 0 0 0 0 0 0 0 0 0 0.5 0.333333 0 0 0 0 0 0 0 0 0 0 0 0.333333 0 0 0.333333 
TTTAAAAA 0.5 0 0 0 0 0 0 0 0 0 0 0 0.333333 0 0 0.166667 0.4 0 0 0 0 0 0 0 0 0 0 0 0.6 0 0 0 0.25 0 0 0 0 0 0 0 0 0 0 0 0.75 0 0 0 0 0 0 0 0 0 0 0 0 0 0 0 1 0 0 0 
TTTTAAAA 0.333333 0 0 0 0 0 0 0 0 0 0 0 0.333333 0 0 0.333333 0.2 0 0 0 0 0 0 0 0 0 0 0 0.6 0 0 0.2 0 0 0 0 0 0 0 0 0 0 0 0 1 0 0 0 0 0 0 0 0 0 0 0 0 0 0 0 1 0 0 0 
AAAAAAAA 1 0 0 0 0 0 0 0 0 0 0 0 0 0 0 0 1 0 0 0 0 0 0 0 0 0 0 0 0 0 0 0 1 0 0 0 0 0 0 0 0 0 0 0 0 0 0 0 1 0 0 0 0 0 0 0 0 0 0 0 0 0 0 0 
AAAAAAAT 0.833333 0 0 0.166667 0 0 0 0 0 0 0 0 0 0 0 0 0.8 0 0 0.2 0 0 0 0 0 0 0 0 0 0 0 0 0.75 0 0 0.25 0 0 0 0 0 0 0 0 0 0 0 0 0.666667 0 0 0.333333 0 0 0 0 0 0 0 0 0 0 0 0 
AAAAAATA 0.833333 0 0 0.166667 0 0 0 0 0 0 0 0 0 0 0 0 0.8 0 0 0.2 0 0 0 0 0 0 0 0 0 0 0 0 0.75 0 0 0.25 0 0 0 0 0 0 0 0 0 0 0 0 0.666667 0 0 0.333333 0 0 0 0 0 0 0 0 0 0 0 0 
AAAAAATC 0.666667 0.166667 0 0.166667 0 0 0 0 0 0 0 0 0 0 0 0 0.6 0.2 0 0.2 0 0 0 0 0 0 0 0 0 0 0 0 0.5 0.25 0 0.25 0 0 0 0 0 0 0 0 0 0 0 0 0.333333 0.333333 0 0.333333 0 0 0 0 0 0 0 0 0 0 0 0 
AAAAAATT 0.666667 0 0 0.333333 0 0 0 0 0 0 0 0 0 0 0 0 0.6 0 0 0.4 0 0 0 0 0 0 0 0 0 0 0 0 0.5 0 0 0.5 0 0 0 0 0 0 0 0 0 0 0 0 0.333333 0 0 0.666667 0 0 0 0 0 0 0 0 0 0 0 0 
AAAAATAA 0.666667 0 0 0.166667 0 0 0 0 0 0 0 0 0.166667 0 0 0 0.8 0 0 0.2 0 0 0 0 0 0 0 0 0 0 0 0 0.75 0 0 0.25 0 0 0 0 0 0 0 0 0 0 0 0 0.666667 0 0 0.333333 0 0 0 0 0 0 0 0 0 0 0 0 
AAAAATAT 0.666667 0 0 0.166667 0 0 0 0 0 0 0 0 0 0 0 0.166667 0.6 0 0 0.4 0 0 0 0 0 0 0 0 0 0 0 0 0.5 0 0 0.5 0 0 0 0 0 0 0 0 0 0 0 0 0.333333 0 0 0.666667 0 0 0 0 0 0 0 0 0 0 0 0 
AAAAATTA 0.5 0 0 0.333333 0 0 0 0 0 0 0 0 0.166667 0 0 0 0.6 0 0 0.4 0 0 0 0 0 0 0 0 0 0 0 0 0.5 0 0 0.5 0 0 0 0 0 0 0 0 0 0 0 0 0.333333 0 0 0.666667 0 0 0 0 0 0 0 0 0 0 0 0 
AAAAATTC 0.5 0 0 0.333333 0 0 0 0 0 0 0 0 0 0.166667 0 0 0.4 0.2 0 0.4 0 0 0 0 0 0 0 0 0 0 0 0 0.25 0.25 0 0.5 0 0 0 0 0 0 0 0 0 0 0 0 0 0.333333 0 0.666667 0 0 0 0 0 0 0 0 0 0 0 0 
AAAAATTT 0.5 0 0 0.333333 0 0 0 0 0 0 0 0 0 0 0 0.166667 0.4 0 0 0.6 0 0 0 0 0 0 0 0 0 0 0 0 0.25 0 0 0.75 0 0 0 0 0 0 0 0 0 0 0 0 0 0 0 1 0 0 0 0 0 0 0 0 0 0 0 0 
AAAATAAA 0.666667 0 0 0.166667 0 0 0 0 0 0 0 0 0.166667 0 0 0 0.6 0 0 0.2 0 0 0 0 0 0 0 0 0.2 0 0 0 0.75 0 0 0.25 0 0 0 0 0 0 0 0 0 0 0 0 1 0 0 0 0 0 0 0 0 0 0 0 0 0 0 0 
AAAATAAT 0.5 0 0 0.333333 0 0 0 0 0 0 0 0 0.166667 0 0 0 0.6 0 0 0.2 0 0 0 0 0 0 0 0 0 0 0 0.2 0.5 0 0 0.5 0 0 0 0 0 0 0 0 0 0 0 0 0.666667 0 0 0.333333 0 0 0 0 0 0 0 0 0 0 0 0 
AAAATATA 0.666667 0 0 0.166667 0 0 0 0 0 0 0 0 0 0 0 0.166667 0.4 0 0 0.4 0 0 0 0 0 0 0 0 0.2 0 0 0 0.5 0 0 0.5 0 0 0 0 0 0 0 0 0 0 0 0 0.666667 0 0 0.333333 0 0 0 0 0 0 0 0 0 0 0 0 
AAAATATT 0.5 0 0 0.333333 0 0 0 0 0 0 0 0 0 0 0 0.166667 0.4 0 0 0.4 0 0 0 0 0 0 0 0 0 0 0 0.2 0.25 0 0 0.75 0 0 0 0 0 0 0 0 0 0 0 0 0.333333 0 0 0.666667 0 0 0 0 0 0 0 0 0 0 0 0 
AAAATTAA 0.333333 0 0 0.333333 0 0 0 0 0 0 0 0 0.333333 0 0 0 0.4 0 0 0.4 0 0 0 0 0 0 0 0 0.2 0 0 0 0.5 0 0 0.5 0 0 0 0 0 0 0 0 0 0 0 0 0.666667 0 0 0.333333 0 0 0 0 0 0 0 0 0 0 0 0 
AAAATTAG 0.333333 0 0 0.333333 0 0 0 0 0 0 0 0 0.166667 0 0.166667 0 0.4 0 0 0.4 0 0 0 0 0 0 0 0 0 0 0.2 0 0.25 0 0.25 0.5 0 0 0 0 0 0 0 0 0 0 0 0 0.333333 0 0.333333 0.333333 0 0 0 0 0 0 0 0 0 0 0 0 
AAAATTAT 0.333333 0 0 0.333333 0 0 0 0 0 0 0 0 0.166667 0 0 0.166667 0.4 0 0 0.4 0 0 0 0 0 0 0 0 0 0 0 0.2 0.25 0 0 0.75 0 0 0 0 0 0 0 0 0 0 0 0 0.333333 0 0 0.666667 0 0 0 0 0 0 0 0 0 0 0 0 
AAAATTTA 0.333333 0 0 0.333333 0 0 0 0 0 0 0 0 0.166667 0 0 0.166667 0.2 0 0 0.6 0 0 0 0 0 0 0 0 0.2 0 0 0 0.25 0 0 0.75 0 0 0 0 0 0 0 0 0 0 0 0 0.333333 0 0 0.666667 0 0 0 0 0 0 0 0 0 0 0 0 
AAAATTTT 0.333333 0 0 0.333333 0 0 0 0 0 0 0 0 0 0 0 0.333333 0.2 0 0 0.6 0 0 0 0 0 0 0 0 0 0 0 0.2 0 0 0 1 0 0 0 0 0 0 0 0 0 0 0 0 0 0 0 1 0 0 0 0 0 0 0 0 0 0 0 0 
AAATAAAA 0.666667 0 0 0.166667 0 0 0 0 0 0 0 0 0.166667 0 0 0 0.6 0 0 0.2 0 0 0 0 0 0 0 0 0.2 0 0 0 0.75 0 0 0 0 0 0 0 0 0 0 0 0.25 0 0 0 1 0 0 0 0 0 0 0 0 0 0 0 0 0 0 0 
AAATAAAC 0.5 0.166667 0 0.166667 0 0 0 0 0 0 0 0 0.166667 0 0 0 0.4 0.2 0 0.2 0 0 0 0 0 0 0 0 0.2 0 0 0 0.75 0 0 0 0 0 0 0 0 0 0 0 0 0.25 0 0 0.666667 0.333333 0 0 0 0 0 0 0 0 0 0 0 0 0 0 
AAATAAAT 0.5 0 0 0.333333 0 0 0 0 0 0 0 0 0.166667 0 0 0 0.4 0 0 0.4 0 0 0 0 0 0 0 0 0.2 0 0 0 0.75 0 0 0 0 0 0 0 0 0 0 0 0 0 0 0.25 0.666667 0 0 0.333333 0 0 0 0 0 0 0 0 0 0 0 0 
AAATAATA 0.5 0 0 0.333333 0 0 0 0 0 0 0 0 0.166667 0 0 0 0.6 0 0 0.2 0 0 0 0 0 0 0 0 0 0 0 0.2 0.5 0 0 0.25 0 0 0 0 0 0 0 0 0.25 0 0 0 0.666667 0 0 0.333333 0 0 0 0 0 0 0 0 0 0 0 0 
AAATAATT 0.333333 0 0 0.5 0 0 0 0 0 0 0 0 0.166667 0 0 0 0.4 0 0 0.4 0 0 0 0 0 0 0 0 0 0 0 0.2 0.5 0 0 0.25 0 0 0 0 0 0 0 0 0 0 0 0.25 0.333333 0 0 0.666667 0 0 0 0 0 0 0 0 0 0 0 0 
AAATATAA 0.5 0 0 0.166667 0 0 0 0 0 0 0 0 0.166667 0 0 0.166667 0.4 0 0 0.4 0 0 0 0 0 0 0 0 0.2 0 0 0 0.5 0 0 0.25 0 0 0 0 0 0 0 0 0.25 0 0 0 0.666667 0 0 0.333333 0 0 0 0 0 0 0 0 0 0 0 0 
AAATATAT 0.5 0 0 0.166667 0 0 0 0 0 0 0 0 0 0 0 0.333333 0.2 0 0 0.6 0 0 0 0 0 0 0 0 0.2 0 0 0 0.5 0 0 0.25 0 0 0 0 0 0 0 0 0 0 0 0.25 0.333333 0 0 0.666667 0 0 0 0 0 0 0 0 0 0 0 0 
AAATATTA 0.333333 0 0 0.333333 0 0 0 0 0 0 0 0 0.166667 0 0 0.166667 0.4 0 0 0.4 0 0 0 0 0 0 0 0 0 0 0 0.2 0.25 0 0 0.5 0 0 0 0 0 0 0 0 0.25 0 0 0 0.333333 0 0 0.666667 0 0 0 0 0 0 0 0 0 0 0 0 
AAATATTC 0.333333 0 0 0.333333 0 0 0 0 0 0 0 0 0 0.166667 0 0.166667 0.2 0.2 0 0.4 0 0 0 0 0 0 0 0 0 0 0 0.2 0.25 0 0 0.5 0 0 0 0 0 0 0 0 0 0.25 0 0 0 0.333333 0 0.666667 0 0 0 0 0 0 0 0 0 0 0 0 
AAATATTT 0.333333 0 0 0.333333 0 0 0 0 0 0 0 0 0 0 0 0.333333 0.2 0 0 0.6 0 0 0 0 0 0 0 0 0 0 0 0.2 0.25 0 0 0.5 0 0 0 0 0 0 0 0 0 0 0 0.25 0 0 0 1 0 0 0 0 0 0 0 0 0 0 0 0 
AAATTAAA 0.333333 0 0 0.333333 0 0 0 0 0 0 0 0 0.333333 0 0 0 0.2 0 0 0.4 0 0 0 0 0 0 0 0 0.4 0 0 0 0.5 0 0 0.25 0 0 0 0 0 0 0 0 0.25 0 0 0 1 0 0 0 0 0 0 0 0 0 0 0 0 0 0 0 
AAATTAAT 0.166667 0 0 0.5 0 0 0 0 0 0 0 0 0.333333 0 0 0 0.2 0 0 0.4 0 0 0 0 0 0 0 0 0.2 0 0 0.2 0.5 0 0 0.25 0 0 0 0 0 0 0 0 0 0 0 0.25 0.666667 0 0 0.333333 0 0 0 0 0 0 0 0 0 0 0 0 
AAATTAGT 0.166667 0 0 0.5 0 0 0 0 0 0 0 0 0.166667 0 0.166667 0 0.2 0 0 0.4 0 0 0 0 0 0 0 0 0 0 0.2 0.2 0.25 0 0.25 0.25 0 0 0 0 0 0 0 0 0 0 0 0.25 0.333333 0 0.333333 0.333333 0 0 0 0 0 0 0 0 0 0 0 0 
AAATTATA 0.333333 0 0 0.333333 0 0 0 0 0 0 0 0 0.166667 0 0 0.166667 0.2 0 0 0.4 0 0 0 0 0 0 0 0 0.2 0 0 0.2 0.25 0 0 0.5 0 0 0 0 0 0 0 0 0.25 0 0 0 0.666667 0 0 0.333333 0 0 0 0 0 0 0 0 0 0 0 0 
AAATTATC 0.166667 0.166667 0 0.333333 0 0 0 0 0 0 0 0 0.166667 0 0 0.166667 0.2 0 0 0.4 0 0 0 0 0 0 0 0 0 0.2 0 0.2 0.25 0 0 0.5 0 0 0 0 0 0 0 0 0 0.25 0 0 0.333333 0.333333 0 0.333333 0 0 0 0 0 0 0 0 0 0 0 0 
AAATTATT 0.166667 0 0 0.5 0 0 0 0 0 0 0 0 0.166667 0 0 0.166667 0.2 0 0 0.4 0 0 0 0 0 0 0 0 0 0 0 0.4 0.25 0 0 0.5 0 0 0 0 0 0 0 0 0 0 0 0.25 0.333333 0 0 0.666667 0 0 0 0 0 0 0 0 0 0 0 0 
AAATTTAA 0.166667 0 0 0.333333 0 0 0 0 0 0 0 0 0.333333 0 0 0.166667 0 0 0 0.6 0 0 0 0 0 0 0 0 0.4 0 0 0 0.25 0 0 0.5 0 0 0 0 0 0 0 0 0.25 0 0 0 0.666667 0 0 0.333333 0 0 0 0 0 0 0 0 0 0 0 0 
AAATTTAT 0.166667 0 0 0.333333 0 0 0 0 0 0 0 0 0.166667 0 0 0.333333 0 0 0 0.6 0 0 0 0 0 0 0 0 0.2 0 0 0.2 0.25 0 0 0.5 0 0 0 0 0 0 0 0 0 0 0 0.25 0.333333 0 0 0.666667 0 0 0 0 0 0 0 0 0 0 0 0 
AATAAAAA 0.666667 0 0 0.166667 0 0 0 0 0 0 0 0 0.166667 0 0 0 0.8 0 0 0 0 0 0 0 0 0 0 0 0.2 0 0 0 0.75 0 0 0 0 0 0 0 0 0 0 0 0.25 0 0 0 0.666667 0 0 0 0 0 0 0 0 0 0 0 0.333333 0 0 0 
AATAAAAT 0.5 0 0 0.333333 0 0 0 0 0 0 0 0 0.166667 0 0 0 0.6 0 0 0.2 0 0 0 0 0 0 0 0 0.2 0 0 0 0.5 0 0 0.25 0 0 0 0 0 0 0 0 0.25 0 0 0 0.666667 0 0 0 0 0 0 0 0 0 0 0 0 0 0 0.333333 
AATAAATA 0.5 0 0 0.333333 0 0 0 0 0 0 0 0 0.166667 0 0 0 0.6 0 0 0.2 0 0 0 0 0 0 0 0 0.2 0 0 0 0.75 0 0 0 0 0 0 0 0 0 0 0 0 0 0 0.25 0.333333 0 0 0.333333 0 0 0 0 0 0 0 0 0.333333 0 0 0 
AATAAATC 0.333333 0.166667 0 0.333333 0 0 0 0 0 0 0 0 0.166667 0 0 0 0.4 0.2 0 0.2 0 0 0 0 0 0 0 0 0.2 0 0 0 0.5 0.25 0 0 0 0 0 0 0 0 0 0 0 0 0 0.25 0.333333 0 0 0.333333 0 0 0 0 0 0 0 0 0 0.333333 0 0 
AATAAATT 0.333333 0 0 0.5 0 0 0 0 0 0 0 0 0.166667 0 0 0 0.4 0 0 0.4 0 0 0 0 0 0 0 0 0.2 0 0 0 0.5 0 0 0.25 0 0 0 0 0 0 0 0 0 0 0 0.25 0.333333 0 0 0.333333 0 0 0 0 0 0 0 0 0 0 0 0.333333 
AATAATAA 0.333333 0 0 0.333333 0 0 0 0 0 0 0 0 0.333333 0 0 0 0.8 0 0 0 0 0 0 0 0 0 0 0 0 0 0 0.2 0.5 0 0 0.25 0 0 0 0 0 0 0 0 0.25 0 0 0 0.333333 0 0 0.333333 0 0 0 0 0 0 0 0 0.333333 0 0 0 
AATAATAT 0.333333 0 0 0.333333 0 0 0 0 0 0 0 0 0.166667 0 0 0.166667 0.6 0 0 0.2 0 0 0 0 0 0 0 0 0 0 0 0.2 0.25 0 0 0.5 0 0 0 0 0 0 0 0 0.25 0 0 0 0.333333 0 0 0.333333 0 0 0 0 0 0 0 0 0 0 0 0.333333 
AATAATTA 0.166667 0 0 0.5 0 0 0 0 0 0 0 0 0.333333 0 0 0 0.6 0 0 0.2 0 0 0 0 0 0 0 0 0 0 0 0.2 0.5 0 0 0.25 0 0 0 0 0 0 0 0 0 0 0 0.25 0 0 0 0.666667 0 0 0 0 0 0 0 0 0.333333 0 0 0 
AATAATTC 0.166667 0 0 0.5 0 0 0 0 0 0 0 0 0.166667 0.166667 0 0 0.4 0.2 0 0.2 0 0 0 0 0 0 0 0 0 0 0 0.2 0.25 0.25 0 0.25 0 0 0 0 0 0 0 0 0 0 0 0.25 0 0 0 0.666667 0 0 0 0 0 0 0 0 0 0.333333 0 0 
AATATAAT 0.333333 0 0 0.333333 0 0 0 0 0 0 0 0 0.166667 0 0 0.166667 0.4 0 0 0.2 0 0 0 0 0 0 0 0 0.2 0 0 0.2 0.25 0 0 0.5 0 0 0 0 0 0 0 0 0.25 0 0 0 0.666667 0 0 0 0 0 0 0 0 0 0 0 0 0 0 0.333333 
AATATATA 0.5 0 0 0.166667 0 0 0 0 0 0 0 0 0 0 0 0.333333 0.2 0 0 0.4 0 0 0 0 0 0 0 0 0.4 0 0 0 0.5 0 0 0.25 0 0 0 0 0 0 0 0 0 0 0 0.25 0.333333 0 0 0.333333 0 0 0 0 0 0 0 0 0.333333 0 0 0 
AATATATT 0.333333 0 0 0.333333 0 0 0 0 0 0 0 0 0 0 0 0.333333 0.2 0 0 0.4 0 0 0 0 0 0 0 0 0.2 0 0 0.2 0.25 0 0 0.5 0 0 0 0 0 0 0 0 0 0 0 0.25 0.333333 0 0 0.333333 0 0 0 0 0 0 0 0 0 0 0 0.333333 
AATATTAA 0.166667 0 0 0.333333 0 0 0 0 0 0 0 0 0.333333 0 0 0.166667 0.4 0 0 0.2 0 0 0 0 0 0 0 0 0.2 0 0 0.2 0.25 0 0 0.5 0 0 0 0 0 0 0 0 0.25 0 0 0 0.333333 0 0 0.333333 0 0 0 0 0 0 0 0 0.333333 0 0 0 
AATATTAT 0.166667 0 0 0.333333 0 0 0 0 0 0 0 0 0.166667 0 0 0.333333 0.4 0 0 0.2 0 0 0 0 0 0 0 0 0 0 0 0.4 0 0 0 0.75 0 0 0 0 0 0 0 0 0.25 0 0 0 0.333333 0 0 0.333333 0 0 0 0 0 0 0 0 0 0 0 0.333333 
AATATTCC 0.166667 0 0 0.333333 0 0 0 0 0 0 0 0 0 0.333333 0 0.166667 0.2 0.2 0 0.2 0 0 0 0 0 0 0 0 0 0.2 0 0.2 0 0.25 0 0.5 0 0 0 0 0 0 0 0 0 0.25 0 0 0 0.333333 0 0.333333 0 0 0 0 0 0 0 0 0 0.333333 0 0 
AATATTCG 0.166667 0 0 0.333333 0 0 0 0 0 0 0 0 0 0.166667 0.166667 0.166667 0.2 0.2 0 0.2 0 0 0 0 0 0 0 0 0 0 0.2 0.2 0 0 0.25 0.5 0 0 0 0 0 0 0 0 0 0.25 0 0 0 0.333333 0 0.333333 0 0 0 0 0 0 0 0 0 0 0.333333 0 
AATATTTA 0.166667 0 0 0.333333 0 0 0 0 0 0 0 0 0.166667 0 0 0.333333 0.2 0 0 0.4 0 0 0 0 0 0 0 0 0.2 0 0 0.2 0.25 0 0 0.5 0 0 0 0 0 0 0 0 0 0 0 0.25 0 0 0 0.666667 0 0 0 0 0 0 0 0 0.333333 0 0 0 
AATATTTC 0.166667 0 0 0.333333 0 0 0 0 0 0 0 0 0 0.166667 0 0.333333 0.2 0 0 0.4 0 0 0 0 0 0 0 0 0 0.2 0 0.2 0 0.25 0 0.5 0 0 0 0 0 0 0 0 0 0 0 0.25 0 0 0 0.666667 0 0 0 0 0 0 0 0 0 0.333333 0 0 
AATATTTG 0.166667 0 0 0.333333 0 0 0 0 0 0 0 0 0 0 0.166667 0.333333 0.2 0 0 0.4 0 0 0 0 0 0 0 0 0 0 0.2 0.2 0 0 0.25 0.5 0 0 0 0 0 0 0 0 0 0 0 0.25 0 0 0 0.666667 0 0 0 0 0 0 0 0 0 0 0.333333 0 
AATTAAAA 0.333333 0 0 0.333333 0 0 0 0 0 0 0 0 0.333333 0 0 0 0.4 0 0 0.2 0 0 0 0 0 0 0 0 0.4 0 0 0 0.5 0 0 0 0 0 0 0 0 0 0 0 0.5 0 0 0 0.666667 0 0 0 0 0 0 0 0 0 0 0 0.333333 0 0 0 
AATTAAAG 0.166667 0 0.166667 0.333333 0 0 0 0 0 0 0 0 0.333333 0 0 0 0.2 0 0.2 0.2 0 0 0 0 0 0 0 0 0.4 0 0 0 0.5 0 0 0 0 0 0 0 0 0 0 0 0.25 0 0.25 0 0.666667 0 0 0 0 0 0 0 0 0 0 0 0 0 0.333333 0 
AATTAAAT 0.166667 0 0 0.5 0 0 0 0 0 0 0 0 0.333333 0 0 0 0.2 0 0 0.4 0 0 0 0 0 0 0 0 0.4 0 0 0 0.5 0 0 0 0 0 0 0 0 0 0 0 0.25 0 0 0.25 0.666667 0 0 0 0 0 0 0 0 0 0 0 0 0 0 0.333333 
AATTAATA 0.166667 0 0 0.5 0 0 0 0 0 0 0 0 0.333333 0 0 0 0.4 0 0 0.2 0 0 0 0 0 0 0 0 0.2 0 0 0.2 0.5 0 0 0 0 0 0 0 0 0 0 0 0.25 0 0 0.25 0.333333 0 0 0.333333 0 0 0 0 0 0 0 0 0.333333 0 0 0 
AATTAATC 0 0.166667 0 0.5 0 0 0 0 0 0 0 0 0.333333 0 0 0 0.2 0.2 0 0.2 0 0 0 0 0 0 0 0 0.2 0 0 0.2 0.5 0 0 0 0 0 0 0 0 0 0 0 0 0.25 0 0.25 0.333333 0 0 0.333333 0 0 0 0 0 0 0 0 0 0.333333 0 0 
AATTAATT 0 0 0 0.666667 0 0 0 0 0 0 0 0 0.333333 0 0 0 0.2 0 0 0.4 0 0 0 0 0 0 0 0 0.2 0 0 0.2 0.5 0 0 0 0 0 0 0 0 0 0 0 0 0 0 0.5 0.333333 0 0 0.333333 0 0 0 0 0 0 0 0 0 0 0 0.333333 
AATTATAA 0.166667 0 0 0.333333 0 0 0 0 0 0 0 0 0.333333 0 0 0.166667 0.4 0 0 0.2 0 0 0 0 0 0 0 0 0.2 0 0 0.2 0.25 0 0 0.25 0 0 0 0 0 0 0 0 0.5 0 0 0 0.333333 0 0 0.333333 0 0 0 0 0 0 0 0 0.333333 0 0 0 
AATTATAT 0.166667 0 0 0.333333 0 0 0 0 0 0 0 0 0.166667 0 0 0.333333 0.2 0 0 0.4 0 0 0 0 0 0 0 0 0.2 0 0 0.2 0.25 0 0 0.25 0 0 0 0 0 0 0 0 0.25 0 0 0.25 0.333333 0 0 0.333333 0 0 0 0 0 0 0 0 0 0 0 0.333333 
AATTATTA 0 0 0 0.5 0 0 0 0 0 0 0 0 0.333333 0 0 0.166667 0.4 0 0 0.2 0 0 0 0 0 0 0 0 0 0 0 0.4 0.25 0 0 0.25 0 0 0 0 0 0 0 0 0.25 0 0 0.25 0 0 0 0.666667 0 0 0 0 0 0 0 0 0.333333 0 0 0 
AATTATTC 0 0 0 0.5 0 0 0 0 0 0 0 0 0.166667 0.166667 0 0.166667 0.2 0.2 0 0.2 0 0 0 0 0 0 0 0 0 0 0 0.4 0.25 0 0 0.25 0 0 0 0 0 0 0 0 0 0.25 0 0.25 0 0 0 0.666667 0 0 0 0 0 0 0 0 0 0.333333 0 0 
AATTATTG 0 0 0 0.5 0 0 0 0 0 0 0 0 0.166667 0 0.166667 0.166667 0.2 0 0.2 0.2 0 0 0 0 0 0 0 0 0 0 0 0.4 0.25 0 0 0.25 0 0 0 0 0 0 0 0 0 0 0.25 0.25 0 0 0 0.666667 0 0 0 0 0 0 0 0 0 0 0.333333 0 
AATTTAAA 0.166667 0 0 0.333333 0 0 0 0 0 0 0 0 0.333333 0 0 0.166667 0 0 0 0.4 0 0 0 0 0 0 0 0 0.6 0 0 0 0.25 0 0 0.25 0 0 0 0 0 0 0 0 0.5 0 0 0 0.666667 0 0 0 0 0 0 0 0 0 0 0 0.333333 0 0 0 
AATTTAAT 0 0 0 0.5 0 0 0 0 0 0 0 0 0.333333 0 0 0.166667 0 0 0 0.4 0 0 0 0 0 0 0 0 0.4 0 0 0.2 0.25 0 0 0.25 0 0 0 0 0 0 0 0 0.25 0 0 0.25 0.666667 0 0 0 0 0 0 0 0 0 0 0 0 0 0 0.333333 
AATTTATA 0.166667 0 0 0.333333 0 0 0 0 0 0 0 0 0.166667 0 0 0.333333 0 0 0 0.4 0 0 0 0 0 0 0 0 0.4 0 0 0.2 0.25 0 0 0.25 0 0 0 0 0 0 0 0 0.25 0 0 0.25 0.333333 0 0 0.333333 0 0 0 0 0 0 0 0 0.333333 0 0 0 
AATTTATC 0 0.166667 0 0.333333 0 0 0 0 0 0 0 0 0.166667 0 0 0.333333 0 0 0 0.4 0 0 0 0 0 0 0 0 0.2 0.2 0 0.2 0.25 0 0 0.25 0 0 0 0 0 0 0 0 0 0.25 0 0.25 0.333333 0 0 0.333333 0 0 0 0 0 0 0 0 0 0.333333 0 0 
AATTTTAA 0 0 0 0.333333 0 0 0 0 0 0 0 0 0.333333 0 0 0.333333 0 0 0 0.4 0 0 0 0 0 0 0 0 0.4 0 0 0.2 0 0 0 0.5 0 0 0 0 0 0 0 0 0.5 0 0 0 0.333333 0 0 0.333333 0 0 0 0 0 0 0 0 0.333333 0 0 0 
AATTTTAT 0 0 0 0.333333 0 0 0 0 0 0 0 0 0.166667 0 0 0.5 0 0 0 0.4 0 0 0 0 0 0 0 0 0.2 0 0 0.4 0 0 0 0.5 0 0 0 0 0 0 0 0 0.25 0 0 0.25 0.333333 0 0 0.333333 0 0 0 0 0 0 0 0 0 0 0 0.333333 
AATTTTTA 0 0 0 0.333333 0 0 0 0 0 0 0 0 0.166667 0 0 0.5 0 0 0 0.4 0 0 0 0 0 0 0 0 0.2 0 0 0.4 0 0 0 0.5 0 0 0 0 0 0 0 0 0.25 0 0 0.25 0 0 0 0.666667 0 0 0 0 0 0 0 0 0.333333 0 0 0 
AGAAAATA 0.666667 0 0 0.166667 0 0 0 0 0.166667 0 0 0 0 0 0 0 0.6 0 0 0.2 0 0 0 0 0.2 0 0 0 0 0 0 0 0.5 0 0 0.25 0 0 0 0 0.25 0 0 0 0 0 0 0 0.666667 0 0 0 0 0 0 0 0 0 0 0.333333 0 0 0 0 
AGAAATAA 0.5 0 0 0.166667 0 0 0 0 0.166667 0 0 0 0.166667 0 0 0 0.6 0 0 0.2 0 0 0 0 0.2 0 0 0 0 0 0 0 0.75 0 0 0 0 0 0 0 0 0 0 0.25 0 0 0 0 0.333333 0 0 0.333333 0 0 0 0 0.333333 0 0 0 0 0 0 0 
AGAATAAA 0.5 0 0 0.166667 0 0 0 0 0.166667 0 0 0 0.166667 0 0 0 0.6 0 0 0 0 0 0 0 0 0 0 0.2 0.2 0 0 0 0.5 0 0 0.25 0 0 0 0 0.25 0 0 0 0 0 0 0 0.666667 0 0 0 0 0 0 0 0.333333 0 0 0 0 0 0 0 
ATAAAAAT 0.666667 0 0 0.166667 0 0 0 0 0 0 0 0 0.166667 0 0 0 0.6 0 0 0.2 0 0 0 0 0 0 0 0 0.2 0 0 0 0.5 0 0 0.25 0 0 0 0 0 0 0 0 0.25 0 0 0 0.333333 0 0 0.333333 0 0 0 0 0 0 0 0 0.333333 0 0 0 
ATAAAATA 0.666667 0 0 0.166667 0 0 0 0 0 0 0 0 0.166667 0 0 0 0.6 0 0 0.2 0 0 0 0 0 0 0 0 0.2 0 0 0 0.5 0 0 0.25 0 0 0 0 0 0 0 0 0.25 0 0 0 0.666667 0 0 0 0 0 0 0 0 0 0 0 0 0 0 0.333333 
ATAAATAA 0.5 0 0 0.166667 0 0 0 0 0 0 0 0 0.333333 0 0 0 0.6 0 0 0.2 0 0 0 0 0 0 0 0 0.2 0 0 0 0.75 0 0 0 0 0 0 0 0 0 0 0 0 0 0 0.25 0.333333 0 0 0.333333 0 0 0 0 0 0 0 0 0.333333 0 0 0 
ATAAATAT 0.5 0 0 0.166667 0 0 0 0 0 0 0 0 0.166667 0 0 0.166667 0.4 0 0 0.4 0 0 0 0 0 0 0 0 0.2 0 0 0 0.5 0 0 0.25 0 0 0 0 0 0 0 0 0 0 0 0.25 0 0 0 0.666667 0 0 0 0 0 0 0 0 0.333333 0 0 0 
ATAAATTA 0.333333 0 0 0.333333 0 0 0 0 0 0 0 0 0.333333 0 0 0 0.4 0 0 0.4 0 0 0 0 0 0 0 0 0.2 0 0 0 0.5 0 0 0.25 0 0 0 0 0 0 0 0 0 0 0 0.25 0.333333 0 0 0.333333 0 0 0 0 0 0 0 0 0 0 0 0.333333 
ATAAATTG 0.333333 0 0 0.333333 0 0 0 0 0 0 0 0 0.166667 0 0.166667 0 0.2 0 0.2 0.4 0 0 0 0 0 0 0 0 0.2 0 0 0 0.25 0 0.25 0.25 0 0 0 0 0 0 0 0 0 0 0 0.25 0 0 0.333333 0.333333 0 0 0 0 0 0 0 0 0 0 0 0.333333 
ATAATAAA 0.5 0 0 0.166667 0 0 0 0 0 0 0 0 0.333333 0 0 0 0.6 0 0 0 0 0 0 0 0 0 0 0 0.2 0 0 0.2 0.5 0 0 0.25 0 0 0 0 0 0 0 0 0.25 0 0 0 0.666667 0 0 0 0 0 0 0 0 0 0 0 0.333333 0 0 0 
ATAATAAT 0.333333 0 0 0.333333 0 0 0 0 0 0 0 0 0.333333 0 0 0 0.6 0 0 0 0 0 0 0 0 0 0 0 0 0 0 0.4 0.25 0 0 0.5 0 0 0 0 0 0 0 0 0.25 0 0 0 0.333333 0 0 0.333333 0 0 0 0 0 0 0 0 0.333333 0 0 0 
ATAATATA 0.5 0 0 0.166667 0 0 0 0 0 0 0 0 0.166667 0 0 0.166667 0.4 0 0 0.2 0 0 0 0 0 0 0 0 0.2 0 0 0.2 0.25 0 0 0.5 0 0 0 0 0 0 0 0 0.25 0 0 0 0.666667 0 0 0 0 0 0 0 0 0 0 0 0 0 0 0.333333 
ATAATTAA 0.166667 0 0 0.333333 0 0 0 0 0 0 0 0 0.5 0 0 0 0.4 0 0 0.2 0 0 0 0 0 0 0 0 0.2 0 0 0.2 0.5 0 0 0.25 0 0 0 0 0 0 0 0 0 0 0 0.25 0.333333 0 0 0.333333 0 0 0 0 0 0 0 0 0.333333 0 0 0 
ATAATTAG 0.166667 0 0 0.333333 0 0 0 0 0 0 0 0 0.333333 0 0.166667 0 0.4 0 0 0.2 0 0 0 0 0 0 0 0 0 0 0.2 0.2 0.25 0 0.25 0.25 0 0 0 0 0 0 0 0 0 0 0 0.25 0 0 0.333333 0.333333 0 0 0 0 0 0 0 0 0.333333 0 0 0 
ATAATTAT 0.166667 0 0 0.333333 0 0 0 0 0 0 0 0 0.333333 0 0 0.166667 0.4 0 0 0.2 0 0 0 0 0 0 0 0 0 0 0 0.4 0.25 0 0 0.5 0 0 0 0 0 0 0 0 0 0 0 0.25 0 0 0 0.666667 0 0 0 0 0 0 0 0 0.333333 0 0 0 
ATAATTTA 0.166667 0 0 0.333333 0 0 0 0 0 0 0 0 0.333333 0 0 0.166667 0.2 0 0 0.4 0 0 0 0 0 0 0 0 0.2 0 0 0.2 0.25 0 0 0.5 0 0 0 0 0 0 0 0 0 0 0 0.25 0.333333 0 0 0.333333 0 0 0 0 0 0 0 0 0 0 0 0.333333 
ATAATTTC 0.166667 0 0 0.333333 0 0 0 0 0 0 0 0 0.166667 0.166667 0 0.166667 0.2 0 0 0.4 0 0 0 0 0 0 0 0 0 0.2 0 0.2 0 0.25 0 0.5 0 0 0 0 0 0 0 0 0 0 0 0.25 0 0.333333 0 0.333333 0 0 0 0 0 0 0 0 0 0 0 0.333333 
ATATATTA 0.333333 0 0 0.166667 0 0 0 0 0 0 0 0 0.166667 0 0 0.333333 0.2 0 0 0.4 0 0 0 0 0 0 0 0 0.2 0 0 0.2 0.25 0 0 0.25 0 0 0 0 0 0 0 0 0.25 0 0 0.25 0.333333 0 0 0.333333 0 0 0 0 0 0 0 0 0 0 0 0.333333 
ATATTAAA 0.333333 0 0 0.166667 0 0 0 0 0 0 0 0 0.333333 0 0 0.166667 0.2 0 0 0.2 0 0 0 0 0 0 0 0 0.4 0 0 0.2 0.25 0 0 0.25 0 0 0 0 0 0 0 0 0.5 0 0 0 0.666667 0 0 0 0 0 0 0 0 0 0 0 0.333333 0 0 0 
ATATTAAT 0.166667 0 0 0.333333 0 0 0 0 0 0 0 0 0.333333 0 0 0.166667 0.2 0 0 0.2 0 0 0 0 0 0 0 0 0.2 0 0 0.4 0.25 0 0 0.25 0 0 0 0 0 0 0 0 0.25 0 0 0.25 0.333333 0 0 0.333333 0 0 0 0 0 0 0 0 0.333333 0 0 0 
ATATTTAA 0.166667 0 0 0.166667 0 0 0 0 0 0 0 0 0.333333 0 0 0.333333 0 0 0 0.4 0 0 0 0 0 0 0 0 0.4 0 0 0.2 0.25 0 0 0.25 0 0 0 0 0 0 0 0 0.25 0 0 0.25 0.333333 0 0 0.333333 0 0 0 0 0 0 0 0 0.333333 0 0 0 
ATATTTTA 0.166667 0 0 0.166667 0 0 0 0 0 0 0 0 0.166667 0 0 0.5 0 0 0 0.4 0 0 0 0 0 0 0 0 0.2 0 0 0.4 0 0 0 0.5 0 0 0 0 0 0 0 0 0.25 0 0 0.25 0.333333 0 0 0.333333 0 0 0 0 0 0 0 0 0 0 0 0.333333 
ATATTTTC 0.166667 0 0 0.166667 0 0 0 0 0 0 0 0 0 0.166667 0 0.5 0 0 0 0.4 0 0 0 0 0 0 0 0 0 0.2 0 0.4 0 0 0 0.5 0 0 0 0 0 0 0 0 0 0.25 0 0.25 0 0.333333 0 0.333333 0 0 0 0 0 0 0 0 0 0 0 0.333333 
ATTAAAAT 0.333333 0 0 0.333333 0 0 0 0 0 0 0 0 0.333333 0 0 0 0.4 0 0 0.2 0 0 0 0 0 0 0 0 0.4 0 0 0 0.25 0 0 0.25 0 0 0 0 0 0 0 0 0.5 0 0 0 0.333333 0 0 0 0 0 0 0 0 0 0 0 0.333333 0 0 0.333333 
ATTAAATA 0.333333 0 0 0.333333 0 0 0 0 0 0 0 0 0.333333 0 0 0 0.4 0 0 0.2 0 0 0 0 0 0 0 0 0.4 0 0 0 0.5 0 0 0 0 0 0 0 0 0 0 0 0.25 0 0 0.25 0.333333 0 0 0 0 0 0 0 0 0 0 0 0.333333 0 0 0.333333 
ATTAATAA 0.166667 0 0 0.333333 0 0 0 0 0 0 0 0 0.5 0 0 0 0.6 0 0 0 0 0 0 0 0 0 0 0 0.2 0 0 0.2 0.5 0 0 0 0 0 0 0 0 0 0 0 0.25 0 0 0.25 0 0 0 0.333333 0 0 0 0 0 0 0 0 0.666667 0 0 0 
ATTAATTA 0 0 0 0.5 0 0 0 0 0 0 0 0 0.5 0 0 0 0.4 0 0 0.2 0 0 0 0 0 0 0 0 0.2 0 0 0.2 0.5 0 0 0 0 0 0 0 0 0 0 0 0 0 0 0.5 0 0 0 0.333333 0 0 0 0 0 0 0 0 0.333333 0 0 0.333333 
ATTAATTC 0 0 0 0.5 0 0 0 0 0 0 0 0 0.333333 0.166667 0 0 0.2 0.2 0 0.2 0 0 0 0 0 0 0 0 0.2 0 0 0.2 0.25 0.25 0 0 0 0 0 0 0 0 0 0 0 0 0 0.5 0 0 0 0.333333 0 0 0 0 0 0 0 0 0 0.333333 0 0.333333 
ATTAATTG 0 0 0 0.5 0 0 0 0 0 0 0 0 0.333333 0 0.166667 0 0.2 0 0.2 0.2 0 0 0 0 0 0 0 0 0.2 0 0 0.2 0.25 0 0.25 0 0 0 0 0 0 0 0 0 0 0 0 0.5 0 0 0 0.333333 0 0 0 0 0 0 0 0 0 0 0.333333 0.333333 
ATTATAAT 0.166667 0 0 0.333333 0 0 0 0 0 0 0 0 0.333333 0 0 0.166667 0.4 0 0 0 0 0 0 0 0 0 0 0 0.2 0 0 0.4 0 0 0 0.5 0 0 0 0 0 0 0 0 0.5 0 0 0 0.333333 0 0 0 0 0 0 0 0 0 0 0 0.333333 0 0 0.333333 
ATTATTAA 0 0 0 0.333333 0 0 0 0 0 0 0 0 0.5 0 0 0.166667 0.4 0 0 0 0 0 0 0 0 0 0 0 0.2 0 0 0.4 0.25 0 0 0.25 0 0 0 0 0 0 0 0 0.25 0 0 0.25 0 0 0 0.333333 0 0 0 0 0 0 0 0 0.666667 0 0 0 
ATTATTCG 0 0 0 0.333333 0 0 0 0 0 0 0 0 0.166667 0.166667 0.166667 0.166667 0.2 0.2 0 0 0 0 0 0 0 0 0 0 0 0 0.2 0.4 0 0 0.25 0.25 0 0 0 0 0 0 0 0 0 0.25 0 0.25 0 0 0 0.333333 0 0 0 0 0 0 0 0 0 0.333333 0.333333 0 
ATTATTTA 0 0 0 0.333333 0 0 0 0 0 0 0 0 0.333333 0 0 0.333333 0.2 0 0 0.2 0 0 0 0 0 0 0 0 0.2 0 0 0.4 0.25 0 0 0.25 0 0 0 0 0 0 0 0 0 0 0 0.5 0 0 0 0.333333 0 0 0 0 0 0 0 0 0.333333 0 0 0.333333 
ATTATTTC 0 0 0 0.333333 0 0 0 0 0 0 0 0 0.166667 0.166667 0 0.333333 0.2 0 0 0.2 0 0 0 0 0 0 0 0 0 0.2 0 0.4 0 0.25 0 0.25 0 0 0 0 0 0 0 0 0 0 0 0.5 0 0 0 0.333333 0 0 0 0 0 0 0 0 0 0.333333 0 0.333333 
ATTATTTG 0 0 0 0.333333 0 0 0 0 0 0 0 0 0.166667 0 0.166667 0.333333 0.2 0 0 0.2 0 0 0 0 0 0 0 0 0 0 0.2 0.4 0 0 0.25 0.25 0 0 0 0 0 0 0 0 0 0 0 0.5 0 0 0 0.333333 0 0 0 0 0 0 0 0 0 0 0.333333 0.333333 
ATTTAAAA 0.333333 0 0 0.166667 0 0 0 0 0 0 0 0 0.333333 0 0 0.166667 0.2 0 0 0.2 0 0 0 0 0 0 0 0 0.6 0 0 0 0.25 0 0 0 0 0 0 0 0 0 0 0 0.75 0 0 0 0.333333 0 0 0 0 0 0 0 0 0 0 0 0.666667 0 0 0 
ATTTAAAT 0.166667 0 0 0.333333 0 0 0 0 0 0 0 0 0.333333 0 0 0.166667 0 0 0 0.4 0 0 0 0 0 0 0 0 0.6 0 0 0 0.25 0 0 0 0 0 0 0 0 0 0 0 0.5 0 0 0.25 0.333333 0 0 0 0 0 0 0 0 0 0 0 0.333333 0 0 0.333333 
ATTTAATA 0.166667 0 0 0.333333 0 0 0 0 0 0 0 0 0.333333 0 0 0.166667 0.2 0 0 0.2 0 0 0 0 0 0 0 0 0.4 0 0 0.2 0.25 0 0 0 0 0 0 0 0 0 0 0 0.5 0 0 0.25 0.333333 0 0 0 0 0 0 0 0 0 0 0 0.333333 0 0 0.333333 
ATTTAATC 0 0.166667 0 0.333333 0 0 0 0 0 0 0 0 0.333333 0 0 0.166667 0 0.2 0 0.2 0 0 0 0 0 0 0 0 0.4 0 0 0.2 0.25 0 0 0 0 0 0 0 0 0 0 0 0.25 0.25 0 0.25 0.333333 0 0 0 0 0 0 0 0 0 0 0 0 0.333333 0 0.333333 
ATTTATTA 0 0 0 0.333333 0 0 0 0 0 0 0 0 0.333333 0 0 0.333333 0.2 0 0 0.2 0 0 0 0 0 0 0 0 0.2 0 0 0.4 0.25 0 0 0 0 0 0 0 0 0 0 0 0.25 0 0 0.5 0 0 0 0.333333 0 0 0 0 0 0 0 0 0.333333 0 0 0.333333 
ATTTATTC 0 0 0 0.333333 0 0 0 0 0 0 0 0 0.166667 0.166667 0 0.333333 0 0.2 0 0.2 0 0 0 0 0 0 0 0 0.2 0 0 0.4 0.25 0 0 0 0 0 0 0 0 0 0 0 0 0.25 0 0.5 0 0 0 0.333333 0 0 0 0 0 0 0 0 0 0.333333 0 0.333333 
ATTTTAAA 0.166667 0 0 0.166667 0 0 0 0 0 0 0 0 0.333333 0 0 0.333333 0 0 0 0.2 0 0 0 0 0 0 0 0 0.6 0 0 0.2 0 0 0 0.25 0 0 0 0 0 0 0 0 0.75 0 0 0 0.333333 0 0 0 0 0 0 0 0 0 0 0 0.666667 0 0 0 
ATTTTCCG 0 0 0 0.166667 0 0 0.166667 0 0 0 0 0 0 0.333333 0 0.333333 0 0 0 0.2 0 0 0 0 0 0 0 0 0 0.4 0.2 0.2 0 0 0 0.25 0 0 0 0 0 0 0 0 0 0.5 0.25 0 0 0.333333 0 0 0 0 0 0 0 0 0 0 0 0.333333 0.333333 0 
ATTTTTTA 0 0 0 0.166667 0 0 0 0 0 0 0 0 0.166667 0 0 0.666667 0 0 0 0.2 0 0 0 0 0 0 0 0 0.2 0 0 0.6 0 0 0 0.25 0 0 0 0 0 0 0 0 0.25 0 0 0.5 0 0 0 0.333333 0 0 0 0 0 0 0 0 0.333333 0 0 0.333333 
ATTTTTTC 0 0 0 0.166667 0 0 0 0 0 0 0 0 0 0.166667 0 0.666667 0 0 0 0.2 0 0 0 0 0 0 0 0 0 0.2 0 0.6 0 0 0 0.25 0 0 0 0 0 0 0 0 0 0.25 0 0.5 0 0 0 0.333333 0 0 0 0 0 0 0 0 0 0.333333 0 0.333333 
CAAAAATA 0.666667 0 0 0.166667 0.166667 0 0 0 0 0 0 0 0 0 0 0 0.6 0 0 0.2 0.2 0 0 0 0 0 0 0 0 0 0 0 0.5 0 0 0.25 0.25 0 0 0 0 0 0 0 0 0 0 0 0.333333 0 0 0.333333 0.333333 0 0 0 0 0 0 0 0 0 0 0 
CAAAATTA 0.333333 0 0 0.333333 0.166667 0 0 0 0 0 0 0 0.166667 0 0 0 0.4 0 0 0.4 0.2 0 0 0 0 0 0 0 0 0 0 0 0.25 0 0 0.5 0.25 0 0 0 0 0 0 0 0 0 0 0 0.333333 0 0 0.333333 0 0 0 0.333333 0 0 0 0 0 0 0 0 
CAATAAAA 0.5 0 0 0.166667 0.166667 0 0 0 0 0 0 0 0.166667 0 0 0 0.6 0 0 0 0 0 0 0.2 0 0 0 0 0.2 0 0 0 0.5 0 0 0 0.25 0 0 0 0 0 0 0 0.25 0 0 0 0.666667 0 0 0 0.333333 0 0 0 0 0 0 0 0 0 0 0 
GAAAAAAA 0.833333 0 0 0 0 0 0 0 0.166667 0 0 0 0 0 0 0 0.8 0 0 0 0 0 0 0 0.2 0 0 0 0 0 0 0 0.75 0 0 0 0 0 0 0 0.25 0 0 0 0 0 0 0 0.666667 0 0 0 0 0 0 0 0.333333 0 0 0 0 0 0 0 
GAAAAATA 0.666667 0 0 0.166667 0 0 0 0 0.166667 0 0 0 0 0 0 0 0.6 0 0 0.2 0 0 0 0 0.2 0 0 0 0 0 0 0 0.5 0 0 0.25 0 0 0 0 0.25 0 0 0 0 0 0 0 0.333333 0 0 0.333333 0 0 0 0 0.333333 0 0 0 0 0 0 0 
GAAAATAA 0.5 0 0 0.166667 0 0 0 0 0.166667 0 0 0 0.166667 0 0 0 0.6 0 0 0.2 0 0 0 0 0.2 0 0 0 0 0 0 0 0.5 0 0 0.25 0 0 0 0 0.25 0 0 0 0 0 0 0 0.666667 0 0 0 0 0 0 0 0 0 0 0.333333 0 0 0 0 
GAAAATTA 0.333333 0 0 0.333333 0 0 0 0 0.166667 0 0 0 0.166667 0 0 0 0.4 0 0 0.4 0 0 0 0 0.2 0 0 0 0 0 0 0 0.25 0 0 0.5 0 0 0 0 0.25 0 0 0 0 0 0 0 0.333333 0 0 0.333333 0 0 0 0 0 0 0 0.333333 0 0 0 0 
GAAATAAA 0.5 0 0 0.166667 0 0 0 0 0.166667 0 0 0 0.166667 0 0 0 0.4 0 0 0.2 0 0 0 0 0.2 0 0 0 0.2 0 0 0 0.75 0 0 0 0 0 0 0 0 0 0 0.25 0 0 0 0 0.666667 0 0 0 0 0 0 0 0.333333 0 0 0 0 0 0 0 
GAAATATA 0.5 0 0 0.166667 0 0 0 0 0.166667 0 0 0 0 0 0 0.166667 0.2 0 0 0.4 0 0 0 0 0.2 0 0 0 0.2 0 0 0 0.5 0 0 0.25 0 0 0 0 0 0 0 0.25 0 0 0 0 0.333333 0 0 0.333333 0 0 0 0 0.333333 0 0 0 0 0 0 0 
GAAATTAA 0.166667 0 0 0.333333 0 0 0 0 0.166667 0 0 0 0.333333 0 0 0 0.2 0 0 0.4 0 0 0 0 0.2 0 0 0 0.2 0 0 0 0.5 0 0 0.25 0 0 0 0 0 0 0 0.25 0 0 0 0 0.666667 0 0 0 0 0 0 0 0 0 0 0.333333 0 0 0 0 
GAATAATA 0.333333 0 0 0.333333 0 0 0 0 0.166667 0 0 0 0.166667 0 0 0 0.6 0 0 0 0 0 0 0 0 0 0 0.2 0 0 0 0.2 0.25 0 0 0.25 0 0 0 0 0.25 0 0 0 0.25 0 0 0 0.333333 0 0 0.333333 0 0 0 0 0.333333 0 0 0 0 0 0 0 
GAATATTA 0.166667 0 0 0.333333 0 0 0 0 0.166667 0 0 0 0.166667 0 0 0.166667 0.4 0 0 0.2 0 0 0 0 0 0 0 0.2 0 0 0 0.2 0 0 0 0.5 0 0 0 0 0.25 0 0 0 0.25 0 0 0 0.333333 0 0 0.333333 0 0 0 0 0 0 0 0.333333 0 0 0 0 
GAATATTC 0.166667 0 0 0.333333 0 0 0 0 0.166667 0 0 0 0 0.166667 0 0.166667 0.2 0.2 0 0.2 0 0 0 0 0 0 0 0.2 0 0 0 0.2 0 0 0 0.5 0 0 0 0 0.25 0 0 0 0 0.25 0 0 0 0.333333 0 0.333333 0 0 0 0 0 0 0 0.333333 0 0 0 0 
GATAAATA 0.5 0 0 0.166667 0 0 0 0 0 0 0 0.166667 0.166667 0 0 0 0.4 0 0 0.2 0 0 0 0 0.2 0 0 0 0.2 0 0 0 0.5 0 0 0 0 0 0 0 0.25 0 0 0 0 0 0 0.25 0 0 0 0.333333 0 0 0 0 0.333333 0 0 0 0.333333 0 0 0 
GATAATTA 0.166667 0 0 0.333333 0 0 0 0 0 0 0 0.166667 0.333333 0 0 0 0.4 0 0 0.2 0 0 0 0 0.2 0 0 0 0 0 0 0.2 0.25 0 0 0.25 0 0 0 0 0.25 0 0 0 0 0 0 0.25 0 0 0 0.333333 0 0 0 0 0 0 0 0.333333 0.333333 0 0 0 
GATATTTA 0.166667 0 0 0.166667 0 0 0 0 0 0 0 0.166667 0.166667 0 0 0.333333 0 0 0 0.4 0 0 0 0 0.2 0 0 0 0.2 0 0 0.2 0.25 0 0 0.25 0 0 0 0 0 0 0 0.25 0 0 0 0.25 0 0 0 0.333333 0 0 0 0 0 0 0 0.333333 0.333333 0 0 0 
GGAAAATA 0.5 0 0 0.166667 0 0 0 0 0.333333 0 0 0 0 0 0 0 0.4 0 0 0.2 0 0 0 0 0.4 0 0 0 0 0 0 0 0.25 0 0 0.25 0 0 0 0 0.5 0 0 0 0 0 0 0 0.333333 0 0 0 0 0 0 0 0.333333 0 0 0.333333 0 0 0 0 
GGAAATTA 0.166667 0 0 0.333333 0 0 0 0 0.333333 0 0 0 0.166667 0 0 0 0.2 0 0 0.4 0 0 0 0 0.4 0 0 0 0 0 0 0 0.25 0 0 0.25 0 0 0 0 0.25 0 0 0.25 0 0 0 0 0.333333 0 0 0 0 0 0 0 0 0 0 0.666667 0 0 0 0 
GTTAAATA 0.333333 0 0 0.166667 0 0 0 0 0 0 0 0.166667 0.333333 0 0 0 0.2 0 0 0.2 0 0 0 0 0.2 0 0 0 0.4 0 0 0 0.25 0 0 0 0 0 0 0 0.25 0 0 0 0.25 0 0 0.25 0 0 0 0 0 0 0 0 0.333333 0 0 0 0.333333 0 0 0.333333 
TAAAAAAA 0.833333 0 0 0 0 0 0 0 0 0 0 0 0.166667 0 0 0 0.8 0 0 0 0 0 0 0 0 0 0 0 0.2 0 0 0 0.75 0 0 0 0 0 0 0 0 0 0 0 0.25 0 0 0 0.666667 0 0 0 0 0 0 0 0 0 0 0 0.333333 0 0 0 
TAAAAATA 0.666667 0 0 0.166667 0 0 0 0 0 0 0 0 0.166667 0 0 0 0.6 0 0 0.2 0 0 0 0 0 0 0 0 0.2 0 0 0 0.5 0 0 0.25 0 0 0 0 0 0 0 0 0.25 0 0 0 0.333333 0 0 0.333333 0 0 0 0 0 0 0 0 0.333333 0 0 0 
TAAAATAA 0.5 0 0 0.166667 0 0 0 0 0 0 0 0 0.333333 0 0 0 0.6 0 0 0.2 0 0 0 0 0 0 0 0 0.2 0 0 0 0.5 0 0 0.25 0 0 0 0 0 0 0 0 0.25 0 0 0 0.666667 0 0 0 0 0 0 0 0 0 0 0 0 0 0 0.333333 
TAAAATTA 0.333333 0 0 0.333333 0 0 0 0 0 0 0 0 0.333333 0 0 0 0.4 0 0 0.4 0 0 0 0 0 0 0 0 0.2 0 0 0 0.25 0 0 0.5 0 0 0 0 0 0 0 0 0.25 0 0 0 0.333333 0 0 0.333333 0 0 0 0 0 0 0 0 0 0 0 0.333333 
TAAATAAA 0.5 0 0 0.166667 0 0 0 0 0 0 0 0 0.333333 0 0 0 0.4 0 0 0.2 0 0 0 0 0 0 0 0 0.4 0 0 0 0.75 0 0 0 0 0 0 0 0 0 0 0 0 0 0 0.25 0.666667 0 0 0 0 0 0 0 0 0 0 0 0.333333 0 0 0 
TAAATATA 0.5 0 0 0.166667 0 0 0 0 0 0 0 0 0.166667 0 0 0.166667 0.2 0 0 0.4 0 0 0 0 0 0 0 0 0.4 0 0 0 0.5 0 0 0.25 0 0 0 0 0 0 0 0 0 0 0 0.25 0.333333 0 0 0.333333 0 0 0 0 0 0 0 0 0.333333 0 0 0 
TAAATTAA 0.166667 0 0 0.333333 0 0 0 0 0 0 0 0 0.5 0 0 0 0.2 0 0 0.4 0 0 0 0 0 0 0 0 0.4 0 0 0 0.5 0 0 0.25 0 0 0 0 0 0 0 0 0 0 0 0.25 0.666667 0 0 0 0 0 0 0 0 0 0 0 0 0 0 0.333333 
TAAATTTA 0.166667 0 0 0.333333 0 0 0 0 0 0 0 0 0.333333 0 0 0.166667 0 0 0 0.6 0 0 0 0 0 0 0 0 0.4 0 0 0 0.25 0 0 0.5 0 0 0 0 0 0 0 0 0 0 0 0.25 0.333333 0 0 0.333333 0 0 0 0 0 0 0 0 0 0 0 0.333333 
TAATAAAA 0.5 0 0 0.166667 0 0 0 0 0 0 0 0 0.333333 0 0 0 0.6 0 0 0 0 0 0 0 0 0 0 0 0.2 0 0 0.2 0.5 0 0 0 0 0 0 0 0 0 0 0 0.5 0 0 0 0.666667 0 0 0 0 0 0 0 0 0 0 0 0.333333 0 0 0 
TAATAATA 0.333333 0 0 0.333333 0 0 0 0 0 0 0 0 0.333333 0 0 0 0.6 0 0 0 0 0 0 0 0 0 0 0 0 0 0 0.4 0.25 0 0 0.25 0 0 0 0 0 0 0 0 0.5 0 0 0 0.333333 0 0 0.333333 0 0 0 0 0 0 0 0 0.333333 0 0 0 
TAATATTA 0.166667 0 0 0.333333 0 0 0 0 0 0 0 0 0.333333 0 0 0.166667 0.4 0 0 0.2 0 0 0 0 0 0 0 0 0 0 0 0.4 0 0 0 0.5 0 0 0 0 0 0 0 0 0.5 0 0 0 0.333333 0 0 0.333333 0 0 0 0 0 0 0 0 0 0 0 0.333333 
TAATTAAA 0.166667 0 0 0.333333 0 0 0 0 0 0 0 0 0.5 0 0 0 0.2 0 0 0.2 0 0 0 0 0 0 0 0 0.4 0 0 0.2 0.5 0 0 0 0 0 0 0 0 0 0 0 0.25 0 0 0.25 0.666667 0 0 0 0 0 0 0 0 0 0 0 0.333333 0 0 0 
TAATTATA 0.166667 0 0 0.333333 0 0 0 0 0 0 0 0 0.333333 0 0 0.166667 0.2 0 0 0.2 0 0 0 0 0 0 0 0 0.2 0 0 0.4 0.25 0 0 0.25 0 0 0 0 0 0 0 0 0.25 0 0 0.25 0.333333 0 0 0.333333 0 0 0 0 0 0 0 0 0.333333 0 0 0 
TAATTTAA 0 0 0 0.333333 0 0 0 0 0 0 0 0 0.5 0 0 0.166667 0 0 0 0.4 0 0 0 0 0 0 0 0 0.4 0 0 0.2 0.25 0 0 0.25 0 0 0 0 0 0 0 0 0.25 0 0 0.25 0.666667 0 0 0 0 0 0 0 0 0 0 0 0 0 0 0.333333 
TATAAATA 0.5 0 0 0.166667 0 0 0 0 0 0 0 0 0.166667 0 0 0.166667 0.4 0 0 0.2 0 0 0 0 0 0 0 0 0.4 0 0 0 0.5 0 0 0 0 0 0 0 0 0 0 0 0.25 0 0 0.25 0 0 0 0.333333 0 0 0 0 0 0 0 0 0.666667 0 0 0 
TATTAATA 0.166667 0 0 0.333333 0 0 0 0 0 0 0 0 0.333333 0 0 0.166667 0.4 0 0 0 0 0 0 0 0 0 0 0 0.2 0 0 0.4 0.25 0 0 0 0 0 0 0 0 0 0 0 0.5 0 0 0.25 0 0 0 0.333333 0 0 0 0 0 0 0 0 0.666667 0 0 0 
TATTTAAA 0.166667 0 0 0.166667 0 0 0 0 0 0 0 0 0.333333 0 0 0.333333 0 0 0 0.2 0 0 0 0 0 0 0 0 0.6 0 0 0.2 0.25 0 0 0 0 0 0 0 0 0 0 0 0.5 0 0 0.25 0.333333 0 0 0 0 0 0 0 0 0 0 0 0.666667 0 0 0 
TATTTTAA 0 0 0 0.166667 0 0 0 0 0 0 0 0 0.333333 0 0 0.5 0 0 0 0.2 0 0 0 0 0 0 0 0 0.4 0 0 0.4 0 0 0 0.25 0 0 0 0 0 0 0 0 0.5 0 0 0.25 0.333333 0 0 0 0 0 0 0 0 0 0 0 0.333333 0 0 0.333333 
TTAAATAA 0.333333 0 0 0.166667 0 0 0 0 0 0 0 0 0.5 0 0 0 0.4 0 0 0.2 0 0 0 0 0 0 0 0 0.4 0 0 0 0.5 0 0 0 0 0 0 0 0 0 0 0 0.25 0 0 0.25 0.333333 0 0 0 0 0 0 0 0 0 0 0 0.333333 0 0 0.333333 
TTAATAAA 0.333333 0 0 0.166667 0 0 0 0 0 0 0 0 0.5 0 0 0 0.4 0 0 0 0 0 0 0 0 0 0 0 0.4 0 0 0.2 0.5 0 0 0 0 0 0 0 0 0 0 0 0.25 0 0 0.25 0.333333 0 0 0 0 0 0 0 0 0 0 0 0.666667 0 0 0 
TTAATTAA 0 0 0 0.333333 0 0 0 0 0 0 0 0 0.666667 0 0 0 0.2 0 0 0.2 0 0 0 0 0 0 0 0 0.4 0 0 0.2 0.5 0 0 0 0 0 0 0 0 0 0 0 0 0 0 0.5 0.333333 0 0 0 0 0 0 0 0 0 0 0 0.333333 0 0 0.333333 
TTATTAAA 0.166667 0 0 0.166667 0 0 0 0 0 0 0 0 0.5 0 0 0.166667 0.2 0 0 0 0 0 0 0 0 0 0 0 0.4 0 0 0.4 0.25 0 0 0 0 0 0 0 0 0 0 0 0.5 0 0 0.25 0.333333 0 0 0 0 0 0 0 0 0 0 0 0.666667 0 0 0 
