0.48574113
0.49099627
0.492806366
0.461072885
0.491515134
0.489358981
0.472252749
0.467633958
0.485795892
0.450645303
0.488013617
0.478361013
0.457542261
0.485812828
0.491238653
0.489292038
0.474099027
0.463650212
0.493828167
0.48711953
0.466886822
0.486056499
0.450023893
0.453278435
0.48430267
0.47117144
0.482842708
0.478241196
0.496093421
0.480790309
0.460533231
0.48950635
0.467393497
0.487621721
0.468621596
0.487412573
0.480200254
0.451302662
0.492383212
0.465127456
0.460045553
0.452596344
0.49156938
0.458692666
0.47780505
0.461581594
0.470549822
0.471826686
0.461901015
0.45010582
0.46914498
0.481662871
0.483147504
0.464995363
0.488687783
0.46187723
0.479422492
0.487248203
0.47145099
0.463390574
0.460174231
0.459436216
0.470848457
0.473924988
0.482279868
0.457229455
0.45325033
0.451438992
0.482073458
0.473587027
0.461764909
0.470249967
0.487147021
0.488996937
0.478720736
0.496646023
0.463352286
0.477748316
0.484181354
0.475071804
0.473195088
0.469738959
0.480728479
0.454491641
0.461889773
0.456766558
0.46988529
0.457210436
0.452795031
0.48208612
0.452329526
0.466406228
0.469211901
0.478560568
0.476612518
0.463681441
0.465922847
0.463972169
0.455288609
0.454210266
0.467159439
0.482653663
0.481548728
0.467564942
0.472000573
0.4748124
0.465320251
0.462416349
0.480590062
0.456623186
0.483690926
0.45342177
0.475474041
0.47964082
0.464132543
0.458071548
0.455596034
0.458361204
0.463361154
0.474191282
0.467691888
0.452973688
0.479794423
0.479308193
0.465330965
0.47267616
0.469708312
0.474862637
0.490593294
0.478027599
0.469022793
0.454592511
0.480305492
0.464812249
0.457809738
0.45453194
0.479404461
0.473130097
0.474299663
0.45035862
0.452890588
0.461651859
0.458575298
0.45109797
0.451311577
0.471542045
0.454502259
0.452610007
0.457879461
0.47883702
0.47693994
0.450040752
0.451961924
0.473273786
0.467093631
0.45506657
0.453366143
0.473578725
0.464506984
0.458079523
0.480090469
0.453318362
0.470960018
0.454151868
0.457584888
0.456055198
0.451342008
0.459240345
0.45738737
0.465208433
0.455044279
0.456182387
0.458846858
0.453843343
0.461682776
0.452058683
0.465946738
0.47884647
0.476733506
0.477561058
0.476858267
0.457208264
0.475981142
0.462422541
0.46271977
0.455676553
0.480485547
0.465704592
0.471740536
0.451797308
0.457392765
0.47130916
0.465349484
0.460373026
0.459225429
0.472478379
0.459677918
0.485821234
0.460774009
0.469300899
0.477363196
0.47938912
0.481989861
0.45621636
0.476971633
0.476462626
0.483388884
0.478913881
0.455789491
0.455995204
0.488713571
0.483353991
0.47391267
0.48941278
0.479540017
0.455883293
0.48745617
0.450009593
0.46779722
0.478914553
0.451582391
0.492628722
0.477437839
0.495680996
0.475051958
0.473649751
0.48163336
0.46873851
0.490193885
0.48017681
0.492614617
0.455533237
0.4601063
0.451097788
0.493957124
0.453107059
0.457980282
0.480126042
0.478230505
0.485281108
0.459575927
0.486616526
0.469668633
0.480327738
0.487677864
0.471338622
0.464176098
0.462527575
0.488402531
0.474060889
0.489761174
0.469321605
0.45542253
0.482910133
0.468221415
0.458147064
0.465283087
0.454480953
0.488350653
0.484559019
0.468815941
0.49319804
0.47194214
0.457889043
0.488625175
0.47141761
0.467803303
0.473381927
0.473651843
0.459942674
0.453795417
0.470469753
0.463449661
0.475447178
0.464678237
0.451614491
0.454175326
0.465874215
0.470576776
0.478883879
0.481152887
0.47563666
0.471397863
0.463256342
0.475178631
0.452348173
0.475044221
0.454274382
0.483282194
0.47710083
0.461245077
0.47718254
0.466194001
0.464187702
0.479541313
0.470596698
0.464628999
0.461510207
0.485804038
0.46709457
0.48162946
0.471626727
0.456232879
0.465637002
0.473734951
0.455110067
0.48392451
0.467214255
0.460647959
0.467338129
0.480531854
0.471149798
0.456653229
0.477793074
0.461898976
0.466987994
0.456277077
0.466370838
0.4643239
0.470126979
0.46097522
0.457335944
0.471147297
0.459948317
0.461993072
0.469082218
0.453583537
0.457673226
0.475210668
0.452770788
0.458875436
0.473644402
0.451856835
0.450739667
0.460175195
0.454906331
0.455952878
0.453436544
0.456140351
0.456255448
0.478864041
0.46584331
0.482779936
0.455946391
0.480359244
0.465782465
0.459713273
0.460803002
0.483349313
0.4795763
0.455597627
0.471075195
0.451919361
0.454694166
0.475745732
0.454511986
0.482116499
0.464295689
0.485101736
0.457333123
