0.366277541
0.390506084
0.433251544
0.385455337
0.358283147
0.446916708
0.440068715
0.392361012
0.475108182
0.359987924
0.481933682
0.449917621
0.436790432
0.378981877
0.369060078
0.414159203
0.385747711
0.352689026
0.385365051
0.456988703
0.456163832
0.456909326
0.36773
0.371843283
0.467544572
0.389850177
0.476631578
0.36063445
0.443549361
0.41998736
0.433593684
0.486106796
0.433737547
0.487989208
0.374399584
0.356422965
0.407442814
0.400873
0.35663803
0.356529059
0.352823448
0.380298371
0.397046392
0.393854849
0.352387298
0.415259479
0.391138091
0.453533292
0.490848361
0.460229446
0.492020245
0.392643263
0.465139425
0.397945872
0.434380128
0.360017882
0.45701963
0.475747383
0.431993905
0.398316896
0.394112911
0.434658348
0.433492468
0.356410646
0.37684915
0.358034723
0.37565657
0.40911059
0.352805525
0.355224166
0.374404651
0.355626464
0.361888836
0.361800413
0.371188405
0.35084365
0.36526707
0.380332893
0.352426158
0.352227161
0.358794851
0.388545336
0.357381886
0.367656899
0.375943937
0.371553835
0.402878023
0.356340357
0.362453462
0.398668444
0.354683492
0.366705243
0.379926562
0.383628359
0.364075968
0.368944595
0.392154051
0.350273003
0.426127945
0.426162722
0.464149755
0.405795757
0.419707372
0.44058867
0.429767538
0.413416033
0.414056599
0.431058107
0.436647919
0.37853765
0.368818557
0.391788687
0.420404272
0.450204401
0.463627721
0.454236183
0.393258996
0.391262786
0.361805522
0.433371571
0.4557966
0.471908904
0.358496826
0.375411191
0.464211036
0.367358157
0.460457063
0.442359364
0.442115578
0.354217626
0.414705586
0.455403661
0.46413656
0.438227141
0.369943592
0.388910133
0.437019688
0.40797753
0.43175211
0.416660028
0.427630478
0.473278901
0.491441348
0.487946828
0.491327162
0.381536178
0.456388849
0.365276251
0.449245575
0.466778203
0.493242427
0.473508808
0.356511862
0.402629936
0.417014693
0.365924191
0.410491068
0.433523699
0.450082055
0.363313034
0.420272497
0.416944249
0.42230826
0.454182763
0.361894938
0.382558185
0.454165893
0.373295838
0.464253783
0.458075087
0.405631244
0.360337627
0.351990868
0.396759768
0.382442911
0.369408197
0.385355691
0.400174731
0.36488852
0.368561095
0.387363147
0.449793912
0.365444199
0.411676059
0.415914573
0.41722195
0.430700916
0.479644281
0.468624836
0.482781986
0.482101587
0.419400496
0.432190299
0.43479173
0.486340147
0.478924521
0.486990896
0.365969961
0.429034622
0.463797673
0.444426638
0.460588204
0.452686637
0.456597896
0.445300392
0.448311865
0.36636358
0.475953507
0.434653316
0.353250448
0.37188046
0.385437226
0.425923801
0.428636898
0.352211228
0.479323763
0.388091342
0.351650398
0.353227835
0.402992628
0.382268746
0.37267554
0.375874321
0.455312336
0.483139054
0.43966992
0.365303733
0.448621534
0.469835827
0.439345899
0.479034172
0.411334537
0.387784204
0.444075174
0.430219808
0.40529184
0.414495802
0.433981145
0.395109004
0.423181917
0.366722626
0.354012382
0.361441356
0.355111026
0.416832635
0.436961267
0.395918735
0.477302249
0.371432829
0.402052933
0.379384882
0.363748826
0.365781587
0.367803972
0.433798928
0.404271889
0.353503489
0.365687852
0.42001657
0.374446825
0.396789776
0.392694209
0.367844923
0.421557381
0.379140181
0.454242938
0.352978666
0.4323819
0.402823934
0.370684953
0.39735081
0.355637466
0.369607359
0.392173732
0.353981455
0.378240365
0.425478918
0.408337715
0.401007664
0.398395722
0.419718619
0.426870396
0.464577113
0.443689361
0.453911275
0.425123082
0.391566697
0.397678773
0.417273447
0.396449076
0.367018254
0.426636713
0.411553839
0.400425179
0.427689401
0.412292442
0.399464602
0.411429801
0.380463571
0.367721959
0.430859506
0.405776076
0.407607916
0.426435444
0.443577035
0.420767332
0.457337337
0.448115409
0.405554759
0.40980022
0.446875314
0.375005975
0.39259837
0.368519171
0.350031208
0.376611729
0.425153371
0.377908322
0.396762424
0.429494022
0.432050136
0.441480915
0.453197645
0.457272671
0.450207212
0.428915243
0.443892441
0.408523699
0.359983855
0.384000517
0.370400985
0.371570596
0.35758329
0.387614253
0.35909692
0.371620222
0.44498088
0.38438289
0.381065808
0.453493165
0.451877121
0.44250634
0.461821986
0.470144299
0.45814413
0.44679599
0.455588221
0.429310675
0.404952086
0.356899858
0.452485275
0.387869229
0.471583305
0.395134308
0.359415579
0.394106931
0.489214843
0.432043295
0.355277586
0.372272738
0.450753894
0.403279408
0.491897074
0.419389874
0.379113415
0.427704221
0.359641952
0.366452634
0.352471467
0.457849042
0.384037068
0.439077694
0.374623953
0.459232331
0.485118748
0.438517661
0.386336927
0.385776652
0.393128973
0.431544054
0.426697789
0.406954121
0.445849781
0.430009188
0.439691113
0.438407081
0.384464425
0.391655912
0.38738588
0.353201727
0.400926129
0.38013485
0.424729962
0.445086545
0.382254536
0.361083464
0.399073309
0.378715698
0.41692157
0.393670122
0.397119796
0.393720092
0.395734748
0.418633355
0.358659896
0.402993861
0.423277515
0.445683407
0.453392714
0.473046753
0.480072767
0.49061219
0.471932215
0.467165644
0.473382929
0.477671017
0.479126953
0.443642212
0.425051389
0.443937426
0.357296496
0.375883063
0.398288883
0.433444671
0.436971889
0.45802617
0.479087998
0.484777518
0.490661165
0.42748978
0.447044171
0.459498431
0.480768906
0.478742784
0.382844965
0.378317374
0.384334823
0.406903749
0.472131784
0.37469055
0.379187121
0.449048296
0.437108785
0.356205089
0.459971108
0.422007231
0.392521602
0.4037152
0.397614837
0.463649297
0.359655045
0.404735797
0.361075029
0.383865855
0.392306508
0.444117366
0.41536913
0.430858033
0.364739163
0.456280189
0.381592067
0.379881577
0.440848588
0.403065729
0.476978919
0.371688681
0.409149023
0.469807052
0.461686556
0.437217789
0.364142356
0.362722841
0.436137005
0.359463378
0.368750597
0.35638253
0.41624046
0.395303002
0.474844521
0.422501553
0.375583677
0.356750845
0.386249329
0.416400974
0.410209319
0.458866827
0.380629453
0.367266092
0.402194144
0.368861166
0.435755258
0.398262777
0.478592756
0.363300846
0.420416746
0.366456362
0.373088709
0.368238893
0.393954413
0.444670161
0.445790983
0.448286942
0.437245405
0.439860659
0.47262943
0.462538729
0.450625508
0.367080529
0.382990608
0.37677619
0.420598743
0.395387253
0.376723357
0.472325781
0.469456527
0.456404782
0.467568616
0.476323902
0.473987415
0.469660419
0.379552624
0.408160278
0.417624004
0.461630144
0.420449625
0.423209506
0.422164864
0.468718546
0.393776323
0.38730356
0.380030349
0.412007719
0.418402031
0.422005688
0.394096841
0.412807796
0.355899668
0.478941946
0.416572397
0.372974523
0.465638523
0.484993813
0.3921578
0.364123524
0.451136285
0.369012529
0.433146646
0.433254503
0.388769392
0.421686713
0.445828721
0.48897174
0.41348937
0.452670142
0.42621264
0.407150624
0.368348656
0.351556899
0.443859628
0.392473804
0.477117622
0.470512323
0.427194566
0.490671233
0.42452702
0.457250705
0.450710482
0.397791481
0.440063091
0.3594979
0.357459726
0.431201504
0.354362177
0.459363
0.357011674
0.402344772
0.383543383
0.350208987
0.39523498
0.400810855
0.36478067
0.389913235
0.378697909
0.419519993
0.383805474
0.412082413
0.350546235
0.402118232
0.368138168
0.385550935
0.358212699
0.36063445
