0.472644644
0.476638483
0.486831816
0.47754934
0.470475735
0.470758416
0.473455584
0.485527197
0.476986897
0.485624353
0.485789095
0.48208091
0.472511768
0.470065134
0.481898722
0.480153105
0.476659026
0.490158578
0.471970581
0.478804735
0.477439168
0.478889779
0.484598302
0.477879788
0.476542022
0.483766855
0.473043434
0.480157781
0.478160903
0.47454524
0.483469939
0.47893658
0.473545799
0.476453837
0.477829843
0.474558398
0.479620244
0.483756454
0.47345065
0.476675432
0.475489434
0.485958716
0.474622148
0.492532631
0.474339358
0.474215741
0.489396233
0.494374991
0.487669079
0.473537005
0.493582183
0.472036276
0.472981947
0.493560932
0.489850453
0.494079209
0.472881833
0.487345192
0.489287327
0.480882025
0.477028255
0.471329678
0.478059479
0.492467541
0.483055994
0.490283262
0.487003417
0.491689974
0.496249369
0.49092021
0.476093713
0.472034956
0.478416841
0.471717196
0.477893715
0.472721622
0.483721225
0.48892893
0.474074334
0.474615622
0.476017415
0.471025325
0.473687146
0.483608724
0.484711226
0.491988354
0.493078758
0.477812309
0.482024269
0.490985923
0.476986377
0.478845592
0.47048699
0.471803882
0.491261549
0.479756687
0.474109322
0.473446346
0.478787768
0.470077785
0.489380725
0.488388087
0.48332165
0.488422612
0.484884938
0.475119226
0.488576072
0.477668116
0.492327243
0.481325596
0.470072881
0.477869127
0.476994076
0.480155986
0.481885097
0.477621025
0.494688715
0.482721537
0.486504496
0.47854496
0.475018447
0.470672582
0.478098968
0.472079698
0.477019906
0.474930695
0.473164877
0.480066016
0.47382665
0.473608735
0.472967088
0.471437327
0.475844141
0.48127794
0.479555449
0.4809376
0.476533274
0.476487991
0.493486776
0.481897509
0.476777719
0.494846404
0.471358419
0.477153236
0.492004296
0.492636867
0.496153781
0.472907905
0.489511307
0.480594589
0.484238376
0.477837505
0.484197165
0.490493337
0.480245792
0.480545863
0.473321823
0.484147468
0.49363744
0.497511766
0.492647762
0.482326512
0.472044313
0.472776933
0.47044437
0.489003746
0.486046878
0.476940659
0.476117643
0.473270373
0.472155838
0.485348762
0.479467153
0.477414711
0.477454073
0.491122689
0.492926445
0.477919036
0.470713975
0.47147872
0.485582992
0.488913319
0.470349615
0.480727654
0.479008752
0.472483788
0.486985895
0.474803237
0.480335926
0.476288343
0.477273599
0.470067736
0.473320507
0.481417533
0.483633922
0.475755396
0.487932321
0.480776772
0.472553157
0.476197708
0.477366017
0.470665817
0.483868738
0.48593381
0.480336675
0.477761791
0.484963339
0.47879563
0.479972748
0.481758345
0.484249933
0.476206351
0.479955821
0.470444121
0.47397501
0.488054889
0.475380059
0.484481748
0.471732206
0.474076571
0.474138636
0.487428092
0.486146413
0.481569411
0.475195843
0.474910738
0.481654676
0.481553424
0.482849367
0.480931025
0.481910472
0.484590547
0.475023379
0.488535272
0.474545697
0.48150657
0.479181988
0.474561807
0.482533973
0.489609752
0.487831068
0.475443645
0.478722065
0.49355449
0.47962963
0.488705756
0.474007461
0.489203304
0.492861711
0.471009859
0.473426592
0.490432458
0.487266187
0.480620837
0.488481215
0.481353707
0.47853717
0.479264642
0.476701306
0.489755914
0.489412593
0.486811685
0.484613518
0.483014219
0.494544888
0.494881428
0.488905185
0.482938982
0.47494266
0.474949635
0.471478817
0.48295469
0.487099559
0.475688782
0.473426592
0.472336797
0.480748793
0.484892811
0.475450465
0.487287956
0.479955821
0.471159841
0.492451372
0.496088505
0.472693845
0.480535572
0.488503866
0.476950652
0.476694578
0.483042899
0.476466074
0.475125288
0.49079463
0.475089262
0.477831505
0.472567643
0.481859771
0.480425235
0.471750509
0.4888713
0.482765145
0.471252145
0.487821636
0.470216258
0.488938405
0.471723961
0.477304466
0.487828733
0.482000672
0.487717234
0.482536632
0.473872316
0.481267389
0.47948922
0.484311468
0.473859971
0.485234157
0.485262374
0.473639558
0.478208178
0.491414456
0.474039784
0.483888216
0.47427125
0.473722643
0.47987579
0.484735875
0.478064272
0.482234713
0.474729048
0.481344676
0.477066145
0.479100707
0.472456746
0.480970601
0.482735154
0.470079525
0.48219216
0.481151188
0.479401857
0.473194964
0.483050334
0.473258925
0.476265923
0.486035514
0.483484617
0.493826615
0.483044975
0.481651156
0.471758973
0.474187928
0.495112853
0.47584935
0.480004157
0.488134842
0.476232969
0.489486426
0.496292315
0.470435924
0.482192591
0.493446651
0.480939562
0.475825019
0.475781534
0.483167567
0.480375227
0.486386943
0.489840843
0.484110994
0.486784035
0.472136941
0.492708433
0.496602699
0.491334626
0.486021405
0.470607204
0.477615625
0.471846451
0.486201411
0.478518562
0.484962586
0.474463526
0.481317153
0.481374113
0.484356615
0.476518277
0.472195572
0.471687932
0.484283251
0.479161905
0.489419766
0.471390728
0.493295692
0.470341338
0.47710208
0.490440154
0.487618195
0.472761176
0.484668793
0.478909495
0.473757289
0.490694105
0.482026928
0.48428043
0.477650438
0.477546917
0.485220631
0.492611729
0.48375937
0.496222131
0.475894316
0.487206992
0.484513141
0.473645012
0.499036143
0.493966576
0.495234421
0.496503546
0.484900422
0.488909643
0.478769712
0.480877249
0.483250574
0.497597309
0.485578515
0.476211675
0.473820406
0.483816428
0.481121409
0.474727732
0.487938491
0.492567676
0.488911407
0.494731293
0.478860162
0.47548525
0.483885784
0.480706391
0.471174746
0.475954402
0.476285166
0.47768167
0.482274645
0.497880293
0.483183833
0.493903757
0.48880613
0.483627234
0.477755071
0.472657376
0.483916877
0.471319878
0.483525549
0.481154893
0.485986972
0.485447098
0.489510638
0.488679629
0.479622511
0.481840995
0.482557301
0.483439188
0.485152083
0.48138694
0.488080795
0.487840141
0.489162078
0.486516193
0.472092423
0.487786436
0.474433769
0.471007979
0.486610588
0.492108246
0.473554709
0.497713313
0.477567029
0.49121149
0.472115436
0.482136144
0.478755579
0.475898339
0.47116344
0.475978429
0.475365775
0.479883376
0.472028367
0.482987579
0.481185734
0.47679412
0.479606117
0.476533718
0.483029337
0.497020806
0.485940693
0.491915309
0.471511107
0.478704149
0.489014751
0.481080143
0.473647986
0.496211757
0.489028027
0.49261959
0.473848672
0.477801805
0.487970527
